0  0
1  0
2  0
3  0
4  0
5  0
6  0
7  0
8  0
9  0
10  0
11  0
12  0
13  0
14  0
15  0
16  0
17  0
18  0
19  0
20  0
21  0
22  0
23  0
24  0
25  0
26  0
27  0
28  0
29  0
30  0
31  0
32  0
33  0
34  0
35  0
36  0
37  0
38  0
39  0
40  0
41  0
42  0
43  0
44  0
45  0
46  0
47  0
48  0
49  0
50  0
51  0
52  0
53  0
54  0
55  0
56  0
57  0
58  0
59  0
60  0
61  0
62  0
63  0
64  0
65  0
66  0
67  0
68  0
69  0
70  0
71  0
72  0
73  0
74  0
75  0
76  0
77  0
78  0
79  0
80  0
81  0
82  0
83  0
84  0
85  0
86  0
87  0
88  0
89  0
90  0
91  0
92  0
93  0
94  0
95  0
96  0
97  0
98  0
99  0
100  0
101  0
102  0
103  0
104  0
105  0
106  0
107  0
108  0
109  0
110  0
111  0
112  0
113  0
114  0
115  0
116  0
117  0
118  0
119  0
120  0
121  0
122  0
123  0
124  0
125  0
126  0
127  0
128  0
129  0
130  0
131  0
132  0
133  0
134  0
135  0
136  0
137  0
138  0
139  0
140  0
141  0
142  0
143  0
144  0
145  0
146  0
147  0
148  0
149  0
150  0
151  0
152  0
153  0
154  0
155  0
156  0
157  0
158  0
159  0
160  0
161  0
162  0
163  0
164  0
165  0
166  2
167  1
168  2
169  4
170  8
171  10
172  7
173  8
174  11
175  11
176  11
177  7
178  13
179  11
180  11
181  10
182  14
183  11
184  12
185  11
186  7
187  14
188  11
189  10
190  7
191  16
192  12
193  8
194  6
195  8
196  8
197  10
198  6
199  4
200  6
201  10
202  14
203  4
204  20
205  18
206  37
207  48
208  81
209  118
210  154
211  220
212  322
213  376
214  489
215  572
216  638
217  711
218  772
219  879
220  893
221  909
222  869
223  923
224  892
225  863
226  830
227  886
228  822
229  826
230  875
231  760
232  741
233  768
234  793
235  735
236  791
237  728
238  706
239  747
240  740
241  753
242  733
243  724
244  670
245  685
246  666
247  669
248  691
249  673
250  703
251  680
252  658
253  672
254  632
255  657
256  621
257  610
258  631
259  603
260  630
261  609
262  573
263  588
264  600
265  564
266  595
267  571
268  579
269  493
270  583
271  515
272  538
273  541
274  498
275  516
276  552
277  491
278  501
279  528
280  525
281  474
282  526
283  500
284  489
285  475
286  496
287  432
288  458
289  447
290  480
291  457
292  407
293  425
294  439
295  420
296  395
297  426
298  432
299  434
300  411
301  395
302  412
303  417
304  381
305  413
306  387
307  442
308  390
309  397
310  394
311  364
312  372
313  418
314  344
315  431
316  397
317  383
318  370
319  364
320  397
321  380
322  386
323  343
324  345
325  384
326  380
327  329
328  360
329  335
330  388
331  343
332  365
333  345
334  329
335  355
336  348
337  363
338  378
339  345
340  351
341  336
342  324
343  355
344  343
345  344
346  362
347  324
348  330
349  326
350  313
351  328
352  347
353  325
354  323
355  355
356  325
357  349
358  306
359  327
360  300
361  321
362  295
363  324
364  297
365  324
366  302
367  294
368  336
369  302
370  310
371  301
372  317
373  300
374  273
375  267
376  297
377  300
378  292
379  281
380  288
381  290
382  270
383  303
384  266
385  252
386  275
387  319
388  273
389  293
390  267
391  266
392  326
393  258
394  297
395  280
396  283
397  255
398  303
399  266
400  295
401  280
402  254
403  238
404  299
405  300
406  311
407  287
408  271
409  305
410  285
411  262
412  260
413  275
414  285
415  254
416  242
417  302
418  284
419  267
420  272
421  261
422  287
423  270
424  266
425  283
426  253
427  259
428  274
429  259
430  269
431  260
432  252
433  247
434  242
435  247
436  241
437  257
438  270
439  266
440  232
441  240
442  247
443  261
444  271
445  224
446  271
447  243
448  264
449  240
450  220
451  267
452  225
453  231
454  267
455  242
456  240
457  217
458  237
459  230
460  231
461  243
462  245
463  237
464  233
465  245
466  244
467  225
468  252
469  243
470  212
471  242
472  221
473  233
474  226
475  219
476  234
477  202
478  236
479  231
480  216
481  221
482  208
483  246
484  219
485  204
486  220
487  216
488  203
489  246
490  250
491  255
492  209
493  215
494  222
495  238
496  206
497  236
498  233
499  239
500  223
501  210
502  189
503  239
504  215
505  230
506  221
507  217
508  230
509  229
510  211
511  231
512  209
513  241
514  219
515  198
516  181
517  198
518  224
519  213
520  220
521  197
522  207
523  198
524  192
525  204
526  216
527  223
528  200
529  194
530  198
531  174
532  197
533  185
534  238
535  189
536  197
537  195
538  200
539  181
540  194
541  197
542  182
543  185
544  191
545  185
546  189
547  186
548  170
549  192
550  164
551  173
552  168
553  168
554  185
555  187
556  173
557  161
558  172
559  141
560  176
561  161
562  163
563  153
564  168
565  167
566  163
567  147
568  155
569  159
570  124
571  148
572  156
573  162
574  172
575  158
576  143
577  154
578  146
579  136
580  140
581  174
582  157
583  137
584  142
585  133
586  146
587  153
588  125
589  152
590  135
591  140
592  149
593  168
594  149
595  127
596  122
597  136
598  164
599  150
600  133
601  145
602  153
603  139
604  149
605  123
606  134
607  132
608  149
609  136
610  130
611  140
612  134
613  129
614  127
615  134
616  138
617  126
618  137
619  131
620  117
621  113
622  131
623  129
624  112
625  125
626  107
627  119
628  118
629  121
630  112
631  110
632  112
633  93
634  108
635  93
636  100
637  91
638  106
639  96
640  102
641  109
642  99
643  92
644  81
645  96
646  83
647  85
648  78
649  67
650  68
651  78
652  80
653  75
654  79
655  69
656  81
657  81
658  72
659  63
660  80
661  63
662  78
663  82
664  56
665  63
666  47
667  66
668  63
669  48
670  47
671  62
672  40
673  36
674  40
675  56
676  44
677  49
678  38
679  46
680  45
681  41
682  35
683  34
684  29
685  34
686  36
687  34
688  19
689  34
690  23
691  27
692  33
693  26
694  19
695  20
696  21
697  26
698  25
699  24
700  19
701  19
702  25
703  22
704  25
705  15
706  20
707  18
708  15
709  10
710  23
711  16
712  18
713  16
714  16
715  14
716  17
717  16
718  17
719  16
720  13
721  17
722  15
723  17
724  15
725  13
726  16
727  12
728  9
729  8
730  15
731  10
732  14
733  17
734  17
735  12
736  14
737  10
738  10
739  15
740  18
741  6
742  11
743  8
744  14
745  11
746  9
747  12
748  14
749  8
750  9
751  15
752  9
753  13
754  3
755  14
756  4
757  9
758  10
759  12
760  11
761  9
762  17
763  8
764  9
765  17
766  15
767  11
768  10
769  12
770  2
771  9
772  5
773  8
774  9
775  8
776  6
777  11
778  11
779  10
780  3
781  11
782  12
783  9
784  9
785  8
786  5
787  8
788  17
789  8
790  10
791  9
792  7
793  8
794  2
795  3
796  8
797  7
798  7
799  10
800  13
801  6
802  7
803  10
804  9
805  12
806  5
807  8
808  3
809  16
810  9
811  5
812  9
813  8
814  6
815  8
816  12
817  11
818  9
819  11
820  0
821  9
822  9
823  5
824  3
825  10
826  5
827  5
828  7
829  7
830  6
831  12
832  14
833  4
834  9
835  4
836  3
837  9
838  7
839  7
840  4
841  7
842  5
843  5
844  5
845  12
846  7
847  6
848  6
849  11
850  6
851  7
852  6
853  9
854  5
855  9
856  7
857  6
858  5
859  6
860  3
861  5
862  8
863  6
864  6
865  5
866  3
867  5
868  3
869  4
870  7
871  3
872  5
873  2
874  7
875  4
876  4
877  2
878  4
879  11
880  7
881  5
882  6
883  4
884  6
885  5
886  9
887  5
888  5
889  3
890  0
891  9
892  3
893  1
894  4
895  5
896  2
897  3
898  9
899  2
900  2
901  3
902  4
903  3
904  4
905  8
906  3
907  2
908  2
909  3
910  3
911  6
912  2
913  1
914  5
915  2
916  4
917  1
918  4
919  1
920  1
921  4
922  1
923  1
924  0
925  4
926  4
927  2
928  2
929  0
930  6
931  5
932  2
933  3
934  7
935  6
936  3
937  1
938  2
939  1
940  1
941  2
942  3
943  3
944  3
945  4
946  1
947  4
948  0
949  5
950  0
951  2
952  2
953  1
954  6
955  2
956  2
957  2
958  6
959  2
960  3
961  1
962  2
963  2
964  2
965  2
966  4
967  1
968  4
969  2
970  4
971  0
972  5
973  2
974  3
975  2
976  3
977  4
978  2
979  4
980  3
981  3
982  1
983  3
984  2
985  1
986  1
987  2
988  3
989  3
990  4
991  3
992  1
993  2
994  3
995  1
996  3
997  4
998  0
999  2
1000  2
1001  1
1002  2
1003  4
1004  1
1005  1
1006  4
1007  0
1008  2
1009  1
1010  0
1011  1
1012  2
1013  2
1014  3
1015  3
1016  4
1017  2
1018  3
1019  3
1020  1
1021  3
1022  2
1023  3
1024  2
1025  4
1026  0
1027  1
1028  1
1029  0
1030  2
1031  2
1032  2
1033  3
1034  2
1035  3
1036  4
1037  0
1038  2
1039  1
1040  1
1041  3
1042  3
1043  0
1044  2
1045  1
1046  1
1047  3
1048  0
1049  0
1050  1
1051  1
1052  0
1053  0
1054  1
1055  1
1056  0
1057  1
1058  1
1059  1
1060  3
1061  0
1062  2
1063  2
1064  0
1065  0
1066  1
1067  0
1068  3
1069  0
1070  0
1071  0
1072  0
1073  0
1074  1
1075  1
1076  0
1077  2
1078  2
1079  5
1080  0
1081  0
1082  1
1083  0
1084  1
1085  1
1086  2
1087  1
1088  1
1089  1
1090  0
1091  2
1092  1
1093  4
1094  0
1095  2
1096  4
1097  1
1098  1
1099  0
1100  1
1101  0
1102  0
1103  0
1104  2
1105  2
1106  0
1107  4
1108  2
1109  1
1110  0
1111  0
1112  1
1113  1
1114  0
1115  1
1116  1
1117  0
1118  1
1119  1
1120  0
1121  0
1122  0
1123  0
1124  0
1125  1
1126  3
1127  1
1128  2
1129  1
1130  2
1131  2
1132  2
1133  2
1134  2
1135  1
1136  0
1137  3
1138  0
1139  0
1140  0
1141  0
1142  2
1143  1
1144  0
1145  2
1146  0
1147  2
1148  1
1149  1
1150  1
1151  2
1152  2
1153  2
1154  1
1155  0
1156  0
1157  1
1158  1
1159  0
1160  0
1161  0
1162  2
1163  1
1164  0
1165  1
1166  1
1167  0
1168  1
1169  1
1170  0
1171  1
1172  0
1173  1
1174  1
1175  1
1176  0
1177  0
1178  0
1179  1
1180  0
1181  1
1182  0
1183  0
1184  2
1185  1
1186  1
1187  1
1188  0
1189  1
1190  0
1191  2
1192  0
1193  2
1194  1
1195  0
1196  1
1197  1
1198  0
1199  0
1200  0
1201  0
1202  1
1203  0
1204  0
1205  0
1206  0
1207  0
1208  1
1209  0
1210  0
1211  0
1212  0
1213  1
1214  1
1215  0
1216  0
1217  2
1218  2
1219  1
1220  0
1221  1
1222  1
1223  2
1224  1
1225  0
1226  0
1227  2
1228  0
1229  0
1230  0
1231  0
1232  1
1233  1
1234  0
1235  0
1236  0
1237  1
1238  1
1239  1
1240  0
1241  0
1242  0
1243  0
1244  0
1245  0
1246  0
1247  0
1248  0
1249  0
1250  1
1251  0
1252  1
1253  2
1254  1
1255  0
1256  0
1257  2
1258  1
1259  0
1260  0
1261  2
1262  1
1263  1
1264  0
1265  2
1266  0
1267  0
1268  0
1269  1
1270  0
1271  1
1272  0
1273  0
1274  0
1275  0
1276  0
1277  1
1278  0
1279  0
1280  0
1281  1
1282  0
1283  2
1284  1
1285  0
1286  1
1287  1
1288  0
1289  1
1290  2
1291  0
1292  1
1293  0
1294  0
1295  0
1296  1
1297  0
1298  0
1299  0
1300  2
1301  1
1302  1
1303  1
1304  1
1305  0
1306  1
1307  2
1308  1
1309  1
1310  0
1311  0
1312  0
1313  0
1314  1
1315  1
1316  1
1317  1
1318  1
1319  1
1320  2
1321  1
1322  1
1323  1
1324  0
1325  1
1326  0
1327  1
1328  1
1329  0
1330  1
1331  2
1332  0
1333  2
1334  1
1335  0
1336  0
1337  1
1338  0
1339  2
1340  1
1341  1
1342  0
1343  0
1344  0
1345  1
1346  0
1347  1
1348  2
1349  1
1350  1
1351  1
1352  1
1353  1
1354  0
1355  2
1356  2
1357  2
1358  1
1359  0
1360  1
1361  0
1362  0
1363  0
1364  1
1365  0
1366  0
1367  1
1368  0
1369  1
1370  0
1371  0
1372  1
1373  1
1374  1
1375  1
1376  1
1377  0
1378  1
1379  3
1380  0
1381  0
1382  1
1383  1
1384  0
1385  3
1386  1
1387  0
1388  1
1389  2
1390  1
1391  0
1392  2
1393  0
1394  0
1395  0
1396  1
1397  2
1398  0
1399  0
1400  1
1401  0
1402  0
1403  0
1404  2
1405  0
1406  3
1407  3
1408  1
1409  3
1410  0
1411  1
1412  0
1413  2
1414  0
1415  0
1416  0
1417  0
1418  0
1419  1
1420  1
1421  0
1422  0
1423  1
1424  0
1425  1
1426  2
1427  1
1428  2
1429  0
1430  0
1431  0
1432  0
1433  1
1434  0
1435  1
1436  1
1437  0
1438  1
1439  2
1440  0
1441  1
1442  2
1443  1
1444  0
1445  2
1446  2
1447  1
1448  0
1449  0
1450  1
1451  2
1452  0
1453  1
1454  1
1455  1
1456  0
1457  1
1458  0
1459  1
1460  2
1461  3
1462  1
1463  0
1464  1
1465  1
1466  0
1467  1
1468  0
1469  0
1470  0
1471  1
1472  1
1473  0
1474  3
1475  0
1476  1
1477  0
1478  0
1479  2
1480  0
1481  0
1482  1
1483  1
1484  1
1485  1
1486  3
1487  1
1488  0
1489  0
1490  2
1491  0
1492  0
1493  1
1494  3
1495  1
1496  0
1497  1
1498  1
1499  0
1500  0
1501  0
1502  1
1503  1
1504  0
1505  1
1506  0
1507  0
1508  1
1509  1
1510  2
1511  0
1512  3
1513  0
1514  0
1515  0
1516  1
1517  1
1518  1
1519  4
1520  1
1521  0
1522  2
1523  0
1524  0
1525  2
1526  1
1527  2
1528  3
1529  0
1530  0
1531  0
1532  2
1533  1
1534  1
1535  1
1536  0
1537  0
1538  1
1539  0
1540  2
1541  2
1542  1
1543  0
1544  0
1545  1
1546  1
1547  1
1548  3
1549  1
1550  1
1551  0
1552  1
1553  0
1554  0
1555  1
1556  2
1557  0
1558  0
1559  0
1560  0
1561  0
1562  0
1563  1
1564  1
1565  0
1566  2
1567  0
1568  2
1569  0
1570  1
1571  2
1572  0
1573  0
1574  0
1575  1
1576  2
1577  2
1578  1
1579  1
1580  0
1581  2
1582  0
1583  1
1584  0
1585  1
1586  4
1587  1
1588  0
1589  0
1590  3
1591  1
1592  1
1593  0
1594  1
1595  0
1596  0
1597  0
1598  0
1599  0
1600  0
1601  0
1602  1
1603  2
1604  0
1605  0
1606  2
1607  2
1608  1
1609  0
1610  1
1611  0
1612  0
1613  0
1614  0
1615  2
1616  2
1617  1
1618  2
1619  0
1620  1
1621  2
1622  2
1623  1
1624  1
1625  0
1626  1
1627  0
1628  0
1629  0
1630  2
1631  1
1632  1
1633  0
1634  2
1635  1
1636  2
1637  0
1638  0
1639  0
1640  2
1641  1
1642  0
1643  0
1644  0
1645  1
1646  0
1647  0
1648  0
1649  2
1650  0
1651  3
1652  2
1653  0
1654  1
1655  0
1656  0
1657  1
1658  4
1659  0
1660  1
1661  2
1662  0
1663  0
1664  1
1665  1
1666  2
1667  2
1668  0
1669  1
1670  0
1671  0
1672  1
1673  0
1674  1
1675  3
1676  0
1677  3
1678  2
1679  0
1680  0
1681  1
1682  1
1683  1
1684  1
1685  1
1686  0
1687  3
1688  0
1689  0
1690  2
1691  1
1692  0
1693  1
1694  1
1695  1
1696  3
1697  2
1698  0
1699  0
1700  2
1701  0
1702  2
1703  1
1704  1
1705  1
1706  0
1707  0
1708  0
1709  1
1710  0
1711  1
1712  2
1713  1
1714  0
1715  1
1716  0
1717  0
1718  0
1719  0
1720  0
1721  1
1722  2
1723  1
1724  0
1725  0
1726  0
1727  0
1728  0
1729  0
1730  1
1731  2
1732  4
1733  0
1734  1
1735  0
1736  1
1737  1
1738  1
1739  0
1740  1
1741  2
1742  1
1743  1
1744  0
1745  0
1746  1
1747  0
1748  1
1749  1
1750  1
1751  0
1752  0
1753  1
1754  0
1755  0
1756  0
1757  1
1758  1
1759  1
1760  1
1761  0
1762  0
1763  0
1764  0
1765  0
1766  2
1767  1
1768  0
1769  1
1770  1
1771  0
1772  1
1773  0
1774  0
1775  1
1776  1
1777  1
1778  0
1779  0
1780  0
1781  1
1782  0
1783  0
1784  1
1785  1
1786  0
1787  0
1788  1
1789  1
1790  0
1791  1
1792  0
1793  1
1794  1
1795  0
1796  0
1797  0
1798  0
1799  0
1800  0
1801  2
1802  1
1803  0
1804  2
1805  4
1806  0
1807  0
1808  0
1809  1
1810  0
1811  0
1812  0
1813  2
1814  0
1815  1
1816  3
1817  0
1818  1
1819  0
1820  0
1821  2
1822  2
1823  1
1824  1
1825  0
1826  2
1827  1
1828  1
1829  2
1830  3
1831  1
1832  0
1833  2
1834  0
1835  0
1836  0
1837  1
1838  0
1839  1
1840  3
1841  1
1842  0
1843  1
1844  0
1845  2
1846  0
1847  1
1848  2
1849  1
1850  1
1851  0
1852  1
1853  0
1854  1
1855  0
1856  1
1857  0
1858  0
1859  1
1860  1
1861  0
1862  0
1863  0
1864  0
1865  1
1866  1
1867  2
1868  0
1869  2
1870  0
1871  2
1872  1
1873  1
1874  0
1875  1
1876  1
1877  0
1878  0
1879  1
1880  1
1881  3
1882  1
1883  1
1884  0
1885  3
1886  0
1887  0
1888  0
1889  1
1890  0
1891  0
1892  1
1893  1
1894  0
1895  1
1896  0
1897  1
1898  0
1899  0
1900  0
1901  2
1902  1
1903  3
1904  0
1905  2
1906  1
1907  2
1908  1
1909  0
1910  0
1911  0
1912  0
1913  0
1914  2
1915  1
1916  0
1917  0
1918  1
1919  0
1920  0
1921  1
1922  1
1923  1
1924  2
1925  0
1926  3
1927  1
1928  2
1929  0
1930  1
1931  1
1932  1
1933  1
1934  0
1935  1
1936  1
1937  1
1938  0
1939  1
1940  0
1941  0
1942  0
1943  0
1944  1
1945  1
1946  0
1947  2
1948  1
1949  0
1950  0
1951  1
1952  1
1953  1
1954  0
1955  1
1956  1
1957  0
1958  0
1959  0
1960  1
1961  0
1962  0
1963  0
1964  2
1965  0
1966  0
1967  0
1968  0
1969  0
1970  1
1971  0
1972  0
1973  1
1974  0
1975  0
1976  1
1977  0
1978  2
1979  0
1980  0
1981  2
1982  1
1983  2
1984  0
1985  0
1986  0
1987  0
1988  0
1989  0
1990  0
1991  1
1992  1
1993  1
1994  1
1995  1
1996  2
1997  1
1998  0
1999  2
2000  0
2001  0
2002  1
2003  1
2004  2
2005  1
2006  0
2007  0
2008  2
2009  1
2010  0
2011  1
2012  0
2013  2
2014  1
2015  2
2016  0
2017  0
2018  1
2019  1
2020  1
2021  1
2022  1
2023  1
2024  1
2025  1
2026  0
2027  0
2028  1
2029  1
2030  0
2031  1
2032  0
2033  1
2034  2
2035  0
2036  0
2037  0
2038  0
2039  1
2040  0
2041  1
2042  0
2043  1
2044  0
2045  0
2046  1
2047  0
2048  0
2049  0
2050  0
2051  1
2052  0
2053  0
2054  0
2055  0
2056  3
2057  0
2058  1
2059  2
2060  2
2061  1
2062  0
2063  1
2064  0
2065  1
2066  0
2067  1
2068  0
2069  1
2070  0
2071  0
2072  0
2073  1
2074  0
2075  0
2076  0
2077  0
2078  1
2079  0
2080  0
2081  0
2082  0
2083  0
2084  1
2085  0
2086  1
2087  0
2088  0
2089  0
2090  0
2091  1
2092  0
2093  0
2094  0
2095  1
2096  2
2097  1
2098  0
2099  2
2100  0
2101  0
2102  0
2103  1
2104  1
2105  1
2106  0
2107  2
2108  0
2109  0
2110  0
2111  1
2112  0
2113  1
2114  0
2115  0
2116  1
2117  0
2118  2
2119  1
2120  0
2121  2
2122  0
2123  1
2124  0
2125  0
2126  2
2127  0
2128  0
2129  0
2130  1
2131  0
2132  0
2133  1
2134  0
2135  0
2136  0
2137  0
2138  0
2139  0
2140  0
2141  0
2142  0
2143  0
2144  1
2145  0
2146  1
2147  1
2148  0
2149  0
2150  0
2151  0
2152  2
2153  0
2154  0
2155  1
2156  0
2157  1
2158  1
2159  1
2160  0
2161  1
2162  0
2163  2
2164  2
2165  0
2166  1
2167  0
2168  0
2169  0
2170  0
2171  0
2172  0
2173  1
2174  0
2175  0
2176  0
2177  1
2178  0
2179  1
2180  1
2181  1
2182  0
2183  2
2184  0
2185  0
2186  2
2187  1
2188  1
2189  0
2190  0
2191  0
2192  1
2193  0
2194  0
2195  0
2196  0
2197  0
2198  0
2199  0
2200  0
2201  1
2202  1
2203  0
2204  1
2205  0
2206  1
2207  0
2208  0
2209  0
2210  1
2211  0
2212  0
2213  0
2214  0
2215  0
2216  1
2217  0
2218  0
2219  0
2220  2
2221  0
2222  0
2223  1
2224  0
2225  0
2226  0
2227  1
2228  1
2229  0
2230  0
2231  0
2232  1
2233  2
2234  1
2235  1
2236  0
2237  0
2238  1
2239  0
2240  0
2241  1
2242  0
2243  1
2244  1
2245  0
2246  0
2247  1
2248  1
2249  0
2250  0
2251  0
2252  0
2253  0
2254  3
2255  0
2256  0
2257  0
2258  0
2259  0
2260  0
2261  0
2262  0
2263  0
2264  1
2265  0
2266  0
2267  0
2268  0
2269  1
2270  0
2271  2
2272  0
2273  1
2274  1
2275  1
2276  1
2277  1
2278  0
2279  0
2280  0
2281  1
2282  0
2283  0
2284  0
2285  1
2286  1
2287  0
2288  0
2289  0
2290  1
2291  0
2292  0
2293  0
2294  0
2295  0
2296  1
2297  0
2298  1
2299  1
2300  0
2301  1
2302  1
2303  0
2304  0
2305  1
2306  1
2307  0
2308  1
2309  0
2310  0
2311  0
2312  1
2313  0
2314  0
2315  1
2316  1
2317  1
2318  0
2319  1
2320  0
2321  0
2322  1
2323  2
2324  0
2325  1
2326  0
2327  0
2328  0
2329  0
2330  0
2331  1
2332  0
2333  0
2334  0
2335  0
2336  1
2337  2
2338  1
2339  0
2340  1
2341  0
2342  0
2343  0
2344  1
2345  1
2346  0
2347  0
2348  1
2349  1
2350  0
2351  0
2352  1
2353  1
2354  1
2355  0
2356  0
2357  0
2358  0
2359  0
2360  0
2361  0
2362  0
2363  0
2364  0
2365  0
2366  1
2367  0
2368  0
2369  1
2370  0
2371  0
2372  1
2373  0
2374  1
2375  0
2376  0
2377  1
2378  0
2379  0
2380  0
2381  0
2382  0
2383  0
2384  2
2385  0
2386  0
2387  0
2388  1
2389  1
2390  0
2391  1
2392  0
2393  0
2394  0
2395  2
2396  2
2397  0
2398  0
2399  0
2400  0
2401  1
2402  0
2403  0
2404  0
2405  0
2406  0
2407  0
2408  0
2409  2
2410  0
2411  0
2412  0
2413  1
2414  0
2415  0
2416  0
2417  3
2418  0
2419  1
2420  0
2421  0
2422  0
2423  0
2424  0
2425  1
2426  1
2427  2
2428  0
2429  1
2430  0
2431  1
2432  0
2433  0
2434  0
2435  0
2436  1
2437  0
2438  0
2439  1
2440  1
2441  0
2442  0
2443  0
2444  0
2445  0
2446  1
2447  0
2448  0
2449  0
2450  0
2451  0
2452  0
2453  1
2454  0
2455  0
2456  0
2457  1
2458  0
2459  0
2460  0
2461  0
2462  1
2463  1
2464  0
2465  0
2466  1
2467  2
2468  0
2469  0
2470  1
2471  1
2472  0
2473  1
2474  0
2475  0
2476  1
2477  0
2478  1
2479  1
2480  1
2481  0
2482  0
2483  0
2484  0
2485  0
2486  0
2487  2
2488  1
2489  0
2490  0
2491  0
2492  0
2493  0
2494  0
2495  0
2496  0
2497  0
2498  0
2499  1
2500  0
2501  0
2502  2
2503  0
2504  0
2505  0
2506  1
2507  2
2508  0
2509  2
2510  0
2511  0
2512  0
2513  1
2514  0
2515  0
2516  1
2517  0
2518  3
2519  0
2520  0
2521  1
2522  0
2523  0
2524  0
2525  1
2526  0
2527  0
2528  0
2529  0
2530  0
2531  1
2532  0
2533  0
2534  0
2535  1
2536  0
2537  0
2538  0
2539  0
2540  0
2541  0
2542  0
2543  0
2544  1
2545  0
2546  1
2547  0
2548  2
2549  0
2550  0
2551  0
2552  0
2553  0
2554  1
2555  0
2556  1
2557  0
2558  0
2559  0
2560  0
2561  0
2562  1
2563  1
2564  1
2565  0
2566  0
2567  0
2568  0
2569  0
2570  0
2571  0
2572  0
2573  0
2574  1
2575  0
2576  0
2577  0
2578  0
2579  0
2580  1
2581  0
2582  0
2583  1
2584  0
2585  1
2586  0
2587  0
2588  0
2589  1
2590  0
2591  0
2592  0
2593  0
2594  0
2595  0
2596  0
2597  0
2598  0
2599  0
2600  0
2601  0
2602  1
2603  0
2604  0
2605  0
2606  0
2607  0
2608  0
2609  0
2610  0
2611  1
2612  0
2613  0
2614  0
2615  0
2616  0
2617  1
2618  0
2619  0
2620  0
2621  0
2622  0
2623  0
2624  0
2625  1
2626  0
2627  0
2628  0
2629  0
2630  0
2631  0
2632  0
2633  0
2634  2
2635  1
2636  0
2637  1
2638  0
2639  0
2640  1
2641  1
2642  0
2643  2
2644  1
2645  1
2646  0
2647  1
2648  1
2649  0
2650  0
2651  2
2652  1
2653  0
2654  1
2655  0
2656  0
2657  0
2658  0
2659  0
2660  0
2661  2
2662  0
2663  0
2664  0
2665  0
2666  1
2667  0
2668  1
2669  1
2670  0
2671  0
2672  2
2673  1
2674  0
2675  0
2676  0
2677  0
2678  0
2679  0
2680  0
2681  0
2682  0
2683  0
2684  0
2685  0
2686  0
2687  0
2688  0
2689  1
2690  0
2691  0
2692  0
2693  0
2694  0
2695  1
2696  0
2697  0
2698  0
2699  0
2700  0
2701  0
2702  0
2703  1
2704  0
2705  1
2706  1
2707  1
2708  0
2709  0
2710  0
2711  0
2712  0
2713  0
2714  0
2715  1
2716  0
2717  0
2718  0
2719  0
2720  1
2721  0
2722  0
2723  0
2724  0
2725  0
2726  0
2727  0
2728  0
2729  0
2730  0
2731  1
2732  0
2733  1
2734  0
2735  1
2736  1
2737  1
2738  0
2739  0
2740  0
2741  1
2742  0
2743  0
2744  0
2745  1
2746  0
2747  1
2748  0
2749  0
2750  0
2751  0
2752  0
2753  0
2754  2
2755  0
2756  1
2757  0
2758  0
2759  0
2760  0
2761  1
2762  1
2763  0
2764  0
2765  1
2766  0
2767  0
2768  0
2769  0
2770  1
2771  2
2772  0
2773  0
2774  0
2775  0
2776  0
2777  0
2778  0
2779  1
2780  0
2781  1
2782  1
2783  0
2784  0
2785  1
2786  1
2787  0
2788  0
2789  0
2790  0
2791  0
2792  0
2793  0
2794  0
2795  1
2796  1
2797  1
2798  2
2799  0
2800  0
2801  0
2802  0
2803  0
2804  0
2805  0
2806  0
2807  0
2808  0
2809  0
2810  1
2811  0
2812  0
2813  0
2814  1
2815  0
2816  0
2817  1
2818  0
2819  0
2820  0
2821  1
2822  0
2823  0
2824  0
2825  1
2826  0
2827  0
2828  0
2829  0
2830  0
2831  0
2832  0
2833  0
2834  0
2835  0
2836  0
2837  0
2838  1
2839  1
2840  1
2841  0
2842  0
2843  0
2844  0
2845  0
2846  1
2847  0
2848  0
2849  0
2850  0
2851  0
2852  1
2853  0
2854  0
2855  1
2856  0
2857  1
2858  0
2859  0
2860  0
2861  0
2862  0
2863  0
2864  0
2865  1
2866  2
2867  0
2868  1
2869  0
2870  0
2871  0
2872  0
2873  0
2874  0
2875  0
2876  0
2877  1
2878  0
2879  1
2880  0
2881  1
2882  0
2883  1
2884  0
2885  0
2886  1
2887  0
2888  1
2889  1
2890  0
2891  0
2892  0
2893  0
2894  0
2895  0
2896  0
2897  0
2898  1
2899  0
2900  0
2901  2
2902  0
2903  1
2904  0
2905  0
2906  0
2907  0
2908  2
2909  1
2910  1
2911  1
2912  1
2913  0
2914  0
2915  1
2916  0
2917  0
2918  1
2919  0
2920  0
2921  1
2922  0
2923  0
2924  0
2925  0
2926  0
2927  0
2928  1
2929  1
2930  0
2931  0
2932  1
2933  0
2934  0
2935  0
2936  1
2937  0
2938  0
2939  0
2940  0
2941  1
2942  0
2943  0
2944  0
2945  0
2946  0
2947  0
2948  0
2949  0
2950  2
2951  0
2952  1
2953  0
2954  1
2955  0
2956  0
2957  0
2958  0
2959  0
2960  0
2961  0
2962  1
2963  0
2964  0
2965  0
2966  0
2967  1
2968  0
2969  0
2970  0
2971  0
2972  0
2973  0
2974  0
2975  0
2976  3
2977  0
2978  0
2979  1
2980  0
2981  1
2982  0
2983  0
2984  1
2985  0
2986  0
2987  0
2988  0
2989  0
2990  0
2991  0
2992  0
2993  0
2994  1
2995  0
2996  1
2997  1
2998  1
2999  0
3000  1
3001  0
3002  0
3003  0
3004  0
3005  0
3006  0
3007  0
3008  2
3009  0
3010  0
3011  0
3012  0
3013  1
3014  0
3015  0
3016  0
3017  1
3018  0
3019  0
3020  1
3021  0
3022  0
3023  0
3024  0
3025  0
3026  0
3027  1
3028  0
3029  0
3030  2
3031  0
3032  1
3033  0
3034  1
3035  1
3036  0
3037  0
3038  0
3039  0
3040  1
3041  0
3042  0
3043  0
3044  1
3045  0
3046  0
3047  0
3048  0
3049  0
3050  1
3051  1
3052  0
3053  0
3054  1
3055  0
3056  1
3057  1
3058  0
3059  0
3060  1
3061  0
3062  0
3063  0
3064  0
3065  0
3066  1
3067  0
3068  1
3069  0
3070  1
3071  1
3072  0
3073  0
3074  0
3075  0
3076  0
3077  1
3078  0
3079  0
3080  0
3081  1
3082  0
3083  0
3084  1
3085  0
3086  0
3087  1
3088  0
3089  0
3090  0
3091  0
3092  0
3093  1
3094  0
3095  0
3096  0
3097  0
3098  0
3099  0
3100  0
3101  0
3102  0
3103  0
3104  1
3105  0
3106  0
3107  0
3108  0
3109  0
3110  0
3111  1
3112  0
3113  0
3114  1
3115  0
3116  1
3117  0
3118  0
3119  0
3120  0
3121  0
3122  0
3123  0
3124  0
3125  1
3126  0
3127  0
3128  0
3129  1
3130  0
3131  0
3132  1
3133  1
3134  0
3135  0
3136  0
3137  0
3138  1
3139  0
3140  0
3141  0
3142  0
3143  0
3144  0
3145  0
3146  0
3147  0
3148  0
3149  0
3150  1
3151  0
3152  0
3153  0
3154  0
3155  0
3156  1
3157  0
3158  0
3159  0
3160  0
3161  0
3162  0
3163  0
3164  0
3165  0
3166  0
3167  0
3168  0
3169  0
3170  0
3171  0
3172  0
3173  0
3174  0
3175  0
3176  0
3177  0
3178  0
3179  0
3180  0
3181  0
3182  0
3183  0
3184  0
3185  0
3186  0
3187  0
3188  0
3189  1
3190  0
3191  0
3192  1
3193  0
3194  0
3195  0
3196  0
3197  0
3198  0
3199  0
3200  0
3201  0
3202  1
3203  0
3204  0
3205  0
3206  1
3207  0
3208  0
3209  0
3210  1
3211  0
3212  0
3213  0
3214  0
3215  1
3216  0
3217  0
3218  0
3219  1
3220  0
3221  0
3222  0
3223  0
3224  0
3225  0
3226  0
3227  0
3228  0
3229  0
3230  0
3231  1
3232  0
3233  0
3234  0
3235  0
3236  0
3237  0
3238  0
3239  0
3240  0
3241  0
3242  0
3243  0
3244  0
3245  0
3246  0
3247  0
3248  1
3249  0
3250  1
3251  1
3252  0
3253  0
3254  1
3255  0
3256  0
3257  0
3258  0
3259  1
3260  0
3261  0
3262  0
3263  0
3264  0
3265  0
3266  0
3267  0
3268  0
3269  0
3270  0
3271  0
3272  0
3273  0
3274  0
3275  0
3276  0
3277  0
3278  0
3279  0
3280  0
3281  0
3282  0
3283  0
3284  0
3285  0
3286  0
3287  0
3288  0
3289  0
3290  1
3291  0
3292  0
3293  0
3294  0
3295  1
3296  0
3297  0
3298  0
3299  0
3300  0
3301  0
3302  1
3303  1
3304  0
3305  0
3306  0
3307  0
3308  0
3309  0
3310  0
3311  0
3312  0
3313  0
3314  0
3315  0
3316  0
3317  0
3318  0
3319  0
3320  0
3321  0
3322  0
3323  0
3324  0
3325  0
3326  0
3327  0
3328  0
3329  0
3330  0
3331  0
3332  0
3333  0
3334  0
3335  0
3336  0
3337  0
3338  0
3339  0
3340  0
3341  0
3342  0
3343  0
3344  0
3345  0
3346  0
3347  1
3348  1
3349  0
3350  0
3351  0
3352  0
3353  0
3354  1
3355  1
3356  0
3357  0
3358  0
3359  0
3360  0
3361  0
3362  0
3363  0
3364  2
3365  0
3366  0
3367  0
3368  2
3369  0
3370  0
3371  0
3372  0
3373  1
3374  0
3375  0
3376  0
3377  0
3378  0
3379  1
3380  0
3381  1
3382  0
3383  0
3384  0
3385  0
3386  0
3387  0
3388  0
3389  0
3390  0
3391  0
3392  1
3393  0
3394  0
3395  0
3396  0
3397  0
3398  0
3399  0
3400  0
3401  1
3402  0
3403  0
3404  0
3405  0
3406  0
3407  0
3408  0
3409  0
3410  0
3411  0
3412  1
3413  0
3414  0
3415  0
3416  0
3417  0
3418  0
3419  0
3420  0
3421  0
3422  0
3423  0
3424  0
3425  0
3426  1
3427  0
3428  0
3429  1
3430  0
3431  0
3432  0
3433  0
3434  0
3435  0
3436  0
3437  0
3438  0
3439  0
3440  0
3441  0
3442  0
3443  0
3444  0
3445  0
3446  0
3447  0
3448  0
3449  0
3450  0
3451  0
3452  0
3453  0
3454  0
3455  0
3456  0
3457  0
3458  0
3459  0
3460  0
3461  0
3462  0
3463  0
3464  0
3465  0
3466  0
3467  1
3468  1
3469  0
3470  0
3471  0
3472  0
3473  0
3474  0
3475  0
3476  0
3477  0
3478  0
3479  0
3480  0
3481  0
3482  0
3483  0
3484  0
3485  0
3486  0
3487  0
3488  0
3489  0
3490  0
3491  0
3492  0
3493  0
3494  0
3495  0
3496  0
3497  0
3498  0
3499  0
3500  0
3501  1
3502  0
3503  0
3504  0
3505  0
3506  0
3507  0
3508  0
3509  0
3510  0
3511  0
3512  0
3513  0
3514  0
3515  0
3516  0
3517  0
3518  0
3519  0
3520  0
3521  1
3522  0
3523  1
3524  0
3525  0
3526  0
3527  0
3528  0
3529  0
3530  0
3531  0
3532  0
3533  0
3534  1
3535  0
3536  0
3537  0
3538  0
3539  0
3540  0
3541  0
3542  0
3543  0
3544  1
3545  0
3546  0
3547  0
3548  0
3549  0
3550  0
3551  0
3552  0
3553  0
3554  0
3555  0
3556  0
3557  0
3558  0
3559  0
3560  0
3561  0
3562  0
3563  0
3564  0
3565  0
3566  0
3567  0
3568  0
3569  0
3570  0
3571  0
3572  0
3573  0
3574  0
3575  0
3576  0
3577  0
3578  0
3579  0
3580  0
3581  0
3582  0
3583  1
3584  0
3585  0
3586  0
3587  0
3588  1
3589  0
3590  0
3591  0
3592  0
3593  0
3594  0
3595  0
3596  0
3597  0
3598  0
3599  0
3600  0
3601  1
3602  0
3603  1
3604  0
3605  1
3606  0
3607  1
3608  0
3609  0
3610  0
3611  0
3612  0
3613  0
3614  1
3615  1
3616  0
3617  0
3618  0
3619  0
3620  0
3621  0
3622  0
3623  0
3624  0
3625  0
3626  0
3627  0
3628  0
3629  0
3630  1
3631  0
3632  0
3633  0
3634  1
3635  1
3636  0
3637  0
3638  0
3639  1
3640  0
3641  0
3642  0
3643  0
3644  0
3645  0
3646  0
3647  0
3648  0
3649  0
3650  0
3651  0
3652  0
3653  0
3654  0
3655  1
3656  1
3657  0
3658  1
3659  0
3660  0
3661  0
3662  0
3663  0
3664  0
3665  0
3666  0
3667  0
3668  0
3669  1
3670  0
3671  0
3672  1
3673  0
3674  0
3675  0
3676  0
3677  0
3678  0
3679  0
3680  0
3681  0
3682  0
3683  0
3684  0
3685  1
3686  0
3687  0
3688  0
3689  0
3690  0
3691  0
3692  1
3693  0
3694  0
3695  0
3696  0
3697  0
3698  1
3699  0
3700  1
3701  0
3702  0
3703  0
3704  0
3705  0
3706  0
3707  0
3708  0
3709  1
3710  1
3711  0
3712  0
3713  0
3714  0
3715  0
3716  0
3717  0
3718  0
3719  0
3720  0
3721  1
3722  0
3723  0
3724  0
3725  1
3726  0
3727  0
3728  1
3729  0
3730  0
3731  0
3732  0
3733  0
3734  0
3735  0
3736  0
3737  0
3738  1
3739  0
3740  0
3741  0
3742  0
3743  0
3744  0
3745  1
3746  1
3747  0
3748  1
3749  0
3750  0
3751  1
3752  0
3753  0
3754  0
3755  1
3756  1
3757  0
3758  1
3759  2
3760  1
3761  0
3762  0
3763  1
3764  0
3765  1
3766  0
3767  1
3768  3
3769  1
3770  2
3771  4
3772  1
3773  3
3774  5
3775  4
3776  2
3777  3
3778  3
3779  4
3780  3
3781  1
3782  1
3783  1
3784  4
3785  3
3786  1
3787  1
3788  1
3789  0
3790  0
3791  2
3792  1
3793  0
3794  1
3795  1
3796  0
3797  0
3798  0
3799  0
3800  0
3801  0
3802  0
3803  0
3804  0
3805  0
3806  0
3807  0
3808  0
3809  0
3810  0
3811  0
3812  0
3813  0
3814  0
3815  0
3816  0
3817  0
3818  0
3819  0
3820  0
3821  0
3822  0
3823  0
3824  0
3825  0
3826  0
3827  0
3828  0
3829  1
3830  1
3831  0
3832  0
3833  0
3834  0
3835  0
3836  0
3837  0
3838  0
3839  0
3840  0
3841  0
3842  0
3843  0
3844  0
3845  0
3846  0
3847  0
3848  0
3849  0
3850  0
3851  0
3852  0
3853  0
3854  0
3855  0
3856  0
3857  0
3858  0
3859  0
3860  0
3861  0
3862  0
3863  0
3864  0
3865  0
3866  0
3867  0
3868  0
3869  0
3870  0
3871  0
3872  0
3873  0
3874  0
3875  0
3876  0
3877  0
3878  0
3879  0
3880  0
3881  0
3882  0
3883  0
3884  0
3885  0
3886  0
3887  0
3888  0
3889  0
3890  0
3891  0
3892  0
3893  0
3894  0
3895  0
3896  0
3897  0
3898  0
3899  0
3900  0
3901  0
3902  0
3903  0
3904  0
3905  0
3906  0
3907  0
3908  0
3909  0
3910  0
3911  0
3912  0
3913  0
3914  0
3915  0
3916  0
3917  0
3918  0
3919  0
3920  0
3921  0
3922  0
3923  0
3924  0
3925  0
3926  0
3927  0
3928  0
3929  0
3930  0
3931  0
3932  0
3933  0
3934  0
3935  0
3936  0
3937  0
3938  0
3939  0
3940  0
3941  0
3942  0
3943  0
3944  0
3945  0
3946  0
3947  0
3948  0
3949  0
3950  0
3951  0
3952  0
3953  0
3954  0
3955  0
3956  0
3957  0
3958  0
3959  0
3960  0
3961  0
3962  0
3963  0
3964  0
3965  0
3966  0
3967  0
3968  0
3969  0
3970  0
3971  0
3972  0
3973  0
3974  0
3975  0
3976  0
3977  0
3978  0
3979  0
3980  0
3981  0
3982  0
3983  0
3984  0
3985  0
3986  0
3987  0
3988  0
3989  0
3990  0
3991  0
3992  0
3993  0
3994  0
3995  0
3996  0
3997  0
3998  0
3999  0
4000  0
4001  0
4002  0
4003  0
4004  0
4005  0
4006  0
4007  0
4008  0
4009  0
4010  0
4011  0
4012  0
4013  0
4014  0
4015  0
4016  0
4017  0
4018  0
4019  0
4020  0
4021  0
4022  0
4023  0
4024  0
4025  0
4026  0
4027  0
4028  0
4029  0
4030  0
4031  0
4032  0
4033  0
4034  0
4035  0
4036  0
4037  0
4038  0
4039  0
4040  0
4041  0
4042  0
4043  0
4044  0
4045  0
4046  0
4047  0
4048  0
4049  0
4050  0
4051  0
4052  0
4053  0
4054  0
4055  0
4056  0
4057  0
4058  0
4059  0
4060  0
4061  0
4062  0
4063  0
4064  0
4065  0
4066  0
4067  0
4068  0
4069  0
4070  0
4071  0
4072  0
4073  0
4074  0
4075  0
4076  0
4077  0
4078  0
4079  0
4080  0
4081  0
4082  0
4083  0
4084  0
4085  0
4086  0
4087  0
4088  0
4089  0
4090  0
4091  0
4092  0
4093  0
4094  0
4095  0
