 0006030 0000010 0000000 0004095 1041018 0061443
00000002000000040000000100000001000000010000000100000003000000030000000200000003
00000001000000020000000200000001000000020000000100000001000000020000000500000004
00000003000000080000000400000001000000020000000600000005000000040000000200000001
00000001000000030000000600000004000000040000000200000000000000060000000700000004
00000004000000090000000700000003000000020000000100000012000000070000000700000008
00000005000000090000000800000005000000050000000900000012000000040000000800000007
00000009000000060000000900000009000000110000000800000009000000040000000800000008
00000013000000120000000800000008000000070000000800000015000000110000001200000010
00000012000000100000001000000009000000110000001400000015000000150000001100000010
00000013000000240000001100000019000000110000001400000014000000130000001800000016
00000011000000200000001800000025000000200000002600000019000000220000001900000022
00000020000000240000002100000025000000240000003100000023000000260000001800000021
00000020000000330000002300000019000000360000003000000028000000300000004200000038
00000025000000410000002900000042000000310000003500000046000000490000004500000051
00000048000000620000005600000059000000580000005700000073000000650000008100000098
00000100000000960000010300000109000001270000013700000123000001710000018400000184
00000225000002480000031700000398000005460000066100000962000011320000147500001768
00002142000022820000259200002798000029670000318300003205000030120000316900003088
00003024000030520000305200002936000030480000291700002859000028520000279600002769
00002783000026570000271900002598000026580000264500002552000025050000246000002440
00002395000024850000237200002333000022980000233600002294000022930000220300002268
00002239000020980000217500002074000021250000208500002003000020140000202600002014
00001926000019570000190900001847000018250000176800001781000018050000180700001710
00001759000016900000169600001722000017340000171700001615000016810000166500001582
00001638000016590000163300001565000016120000149600001619000015980000155600001435
00001515000014480000143300001472000013960000149100001400000013660000137100001381
00001336000014210000134200001323000013440000137400001335000013200000128000001266
00001201000013480000128100001256000012320000122400001174000012030000120400001175
00001179000011810000111100001091000011440000111000001117000010510000102400001021
00001073000010290000107300001065000010340000108700001023000010660000102500000991
00000967000009920000099100000966000010210000095400000977000009830000095600000927
00000974000009560000099700000924000008860000089400000884000009670000091600000950
00000911000008870000092400000916000009170000085100000894000008410000079000000863
00000872000008710000084100000835000008520000079000000823000008800000082400000837
00000812000008400000076200000812000008320000080400000795000008110000078400000776
00000820000007490000071900000765000007590000070700000784000007330000072000000727
00000736000007250000069800000780000007420000080700000722000007200000065300000705
00000694000006890000068800000735000006550000068600000692000007040000068900000705
00000678000006900000069100000686000006830000062900000666000006250000067100000664
00000664000006310000060000000598000006220000064300000645000006300000062600000645
00000635000006020000062400000667000005530000060000000560000005720000057800000552
00000551000005650000056800000550000005380000053000000589000005420000055400000523
00000522000005160000056800000552000005430000053800000523000005490000050200000521
00000499000005150000051500000520000004810000045700000490000004920000047200000464
00000480000004540000046100000460000004530000045100000484000004380000048100000462
00000457000004770000045400000457000004320000043300000438000004200000041300000433
00000426000004710000039700000427000003910000040600000407000004510000043300000451
00000458000004070000039300000379000004450000042200000409000004080000041900000391
00000396000004060000034700000432000003890000038400000397000003800000040700000365
00000396000004030000038600000383000004070000038000000398000003990000036600000385
00000425000004200000038200000364000003500000039000000396000003630000038600000359
00000354000003530000038100000360000003710000034500000401000003800000036800000374
00000382000003690000036300000370000003760000035100000367000003460000035700000327
00000371000003730000033700000336000003350000032900000331000003000000031800000315
00000305000003430000032300000291000003330000034000000306000002930000032400000317
00000299000002920000032200000318000003120000031500000291000003060000029000000313
00000291000003180000031700000306000003170000027900000305000002560000029700000292
00000282000003050000032400000293000002620000032300000258000002900000026900000308
00000248000002840000028000000293000002670000027600000258000002650000027700000285
00000274000002740000026900000281000002520000027700000258000002730000024900000255
00000283000002730000024000000258000002800000025000000295000002730000024700000257
00000270000002660000025000000265000002650000028800000273000002630000025900000266
00000272000002530000023800000229000002500000026800000276000002510000023900000264
00000281000002330000026200000246000002410000024200000278000002490000027700000257
00000240000002500000026000000261000002510000028500000228000002290000028600000266
00000251000002580000024900000262000002390000023500000235000002420000025100000234
00000215000002450000024200000244000002230000023000000208000002340000024300000221
00000248000002130000021800000202000002110000022600000202000002470000022900000204
00000206000001890000020400000199000002300000020300000215000002000000020900000187
00000184000001940000019200000179000001690000017700000202000001810000017600000187
00000172000001790000019800000151000001620000017400000138000001440000017200000152
00000145000001730000016000000156000001430000016700000129000001370000014200000118
00000159000001470000012700000126000001120000013000000127000001110000012600000121
00000132000001230000012800000143000001220000011700000115000001180000011200000109
00000102000001170000009700000102000001250000011600000112000001170000010400000120
00000119000001130000008900000108000001280000008600000096000001070000011000000103
00000112000001200000011500000094000001060000011000000103000000890000011600000096
00000103000001030000009000000109000000950000008600000082000000860000010300000092
00000077000001010000007600000101000000850000008700000081000000990000009200000084
00000086000000850000008100000076000001100000009000000079000001000000007100000090
00000084000000820000007800000076000000830000010700000081000000930000007700000086
00000088000000720000007600000094000000860000007500000079000000670000009300000075
00000099000000930000006700000079000000840000005900000084000000620000007200000076
00000062000000810000007700000091000000770000006200000082000000870000007700000076
00000083000000720000008500000073000000810000007800000063000000750000006400000066
00000074000000590000005900000060000000800000006900000069000000800000006100000053
00000067000000690000006000000059000000520000006500000069000000730000006800000071
00000060000000440000007300000068000000620000006400000054000000590000005200000077
00000055000000650000004700000068000000560000005000000060000000620000006100000068
00000059000000610000005400000054000000610000006400000051000000600000005800000060
00000052000000580000005200000053000000590000007000000062000000590000004800000058
00000047000000570000005100000050000000470000006800000054000000560000005900000052
00000051000000540000004800000063000000580000004200000046000000570000004600000053
00000048000000530000005100000042000000500000005900000043000000550000004900000061
00000054000000420000005600000048000000570000003600000057000000430000005700000041
00000039000000500000003800000054000000550000004400000046000000460000004100000043
00000044000000400000004400000041000000490000005100000043000000470000004800000037
00000034000000480000003600000054000000460000004700000045000000460000003200000046
00000043000000440000004600000051000000410000004300000040000000310000003700000049
00000047000000430000003000000044000000440000004000000042000000410000004300000038
00000042000000380000004300000038000000450000004100000039000000440000004500000045
00000048000000300000003400000031000000240000003200000035000000340000004000000037
00000039000000380000004000000037000000460000005200000040000000240000003800000031
00000042000000370000003300000040000000360000004600000030000000350000004000000031
00000034000000460000003800000038000000340000003200000036000000350000003200000039
00000033000000400000003200000037000000360000002500000038000000290000002000000036
00000035000000460000002900000032000000370000002500000036000000410000002900000039
00000030000000380000003200000036000000330000002500000026000000340000003300000032
00000042000000200000003800000028000000280000003300000021000000220000003700000026
00000027000000380000003600000025000000210000003200000025000000290000002900000022
00000029000000280000002600000029000000230000001900000027000000310000002900000020
00000026000000300000003000000030000000250000002300000035000000280000003000000028
00000032000000320000003000000022000000270000001700000026000000240000002300000029
00000036000000220000002600000028000000280000001900000014000000280000002300000026
00000030000000200000003000000024000000180000002600000035000000240000002100000035
00000029000000240000002600000031000000220000002900000017000000260000002200000025
00000028000000250000001400000036000000190000002700000022000000230000002400000038
00000025000000160000002300000020000000280000002200000015000000200000002000000030
00000023000000140000002000000018000000280000002500000022000000220000001600000027
00000025000000220000002200000025000000260000002600000021000000220000002900000022
00000022000000160000001900000025000000170000001400000018000000170000001900000017
00000015000000210000002100000015000000260000001900000019000000190000002000000012
00000015000000280000001900000020000000250000001100000023000000290000001600000021
00000018000000220000002500000015000000220000003800000024000000200000002100000015
00000015000000210000002300000024000000150000001700000024000000170000002100000021
00000023000000130000001200000012000000090000002200000022000000150000001700000011
00000013000000200000002400000021000000170000001800000019000000190000001200000015
00000018000000060000000900000013000000150000000900000016000000140000001400000011
00000015000000190000001000000018000000150000001100000019000000160000001900000016
00000012000000150000001400000013000000140000001400000016000000130000001900000010
00000018000000140000001200000020000000130000001200000014000000180000001900000019
00000016000000080000000900000016000000140000001400000017000000090000001500000017
00000010000000140000001200000009000000120000001500000015000000090000001500000018
00000014000000110000001600000014000000090000001200000013000000170000001100000014
00000011000000160000001300000017000000150000001900000013000000140000001300000010
00000019000000140000001400000012000000170000001500000009000000140000001300000011
00000013000000100000001700000020000000100000001600000012000000160000001400000011
00000011000000140000001500000007000000150000001100000006000000140000000900000012
00000017000000090000001200000011000000080000001200000011000000090000001200000018
00000010000000090000001700000014000000120000001200000008000000080000000700000006
00000008000000110000000800000007000000130000001000000008000000130000001500000009
00000011000000090000001100000014000000100000001100000009000000080000001200000005
00000003000000120000001400000014000000080000000800000012000000100000001300000011
00000017000000100000001400000011000000090000000800000014000000090000001100000017
00000006000000040000001100000009000000120000000600000012000000130000000900000012
00000011000000130000001000000009000000090000000900000006000000100000001000000013
00000012000000070000000900000008000000110000000500000006000000080000000500000012
00000002000000110000000700000007000000110000001300000011000000070000000700000006
00000006000000060000000800000011000000090000001500000006000000050000001100000003
00000008000000150000001500000004000000080000000600000006000000070000001500000005
00000011000000030000001000000004000000070000001500000005000000040000001000000013
00000009000000060000000500000007000000060000001600000005000000120000000300000012
00000005000000080000000800000009000000080000001200000009000000020000000900000009
00000008000000060000000600000011000000100000001100000011000000060000000700000003
00000012000000060000001100000012000000040000000900000011000000100000000700000006
00000004000000050000000600000007000000100000000900000014000000090000000200000011
00000009000000090000000700000005000000070000000300000005000000070000000600000004
00000007000000090000000500000007000000050000000900000010000000030000000500000007
00000009000000130000000800000006000000070000000400000004000000100000000700000008
00000006000000080000000200000006000000070000000800000009000000050000000800000013
00000007000000090000000500000006000000060000000400000006000000060000000400000008
00000003000000080000000500000007000000080000000500000006000000030000000800000005
00000009000000050000000800000007000000060000000700000010000000050000000900000006
00000008000000080000000700000003000000050000001300000008000000050000000700000008
00000005000000060000000900000006000000080000000500000008000000060000000800000009
00000002000000050000000900000009000000050000000500000003000000070000000800000003
00000007000000070000000500000006000000040000001100000004000000020000000800000004
00000002000000040000000700000003000000040000000500000006000000030000000500000007
00000005000000080000000500000008000000030000000500000003000000100000001200000006
00000003000000080000000200000005000000040000000600000005000000080000000500000006
00000004000000040000001000000005000000060000001100000005000000100000000700000008
00000005000000060000000500000002000000040000000200000003000000030000000400000005
00000009000000080000000100000004000000020000000400000002000000020000000400000002
00000005000000040000000700000006000000050000000300000004000000080000000400000005
00000002000000070000000600000004000000020000000400000003000000040000000600000007
00000007000000090000000800000005000000020000000400000006000000040000000500000007
00000005000000070000000100000007000000020000000800000005000000020000000500000001
00000002000000020000000600000002000000060000000500000004000000030000000400000003
00000005000000040000000600000005000000050000000600000005000000040000000400000003
00000001000000050000000500000006000000050000000300000002000000050000000300000010
00000005000000060000000500000001000000040000000700000005000000020000000200000007
00000003000000060000000400000006000000000000000100000001000000040000000200000004
00000003000000040000000300000002000000030000000400000004000000040000000300000004
00000005000000030000000400000002000000060000000100000003000000040000000500000002
00000005000000020000000100000002000000070000000500000004000000000000000400000004
00000005000000050000000500000002000000030000000300000001000000050000000400000001
00000002000000040000000100000003000000010000000100000010000000070000000400000002
00000004000000070000000300000002000000030000000200000002000000020000000700000003
00000004000000010000000400000001000000050000000600000003000000040000000300000002
00000001000000030000000400000001000000010000000500000003000000020000000300000006
00000004000000030000000300000004000000030000000100000003000000010000000400000002
00000001000000050000000100000002000000000000000200000006000000020000000000000002
00000004000000060000000200000001000000020000000300000003000000030000000200000003
00000002000000020000000200000003000000000000000000000004000000010000000100000005
00000004000000010000000400000001000000030000000400000003000000040000000400000003
00000000000000030000000600000006000000060000000300000004000000020000000100000006
00000002000000050000000700000002000000020000000300000004000000010000000800000001
00000005000000050000000100000002000000010000000200000001000000020000000700000004
00000002000000030000000300000004000000030000000200000004000000030000000300000001
00000000000000020000000400000003000000030000000300000003000000010000000200000003
00000005000000040000000500000002000000020000000200000002000000010000000000000002
00000003000000060000000200000004000000030000000200000004000000000000000000000000
00000003000000020000000100000002000000030000000100000002000000070000000300000001
00000001000000030000000400000001000000040000000100000002000000020000000300000002
00000000000000010000000300000000000000010000000200000000000000010000000100000002
00000001000000010000000500000002000000010000000400000003000000040000000000000001
00000002000000020000000300000001000000020000000000000002000000000000000100000002
00000003000000010000000400000002000000010000000200000000000000040000000400000001
00000001000000010000000200000001000000010000000200000001000000000000000100000003
00000005000000020000000300000002000000020000000100000001000000000000000300000003
00000001000000010000000300000003000000010000000100000002000000040000000300000001
00000002000000000000000100000002000000030000000600000001000000000000000100000001
00000002000000020000000400000001000000030000000000000003000000030000000300000002
00000004000000020000000200000002000000040000000100000003000000040000000400000003
00000005000000000000000100000000000000040000000400000001000000000000000100000002
00000001000000020000000000000001000000010000000100000004000000010000000200000002
00000004000000010000000100000003000000020000000100000000000000030000000000000004
00000000000000010000000300000002000000000000000000000002000000010000000000000001
00000000000000020000000200000001000000010000000100000003000000000000000300000005
00000002000000020000000000000001000000020000000200000001000000010000000400000003
00000003000000010000000300000001000000010000000000000002000000020000000100000000
00000000000000020000000400000002000000000000000100000003000000020000000300000001
00000003000000010000000300000002000000010000000200000002000000000000000200000002
00000001000000000000000100000001000000020000000000000003000000000000000100000002
00000003000000000000000100000000000000020000000400000001000000030000000200000001
00000003000000010000000100000001000000030000000100000002000000040000000100000001
00000003000000020000000100000000000000000000000300000000000000020000000200000000
00000000000000020000000300000001000000020000000100000001000000000000000000000001
00000001000000020000000100000001000000000000000200000001000000030000000100000000
00000001000000000000000300000002000000010000000100000001000000030000000100000002
00000001000000000000000000000000000000010000000000000002000000020000000300000001
00000001000000020000000400000001000000010000000200000001000000020000000000000001
00000001000000000000000000000002000000000000000000000001000000010000000100000002
00000000000000010000000200000001000000000000000100000001000000010000000000000002
00000001000000010000000100000001000000000000000000000002000000010000000100000001
00000001000000000000000100000002000000000000000100000000000000000000000100000000
00000001000000010000000000000001000000010000000200000000000000000000000000000001
00000002000000000000000400000000000000000000000200000000000000000000000200000001
00000000000000000000000200000001000000020000000300000001000000000000000100000001
00000000000000010000000200000000000000030000000100000001000000010000000000000002
00000001000000000000000000000003000000000000000200000001000000050000000000000000
00000000000000010000000200000002000000010000000000000001000000000000000000000002
00000005000000010000000200000001000000010000000200000000000000010000000100000001
00000000000000010000000200000003000000000000000000000000000000010000000000000000
00000000000000000000000000000001000000030000000000000001000000030000000200000001
00000001000000000000000000000001000000010000000000000000000000000000000300000000
00000000000000010000000000000001000000000000000100000002000000020000000100000000
00000000000000020000000100000001000000000000000000000000000000000000000100000002
00000001000000010000000000000001000000010000000000000001000000010000000200000000
00000000000000000000000000000000000000000000000000000000000000020000000000000000
00000000000000000000000100000000000000010000000100000000000000020000000100000000
00000001000000010000000100000000000000000000000100000001000000010000000300000000
00000001000000000000000000000002000000010000000200000000000000010000000100000001
00000000000000020000000000000000000000010000000100000001000000010000000000000003
00000000000000010000000100000001000000020000000000000001000000020000000100000002
00000000000000000000000100000001000000010000000100000000000000010000000000000000
00000001000000000000000100000001000000020000000200000001000000010000000000000000
00000002000000000000000000000001000000010000000000000001000000010000000100000000
00000002000000000000000000000000000000000000000000000000000000010000000100000000
00000001000000000000000100000000000000000000000300000000000000000000000000000002
00000000000000020000000100000000000000000000000000000002000000000000000000000000
00000001000000000000000000000000000000000000000100000000000000000000000000000001
00000000000000010000000000000002000000000000000100000000000000000000000000000000
00000001000000010000000000000001000000000000000000000000000000000000000000000000
00000001000000010000000000000001000000020000000100000001000000010000000000000000
00000000000000020000000100000002000000000000000000000000000000010000000100000000
00000000000000000000000000000000000000000000000000000000000000000000000100000000
00000000000000010000000000000001000000000000000000000000000000000000000000000000
00000000000000000000000000000001000000000000000000000001000000000000000100000000
00000000000000010000000000000000000000000000000100000000000000000000000000000001
00000000000000000000000000000001000000000000000100000000000000010000000000000000
00000000000000010000000000000003000000020000000000000002000000010000000000000000
00000001000000000000000000000000000000020000000000000001000000000000000100000000
00000000000000000000000100000000000000000000000100000001000000000000000000000001
00000000000000020000000100000000000000010000000000000000000000000000000000000000
00000000000000000000000000000003000000010000000000000000000000000000000200000000
00000000000000000000000200000000000000000000000100000000000000000000000100000000
00000000000000010000000000000000000000000000000000000001000000000000000000000000
00000000000000000000000100000000000000000000000100000000000000000000000000000000
00000001000000010000000000000000000000010000000000000000000000000000000000000001
00000002000000000000000000000002000000000000000100000000000000000000000000000000
00000000000000000000000000000001000000000000000000000000000000000000000000000000
00000000000000010000000000000000000000000000000000000000000000000000000000000000
00000000000000000000000000000000000000000000000000000000000000000000000000000001
00000000000000000000000200000000000000010000000000000000000000000000000000000002
00000000000000000000000000000000000000000000000000000000000000010000000000000001
00000000000000010000000000000001000000010000000100000000000000000000000000000000
00000000000000010000000000000001000000000000000000000000000000000000000000000000
00000000000000000000000000000000000000000000000000000000000000010000000000000000
00000000000000000000000100000001000000000000000000000000000000000000000000000000
00000000000000000000000100000000000000000000000000000000000000010000000000000000
00000001000000000000000000000000000000000000000000000000000000000000000000000000
00000000000000010000000000000000000000000000000000000000000000000000000000000000
00000000000000000000000100000000000000000000000000000000000000000000000000000000
00000000000000000000000000000001000000000000000000000001000000000000000000000000
00000000000000000000000000000000000000000000000000000000000000000000000000000000
00000000000000000000000000000000000000000000000000000000000000000000000000000000
00000000000000000000000000000000000000000000000100000000000000000000000000000001
00000000000000000000000000000000000000000000000000000000000000000000000000000000
00000001000000000000000000000000000000000000000000000001000000000000000000000000
00000000000000000000000000000000000000000000000000000000000000000000000100000000
00000001000000000000000100000000000000000000000000000000000000000000000000000000
00000000000000000000000000000000000000000000000000000000000000000000000000000001
00000000000000000000000000000001000000000000000000000000000000000000000000000000
00000000000000000000000000000000000000000000000000000000000000000000000000000000
00000000000000000000000000000000000000000000000000000000000000000000000000000000
00000000000000000000000000000000000000000000000000000001000000000000000000000000
00000001000000000000000000000000000000000000000000000000000000000000000000000000
00000000000000000000000100000000000000010000000000000000000000000000000000000000
00000000000000000000000000000000000000000000000000000000000000000000000000000000
00000000000000000000000000000000000000000000000000000000000000000000000100000000
00000000000000000000000000000000000000000000000000000001000000010000000100000000
00000000000000000000000000000000000000000000000000000001000000000000000000000000
00000000000000000000000100000000000000000000000000000000000000000000000000000000
00000000000000000000000000000000000000000000000000000000000000000000000000000000
00000000000000000000000000000000000000000000000000000000000000000000000000000000
00000000000000000000000000000000000000000000000000000000000000000000000000000000
00000000000000000000000000000000000000000000000000000000000000000000000000000000
00000000000000000000000000000000000000000000000000000000000000000000000000000000
00000000000000000000000000000000000000000000000000000000000000000000000000000000
00000000000000000000000000000000000000000000000000000000000000000000000000000000
00000000000000000000000000000000000000000000000000000000000000000000000100000000
00000000000000000000000000000000000000000000000000000000000000000000000000000000
00000000000000000000000000000000000000000000000000000000000000000000000000000000
00000000000000000000000000000000000000000000000000000001000000000000000000000000
00000000000000000000000000000000000000000000000000000000000000000000000000000000
00000001000000000000000000000000000000000000000000000000000000000000000000000000
00000000000000000000000000000001000000000000000000000000000000000000000000000000
00000000000000000000000000000000000000000000000000000000000000000000000000000000
00000000000000000000000000000000000000000000000000000000000000000000000000000001
00000000000000000000000000000000000000000000000000000000000000000000000000000000
00000000000000000000000000000000000000000000000000000000000000000000000000000000
00000000000000000000000000000000000000000000000000000000000000000000000000000000
00000000000000000000000000000000000000000000000000000000000000000000000000000000
00000000000000000000000000000000000000000000000000000000000000000000000000000000
00000000000000000000000000000000000000000000000000000000000000000000000000000000
00000000000000000000000000000000000000000000000000000001000000000000000000000000
00000000000000000000000000000000000000000000000000000000000000000000000000000000
00000000000000000000000000000000000000000000000000000000000000000000000000000000
00000000000000000000000000000000000000000000000000000000000000000000000000000000
00000000000000000000000000000000000000000000000000000000000000000000000000000000
00000000000000000000000000000000000000000000000000000000000000000000000000000000
00000000000000000000000000000000000000000000000000000000000000000000000000000000
00000000000000000000000000000000000000000000000000000000000000000000000000000000
00000000000000000000000000000000000000000000000100000000000000000000000000000000
00000000000000000000000000000000000000010000000000000000000000000000000000000000
00000000000000000000000000000000000000000000000000000000000000000000000000000000
00000000000000000000000000000000000000000000000100000001000000000000000000000000
00000000000000000000000000000000000000000000000000000000000000000000000000000000
00000000000000000000000100000000000000000000000000000000000000000000000000000000
00000000000000000000000000000000000000000000000000000000000000000000000000000000
00000000000000000000000000000000000000000000000000000000000000000000000000000000
00000000000000000000000000000000000000000000000000000000000000000000000000000000
00000000000000000000000000000000000000000000000100000000000000000000000000000000
00000000000000000000000000000000000000000000000000000000000000000000000000000000
00000000000000000000000000000000000000000000000000000000000000000000000000000000
00000000000000000000000000000000000000000000000000000000000000000000000000000000
00000000000000010000000000000000000000000000000000000000000000000000000000000000
00000000000000010000000000000000000000000000000000000000000000010000000000000000
00000000000000000000000000000000000000000000000000000000000000000000000000000000
00000000000000000000000000000000000000000000000000000000000000000000000000000000
00000000000000000000000000000000000000000000000000000000000000000000000000000000
00000000000000000000000000000000000000000000000000000000000000000000000000000000
00000000000000000000000000000000000000000000000000000000000000000000000000000000
00000000000000000000000000000000000000000000000000000000000000000000000000000000
00000000000000000000000000000000000000000000000000000000000000000000000000000000
00000000000000000000000000000000000000000000000000000000000000000000000000000000
00000000000000000000000000000000000000000000000000000000000000000000000000000000
00000000000000000000000000000000000000000000000000000000000000000000000000000000
00000000000000000000000000000000000000000000000000000000000000000000000000000000
00000000000000000000000000000000000000000000000000000000000000000000000000000000
00000000000000000000000000000000000000000000000000000000000000000000000000000000
00000000000000000000000000000000000000000000000000000000000000000000000000000000
00000000000000000000000000000000000000000000000000000000000000000000000000000000
00000000000000000000000000000000000000000000000000000000000000000000000000000000
00000000000000000000000000000000000000000000000000000000000000000000000000000000
00000000000000000000000000000000000000000000000000000000000000000000000000000000
00000000000000000000000000000000000000000000000000000000000000000000000000000000
00000000000000000000000000000000000000000000000000000000000000000000000000000000
00000000000000000000000000000000000000000000000000000000000000000000000000000000
00000000000000000000000000000000000000000000000000000000000000000000000000000000
00000000000000000000000000000000000000000000000000000000000000000000000000000000
00000000000000000000000000000000000000000000000000000000000000000000000000000000
00000000000000000000000000000000000000000000000000000000000000000000000000000000
00000000000000000000000000000000000000000000000000000000000000000000000000000000
00000000000000000000000000000000000000000000000000000000000000000000000000000000
00000000000000000000000000000000000000000000000000000000000000000000000000000000
00000000000000000000000000000000000000000000000000000000000000000000000000000000
00000000000000000000000000000000000000000000000000000000000000000000000000000000
00000000000000000000000000000000000000000000000000000000000000000000000000000000
00000000000000000000000000000000000000000000000000000000000000000000000000000000
00000000000000000000000000000000000000000000000000000000000000000000000000000000
00000000000000000000000000000000000000000000000000000000000000000000000000000000
00000000000000000000000000000000000000000000000000000000000000000000000000000000
00000000000000000000000000000000000000000000000000000000000000000000000000000000
00000000000000000000000000000000000000000000000000000000000000000000000000000000
00000000000000000000000000000000000000000000000000000000000000000000000000000000
00000000000000000000000000000000000000000000000000000000000000000000000000000000
00000000000000000000000000000000000000000000000000000000000000000000000000000000
00000000000000000000000000000000000000000000000000000000000000000000000000000000
00000000000000000000000000000000000000000000000000000000000000000000000000000000
00000000000000000000000000000000000000000000000000000000000000000000000000000000
00000000000000000000000000000000000000000000000000000000000000000000000000000000
00000000000000000000000000000000000000000000000000000000000000000000000000000000
00000000000000000000000000000000000000000000000000000000000000000000000000000000
00000000000000000000000000000000000000000000000000000000000000000000000000000000
00000000000000000000000000000000000000000000000000000000000000000000000000000000
00000000000000000000000000000000000000000000000000000000000000000000000000000000
00000000000000000000000000000000000000000000000000000000000000000000000000000000
000000000000000000000000000000000000000000000000