 0006030 0000030 0000000 0004095 1041018 0061443
00000002000000000000000100000001000000020000000000000001000000040000000100000002
00000002000000010000000100000001000000020000000100000004000000010000000100000000
00000000000000020000000100000000000000040000000200000002000000030000000300000005
00000002000000020000000200000000000000030000000400000000000000020000000200000004
00000004000000010000000400000003000000040000000200000003000000070000000300000005
00000002000000010000000400000005000000030000000500000001000000040000000300000007
00000004000000030000000800000005000000030000000900000006000000040000000300000002
00000004000000060000000800000005000000070000000500000006000000090000000200000003
00000009000000140000000700000013000000040000001000000009000000090000001000000004
00000007000000070000001200000008000000110000000900000009000000070000001200000008
00000005000000150000001500000007000000140000001100000006000000070000001100000016
00000018000000080000001400000013000000100000001600000020000000140000001400000009
00000013000000140000001400000021000000160000002200000018000000260000002100000019
00000015000000110000001400000024000000240000001700000014000000290000002000000016
00000020000000300000002900000031000000250000002600000030000000260000002900000037
00000038000000310000004000000033000000370000003700000037000000410000004100000043
00000043000000580000005700000057000000430000005900000084000000620000008200000068
00000072000000910000008100000123000001130000011200000135000001180000014400000141
00000182000001850000018500000206000002110000025700000300000003390000045200000560
00000693000009200000117800001401000017330000190700002140000023600000259100002601
00002633000026970000278400002866000028490000268200002686000026760000272000002773
00002659000026590000263900002545000025680000256100002604000025320000241600002587
00002556000024130000248200002386000024190000239700002361000024000000238000002364
00002285000022440000236600002293000022950000225100002291000022580000223600002223
00002189000022000000225000002232000021850000216700002133000021560000214100002039
00002046000021090000203300002011000020280000199500001937000019500000198200001982
00001977000019390000185900001861000017900000184000001862000019230000182500001801
00001783000018290000178400001709000017510000169200001684000017420000166900001666
00001661000016840000173800001619000015850000159500001608000016120000165700001649
00001606000016560000165400001636000016180000154500001569000015740000160000001481
00001521000015200000149900001492000014930000147800001505000014510000149900001510
00001459000014510000153400001504000014820000145100001422000015150000141300001430
00001393000014970000148200001407000014090000146900001462000014480000149800001394
00001479000013800000147200001427000014190000140800001416000013720000137800001420
00001385000014380000141700001444000013630000144900001373000013340000143100001329
00001328000012560000136000001357000013260000138700001382000014230000132600001293
00001323000013310000131000001339000013440000140600001347000014090000131400001279
00001335000013850000135000001353000014070000136300001302000013590000141000001326
00001394000013320000131600001337000013790000136300001279000013820000136300001370
00001297000013320000133400001292000012450000126000001328000013250000131600001314
00001283000012730000131200001280000013040000130600001280000012950000122400001235
00001221000012380000125300001267000012560000119700001268000012340000128000001211
00001202000011650000124500001213000012610000116600001163000011730000124100001200
00001195000011440000117800001181000011630000112500001148000010980000111600001111
00001170000011070000105100001103000011390000108100001112000010610000114500001098
00001079000010330000099600001078000010450000111200001048000010670000104100001031
00001005000010070000103200001074000010550000104400000994000010170000095100001003
00000990000010450000098800001003000009920000097600001011000009710000095200000968
00000932000010020000096600000983000009400000102200001017000009360000097100000897
00000979000009360000094300000943000009390000097100000987000009310000092600000915
00000996000009520000099500000947000009390000092600000921000009810000092700000900
00000948000009440000091800000925000009490000090900000969000009470000087800000896
00000897000009010000086000000896000008900000090800000987000008900000087800000868
00000940000009160000089000000899000009470000091700000910000008640000087900000899
00000903000009380000090600000829000008380000087200000920000008960000088100000916
00000955000008800000088900000918000008940000090600000870000008580000089800000882
00000839000008790000088400000881000008960000091400000918000008550000086600000904
00000873000008980000090100000873000008540000086800000840000008650000086500000825
00000872000008900000087500000878000008620000086000000877000008990000091300000889
00000870000008730000087500000816000008710000086000000844000008450000084200000801
00000847000008810000088200000811000008720000089700000871000008430000083700000887
00000859000008440000088300000882000008430000087600000857000008700000091000000895
00000861000008550000089200000796000008470000090800000879000008620000081500000896
00000865000009110000089300000885000008860000089200000903000009170000086300000877
00000913000008740000093500000900000008680000087200000913000008620000090700000898
00000945000008360000092400000867000008680000091200000911000008660000100100000901
00000929000008730000089300000861000009260000086000000954000009340000089700000939
00000909000008930000098900000931000009240000094000000936000008450000092600000942
00000936000008840000090100000948000008970000084500000932000008920000087900000921
00000959000009270000089100000916000009040000090000000915000008600000090400000911
00000880000008770000090600000930000008790000086600000885000009220000084700000875
00000863000008500000080600000858000008500000085200000829000008770000086200000807
00000792000007910000079000000792000007310000074000000749000007990000080500000746
00000745000007210000075800000727000007170000072800000693000006980000069100000691
00000687000006860000063600000646000006530000067200000614000006560000064600000591
00000585000006340000057500000610000005380000052400000519000005450000056400000572
00000481000005110000053600000474000005500000053400000480000005160000052100000484
00000466000004920000043600000485000004390000040500000404000004560000044000000416
00000422000004160000042600000417000004370000041700000420000004460000038800000420
00000397000003880000040000000371000003650000037400000399000004020000036900000356
00000379000003740000031900000361000003420000037500000361000003590000037100000347
00000310000003130000033200000325000003280000029500000324000003140000033400000320
00000329000003430000030500000319000003610000029200000327000003440000034400000334
00000354000003340000030500000323000003310000033300000325000003080000035000000286
00000350000003530000030700000327000003310000032800000295000003200000032300000287
00000289000003140000033800000285000002900000029200000298000002930000028000000313
00000264000002830000031400000303000002780000030800000300000002870000032100000314
00000280000002630000029700000279000002640000027800000286000003100000030500000276
00000287000002850000027400000276000002730000030300000260000002790000027900000286
00000288000002700000028100000251000002780000026000000281000002740000023900000262
00000271000002820000024800000264000002640000026900000258000002640000025700000287
00000270000002540000027200000249000002530000025700000277000002540000022900000260
00000256000002340000026300000287000002270000023900000232000002620000025100000256
00000268000002560000023200000250000002350000026200000235000002270000022100000249
00000237000002320000025000000255000002140000024000000228000002730000024300000260
00000224000002380000023200000242000002240000023400000210000002310000023600000215
00000224000002330000022600000203000002350000020700000244000002120000022600000175
00000220000002500000023100000234000002290000023300000219000002200000022500000224
00000207000002100000020200000205000002270000023000000213000002110000021400000177
00000204000002130000021200000207000002020000023300000207000002180000020900000201
00000183000002230000021600000214000001800000019800000213000002080000021100000201
00000212000002230000022500000207000002020000020900000188000001940000020100000184
00000196000002120000021800000207000002100000017900000205000002040000020700000212
00000214000001900000020400000229000002140000021100000224000002120000021500000216
00000215000001980000020000000182000002130000018500000215000002040000019600000184
00000207000002020000020100000217000002030000019000000219000001830000020700000186
00000209000002000000020200000168000001980000020100000184000002060000019400000192
00000208000002070000018700000210000001890000017800000200000001900000018000000217
00000178000001950000018400000187000002010000018000000169000002020000019100000195
00000168000002030000019600000187000002090000021400000168000002020000019200000204
00000215000001560000019800000172000001910000019100000162000001720000016900000205
00000181000001660000017300000175000001760000017300000196000001860000017400000185
00000197000001870000016400000152000001820000014900000190000001640000016900000189
00000193000001860000019000000173000001590000018700000160000001420000016700000178
00000167000001710000017500000165000001420000018900000181000001850000017300000171
00000183000001610000017600000171000001700000015200000162000001410000013800000153
00000175000001770000016800000163000001720000015500000149000001390000015000000159
00000155000001740000017100000145000001560000016200000157000001520000015700000148
00000143000001480000016000000131000001620000014900000146000001510000016300000162
00000170000001490000016200000150000001250000014600000134000001680000017300000151
00000165000001530000013500000156000001560000015600000157000001330000017400000130
00000154000001590000011700000173000001560000013500000144000001570000014500000158
00000149000001360000013500000161000001520000015000000144000001500000012800000147
00000128000001650000014400000152000001520000016700000161000001260000015900000127
00000147000001300000015000000145000001320000012700000124000001100000014500000157
00000137000001260000015400000145000001420000014500000129000001320000013800000132
00000124000001550000013000000146000001480000013200000122000001350000012600000127
00000131000001390000014100000137000001330000011600000129000001280000012000000144
00000137000001450000013300000118000001460000012400000125000001140000012300000148
00000116000001410000014700000163000001390000012600000142000001310000013000000136
00000130000001340000013300000127000001110000012800000112000001430000014100000130
00000138000001490000013100000137000001360000011000000119000001130000012400000112
00000120000001230000013100000114000001500000014200000136000001360000012000000143
00000131000001240000012000000114000001500000013700000138000001190000012000000129
00000121000001160000012200000121000001270000010500000112000001120000012400000117
00000131000001160000014400000123000001630000013500000130000001200000012100000119
00000117000001190000011700000139000001000000012700000120000001080000012300000102
00000131000001220000013100000123000001040000009400000110000001110000012300000102
00000119000001130000013700000113000000820000010900000116000000970000011600000102
00000096000000840000011200000107000000990000011600000112000001080000009500000111
00000096000001170000009900000100000001050000011100000128000000940000011500000109
00000098000000910000011900000115000001170000011100000098000000890000010500000113
00000109000000880000011900000105000001060000009900000123000001110000011700000097
00000104000001230000011600000120000000980000012300000094000001210000011600000104
00000093000000960000009900000089000000920000010400000103000001030000012800000107
00000120000001030000012200000098000000990000013100000104000000830000008400000114
00000094000000990000008600000090000000820000010800000098000000870000008700000110
00000101000000950000010500000117000001050000008200000097000000940000008700000110
00000086000000850000012500000120000001180000009500000097000001030000010700000104
00000099000000950000011900000090000001020000008900000094000000850000010600000083
00000087000000960000009600000094000001030000010200000121000001020000009500000091
00000089000001060000009400000092000000900000010800000102000000890000010900000085
00000106000000970000009800000098000000830000009200000095000000910000009800000097
00000088000001070000010200000092000000800000009100000107000000970000010700000091
00000095000000970000009400000080000000990000009500000074000001020000008600000090
00000083000000900000010300000092000000930000010800000091000000890000008700000087
00000089000000890000010600000088000001030000008300000104000000990000011700000098
00000100000000960000009700000103000000940000009600000105000001020000008900000093
00000093000000900000008300000091000000920000010600000078000000800000008500000080
00000080000001010000008100000087000000920000009400000100000000940000008500000086
00000082000000980000007600000089000000870000008400000098000000950000009300000070
00000080000000770000009400000073000000800000008900000085000000850000010800000092
00000074000000920000009300000081000000880000008000000059000000800000009500000077
00000092000000990000007600000093000000720000009600000093000000790000007600000066
00000074000000730000009200000072000000730000007800000081000000850000007600000087
00000082000000770000008900000098000000970000007200000078000000870000008500000086
00000111000000910000009000000080000000760000008200000073000000800000008600000089
00000086000000800000008200000069000000850000007100000070000000860000006600000074
00000083000000740000007300000080000000890000010400000089000000780000009200000080
00000079000000760000006800000059000001020000006800000085000000740000007500000072
00000051000000770000007900000111000000720000007300000073000000650000007800000063
00000080000000830000005700000063000000740000006900000066000000750000007100000072
00000075000000620000007100000077000000750000008400000088000000730000005700000070
00000064000000850000008200000072000000720000005900000061000000700000005600000069
00000070000000640000006600000084000000700000005900000064000000780000008100000069
00000069000000640000007600000051000000700000005800000076000000710000007900000073
00000071000000560000005800000065000000770000008200000075000000730000006700000069
00000071000000590000006500000050000000610000006100000075000000630000006300000059
00000068000000760000007500000060000000530000007000000062000000650000006300000065
00000067000000630000006500000072000000680000006300000079000000740000006200000054
00000076000000600000005300000066000000440000006500000064000000590000005700000063
00000076000000680000005500000056000000660000005100000050000000500000006700000060
00000060000000390000005900000064000000600000004900000056000000550000003800000045
00000071000000560000006000000060000000580000005800000049000000560000005600000057
00000048000000500000005200000050000000500000005500000062000000470000004300000045
00000059000000520000005700000053000000550000005300000053000000500000005500000048
00000061000000610000005900000036000000490000004800000064000000440000004800000058
00000051000000640000006000000058000000530000006900000045000000370000005200000056
00000046000000500000005000000038000000470000005200000047000000470000005700000048
00000045000000570000004100000042000000660000004300000047000000520000005100000041
00000043000000530000004300000049000000460000003800000048000000420000004500000048
00000048000000490000005200000043000000510000003800000039000000530000004200000046
00000045000000480000004100000041000000510000005500000048000000480000005200000035
00000041000000380000004300000044000000350000004100000041000000480000003400000050
00000041000000330000003600000052000000340000004600000037000000470000004200000039
00000037000000360000003700000046000000320000003400000040000000440000005500000034
00000037000000300000004900000037000000310000003200000041000000400000003500000036
00000032000000360000003300000047000000430000003000000045000000420000004200000049
00000036000000310000003500000029000000350000003200000035000000300000002900000034
00000024000000280000003700000039000000330000003500000036000000330000002200000033
00000025000000250000003200000041000000390000003700000042000000310000003500000032
00000026000000290000002200000037000000280000003600000028000000280000003700000035
00000030000000430000003200000041000000330000002000000025000000270000003900000030
00000027000000270000003200000029000000320000004500000039000000340000002900000034
00000025000000290000004100000027000000450000002900000032000000270000003600000042
00000038000000370000002900000032000000300000003700000033000000400000002400000024
00000029000000310000002300000035000000230000002000000022000000280000003200000038
00000031000000310000003900000029000000220000004000000022000000290000003100000024
00000029000000350000003800000027000000300000002800000027000000200000003500000033
00000032000000300000002600000020000000290000002900000026000000300000002500000033
00000027000000230000002700000030000000330000002800000038000000330000002700000033
00000028000000300000002500000029000000300000001500000035000000300000002500000024
00000024000000390000002900000028000000320000003500000033000000290000003400000027
00000036000000240000002600000019000000250000002700000029000000260000001800000021
00000026000000220000002400000027000000300000002300000024000000260000002500000024
00000017000000260000003200000031000000230000003000000025000000170000001800000026
00000018000000190000002800000021000000290000002100000026000000200000002100000021
00000031000000270000002500000031000000180000001300000024000000270000002500000025
00000015000000200000002100000017000000210000003100000017000000220000001700000025
00000015000000230000002100000026000000220000002900000024000000250000002800000019
00000022000000160000001400000026000000190000002600000023000000240000002900000033
00000024000000150000002600000014000000290000001500000023000000210000001700000027
00000022000000180000002000000019000000260000002100000022000000240000002300000026
00000022000000110000001800000018000000240000002600000020000000220000002000000022
00000023000000170000001500000022000000210000002400000021000000240000002100000015
00000014000000160000001900000019000000200000001500000019000000160000002200000011
00000025000000200000002300000017000000170000002000000017000000250000001400000023
00000020000000290000001800000015000000200000002000000023000000190000002100000014
00000015000000170000001600000016000000120000001200000013000000200000002100000021
00000015000000110000001700000017000000130000001000000013000000210000001600000016
00000017000000250000002000000018000000160000001500000010000000150000002000000019
00000013000000190000000900000014000000190000002200000013000000250000001800000015
00000016000000140000001100000017000000130000001300000016000000180000001300000018
00000012000000130000001200000021000000260000001200000018000000100000001300000015
00000014000000160000001700000011000000170000001500000020000000220000001500000021
00000015000000120000001600000013000000200000001200000013000000160000001600000017
00000010000000200000001600000017000000240000001100000007000000100000001200000011
00000020000000180000001100000012000000070000001800000016000000150000001300000015
00000017000000110000001500000009000000120000001000000011000000170000001400000011
00000011000000160000001600000018000000130000001500000015000000120000001200000010
00000013000000170000001300000015000000120000002300000013000000100000001800000011
00000016000000110000001100000011000000140000001000000011000000140000001100000014
00000009000000090000000600000016000000110000001300000015000000210000000800000010
00000007000000130000000800000009000000130000001400000011000000080000001300000009
00000011000000110000001200000011000000130000001000000011000000060000000300000007
00000014000000100000001400000009000000110000000900000012000000110000000700000013
00000014000000130000000600000007000000130000000600000015000000080000000800000009
00000012000000080000001600000007000000100000001100000009000000070000000800000009
00000012000000160000000900000008000000030000000800000010000000090000000700000012
00000009000000140000000800000011000000090000001000000011000000080000001300000007
00000004000000080000001000000008000000080000001100000010000000110000001300000005
00000011000000080000001100000007000000110000001000000008000000090000001600000005
00000011000000060000001100000007000000140000000600000006000000070000000900000008
00000010000000100000000800000009000000080000000800000008000000060000000800000007
00000004000000080000000800000006000000040000000200000007000000110000000400000010
00000007000000080000000700000010000000080000000800000003000000120000000800000005
00000016000000150000000900000011000000050000000400000007000000070000000700000007
00000006000000090000000600000006000000040000000500000004000000080000001100000006
00000005000000090000000600000003000000030000000200000004000000050000000700000006
00000007000000060000000800000005000000040000000900000006000000080000000300000006
00000003000000090000000500000006000000040000000400000006000000070000001100000006
00000010000000040000000400000011000000040000000700000006000000010000000600000005
00000007000000060000000500000004000000070000000800000003000000040000000700000004
00000004000000090000000600000007000000060000000600000003000000080000000700000005
00000005000000060000001000000006000000090000000500000001000000050000000500000004
00000004000000040000000200000004000000050000000500000008000000050000000100000005
00000005000000030000000700000008000000060000000400000003000000050000000500000007
00000005000000070000000100000000000000060000000700000005000000060000000200000004
00000002000000030000000500000005000000060000000500000003000000090000000800000005
00000001000000060000000900000003000000040000000400000006000000040000000500000004
00000004000000020000000500000006000000050000000300000002000000030000000100000008
00000005000000030000000100000009000000050000000500000003000000030000000400000006
00000003000000020000000800000005000000050000000300000003000000020000000500000003
00000001000000060000000400000003000000030000000100000003000000030000000300000002
00000004000000050000000300000004000000010000000200000003000000030000000700000004
00000004000000020000000400000003000000040000000100000004000000050000000100000001
00000007000000040000000600000003000000040000000600000004000000050000000100000002
00000000000000030000000400000001000000030000000300000003000000030000000100000004
00000003000000060000000600000003000000020000000400000002000000040000000200000004
00000001000000040000000000000005000000050000000200000005000000030000000200000002
00000004000000050000000200000001000000020000000300000003000000020000000400000002
00000003000000030000000400000006000000050000000200000001000000020000000400000001
00000008000000030000000300000001000000050000000400000002000000040000000200000004
00000002000000040000000600000005000000040000000100000002000000030000000300000003
00000000000000040000000100000005000000070000000000000006000000010000000200000004
00000002000000010000000200000008000000060000000100000001000000000000000200000003
00000003000000010000000100000004000000040000000300000002000000010000000000000003
00000000000000010000000700000002000000050000000000000003000000010000000100000003
00000005000000000000000200000002000000040000000100000001000000030000000300000003
00000003000000020000000300000001000000000000000200000003000000010000000200000001
00000005000000010000000300000002000000010000000400000001000000010000000200000003
00000000000000010000000300000003000000020000000100000004000000030000000300000004
00000001000000060000000200000005000000020000000400000001000000040000000200000000
00000003000000010000000200000000000000020000000200000001000000030000000300000002
00000003000000020000000300000004000000020000000200000001000000020000000300000004
00000001000000040000000200000002000000030000000100000000000000020000000100000003
00000000000000030000000100000001000000030000000300000001000000010000000200000000
00000004000000000000000200000001000000030000000100000003000000000000000000000002
00000000000000010000000100000003000000020000000000000003000000010000000100000002
00000003000000000000000100000004000000030000000400000001000000000000000100000002
00000001000000000000000100000002000000010000000000000003000000030000000000000003
00000001000000010000000000000003000000010000000000000001000000010000000200000003
00000001000000000000000200000000000000000000000100000001000000060000000200000001
00000004000000010000000100000002000000010000000200000000000000000000000300000003
00000002000000000000000000000002000000000000000100000002000000000000000100000000
00000001000000010000000200000002000000040000000100000000000000040000000000000002
00000003000000020000000100000002000000010000000000000004000000010000000100000000
00000000000000030000000000000001000000010000000300000000000000010000000100000001
00000000000000020000000000000001000000020000000100000001000000000000000100000002
00000000000000000000000100000000000000000000000100000001000000000000000100000004
00000001000000010000000100000001000000010000000000000002000000000000000100000002
00000000000000010000000100000000000000010000000100000001000000020000000100000000
00000000000000030000000300000001000000010000000100000001000000010000000100000000
00000000000000000000000200000001000000010000000000000000000000000000000000000000
00000001000000000000000000000003000000010000000100000001000000000000000000000000
00000000000000010000000000000000000000000000000000000000000000000000000000000000
00000000000000020000000100000001000000000000000000000000000000010000000200000000
00000000000000000000000100000001000000000000000100000002000000000000000000000000
00000000000000010000000000000000000000020000000000000000000000000000000000000000
00000000000000000000000100000000000000000000000100000000000000020000000100000000
00000000000000020000000000000000000000000000000000000000000000000000000000000000
00000001000000020000000000000002000000000000000100000000000000000000000000000000
00000000000000020000000100000000000000010000000000000001000000000000000100000000
00000002000000020000000000000000000000000000000000000000000000000000000000000000
00000001000000010000000000000000000000010000000000000000000000010000000100000000
00000000000000010000000100000002000000010000000200000002000000000000000200000001
00000000000000010000000000000000000000010000000000000001000000000000000000000000
00000000000000000000000000000000000000000000000000000001000000010000000000000000
00000000000000000000000000000000000000000000000000000001000000020000000000000000
00000000000000000000000200000001000000000000000000000000000000010000000000000000
00000000000000000000000100000001000000010000000000000000000000000000000100000001
00000001000000000000000100000000000000000000000200000001000000010000000000000001
00000000000000000000000000000000000000000000000100000001000000000000000000000000
00000000000000000000000000000000000000000000000000000001000000000000000000000000
00000000000000000000000100000000000000000000000000000000000000000000000000000000
00000001000000000000000000000000000000000000000000000000000000000000000000000000
00000000000000000000000000000002000000010000000000000000000000000000000000000001
00000000000000000000000000000000000000010000000000000000000000000000000000000000
00000000000000000000000000000000000000010000000000000001000000000000000000000000
00000000000000000000000000000000000000000000000100000000000000000000000100000000
00000000000000000000000000000000000000010000000000000000000000000000000000000000
00000001000000000000000000000000000000000000000000000000000000000000000000000001
00000000000000000000000000000000000000000000000100000000000000000000000000000001
00000000000000000000000000000000000000000000000000000000000000000000000000000000
00000000000000010000000000000001000000000000000100000000000000000000000000000000
00000000000000000000000100000000000000000000000000000000000000000000000100000000
00000000000000000000000000000000000000010000000000000000000000010000000000000000
00000000000000000000000000000001000000010000000000000000000000000000000000000000
00000000000000000000000100000000000000010000000100000001000000010000000100000000
00000003000000010000000000000000000000010000000200000001000000010000000000000001
00000000000000010000000000000000000000020000000200000000000000010000000000000000
00000000000000010000000100000001000000000000000000000000000000000000000000000000
00000000000000000000000000000000000000000000000000000000000000000000000000000000
00000000000000000000000000000000000000000000000000000000000000000000000000000000
00000000000000000000000000000000000000000000000000000000000000000000000000000000
00000000000000000000000000000000000000000000000000000000000000000000000000000000
00000000000000000000000100000000000000000000000000000000000000000000000000000000
00000000000000000000000000000000000000000000000000000000000000000000000000000000
00000000000000010000000000000001000000000000000000000000000000000000000100000000
00000003000000000000000000000000000000000000000000000001000000020000000300000000
00000000000000010000000000000000000000000000000000000000000000000000000000000000
00000000000000000000000000000000000000000000000000000000000000000000000000000000
00000000000000000000000000000000000000000000000000000000000000000000000000000000
00000000000000000000000000000000000000000000000000000000000000000000000000000000
00000000000000000000000000000000000000000000000000000000000000000000000000000000
00000000000000000000000000000000000000000000000000000000000000000000000000000000
00000000000000000000000000000000000000000000000000000000000000000000000000000000
00000000000000000000000000000000000000000000000000000000000000000000000000000000
00000000000000000000000000000000000000000000000000000000000000000000000000000000
00000000000000000000000000000000000000000000000000000000000000000000000000000000
00000000000000000000000000000000000000000000000000000000000000000000000000000000
00000000000000000000000000000000000000000000000000000000000000000000000000000000
00000000000000000000000000000000000000000000000000000000000000000000000000000000
00000000000000000000000000000000000000000000000000000000000000000000000000000000
00000000000000000000000000000000000000000000000000000000000000000000000000000000
00000000000000000000000000000000000000000000000000000000000000000000000000000000
00000000000000000000000000000000000000000000000000000000000000000000000000000000
00000000000000000000000000000000000000000000000000000000000000000000000000000000
00000000000000000000000000000000000000000000000000000000000000000000000000000000
00000000000000000000000000000000000000000000000000000000000000000000000000000000
00000000000000000000000000000000000000000000000000000000000000000000000000000000
00000000000000000000000000000000000000000000000000000000000000000000000000000000
00000000000000000000000000000000000000000000000000000000000000000000000000000000
00000000000000000000000000000000000000000000000000000000000000000000000000000000
00000000000000000000000000000000000000000000000000000000000000000000000000000000
00000000000000000000000000000000000000000000000000000000000000000000000000000000
00000000000000000000000000000000000000000000000000000000000000000000000000000000
00000000000000000000000000000000000000000000000000000000000000000000000000000000
00000000000000000000000000000000000000000000000000000000000000000000000000000000
00000000000000000000000000000000000000000000000000000000000000000000000000000000
00000000000000000000000000000000000000000000000000000000000000000000000000000000
00000000000000000000000000000000000000000000000000000000000000000000000000000000
00000000000000000000000000000000000000000000000000000000000000000000000000000000
00000000000000000000000000000000000000000000000000000000000000000000000000000000
00000000000000000000000000000000000000000000000000000000000000000000000000000000
00000000000000000000000000000000000000000000000000000000000000000000000000000000
00000000000000000000000000000000000000000000000000000000000000000000000000000000
00000000000000000000000000000000000000000000000000000000000000000000000000000000
00000000000000000000000000000000000000000000000000000000000000000000000000000000
00000000000000000000000000000000000000000000000000000000000000000000000000000000
00000000000000000000000000000000000000000000000000000000000000000000000000000000
00000000000000000000000000000000000000000000000000000000000000000000000000000000
00000000000000000000000000000000000000000000000000000000000000000000000000000000
00000000000000000000000000000000000000000000000000000000000000000000000000000000
00000000000000000000000000000000000000000000000000000000000000000000000000000000
00000000000000000000000000000000000000000000000000000000000000000000000000000000
00000000000000000000000000000000000000000000000000000000000000000000000000000000
00000000000000000000000000000000000000000000000000000000000000000000000000000000
00000000000000000000000000000000000000000000000000000000000000000000000000000000
000000000000000000000000000000000000000000000000