 0006030 0000040 0000000 0004095 1041018 0061444
00000002000000010000000300000001000000020000000000000001000000010000000100000000
00000000000000010000000000000000000000010000000000000001000000020000000100000001
00000000000000010000000000000002000000000000000000000000000000030000000000000000
00000001000000010000000000000002000000020000000100000001000000000000000000000000
00000000000000000000000100000001000000000000000300000000000000010000000100000002
00000000000000010000000100000002000000010000000300000000000000000000000000000003
00000000000000010000000300000002000000010000000000000000000000010000000100000002
00000002000000020000000000000000000000020000000300000000000000010000000000000002
00000000000000010000000200000001000000040000000400000000000000000000000000000001
00000001000000000000000200000001000000000000000300000001000000010000000000000001
00000004000000000000000100000002000000010000000100000003000000020000000100000003
00000000000000000000000200000004000000030000000300000000000000020000000100000002
00000000000000040000000100000002000000010000000400000004000000030000000100000004
00000003000000030000000400000003000000020000000700000002000000060000000600000005
00000004000000000000000300000003000000020000000600000003000000030000000400000002
00000006000000070000000400000003000000050000000100000003000000040000000200000006
00000001000000070000000200000005000000050000000600000007000000030000001300000011
00000010000000090000001100000011000000120000000800000010000000160000001100000008
00000009000000130000001100000013000000090000001500000015000000230000001500000014
00000008000000220000001800000019000000140000001500000016000000130000001800000019
00000012000000140000002200000020000000090000001000000019000000180000001200000011
00000018000000180000001800000016000000190000000900000015000000090000001300000019
00000020000000150000001500000020000000130000001500000015000000160000002100000019
00000011000000130000001300000024000000170000002700000011000000140000001700000019
00000014000000230000002100000016000000250000001600000020000000180000002100000024
00000022000000260000002800000035000000320000001300000046000000460000005300000043
00000045000000580000005000000062000000750000008200000134000001550000016900000209
00000280000002770000038900000476000005170000061200000722000008010000084200001014
00001064000010760000118600001210000012360000128600001370000013590000143300001420
00001454000013810000136600001354000013500000140200001376000014480000139200001399
00001326000013580000135900001298000013520000130900001345000012900000132200001287
00001334000013130000134200001355000013270000131600001364000013490000138900001392
00001460000014470000144100001451000015000000141400001452000014850000154000001609
00001592000016240000165200001603000016840000161900001655000017650000178400001797
00001728000017620000175200001794000016930000169500001806000017020000173000001689
00001661000017670000166500001708000016690000171200001629000016670000169200001563
00001655000017280000159100001600000016560000163600001590000015860000154300001588
00001559000015590000162600001540000015270000153000001547000015130000146700001451
00001471000014530000137700001490000013860000142200001418000014320000137600001411
00001334000014520000138600001386000013160000135600001293000012970000129000001326
00001247000013060000122800001310000012610000124800001309000012750000126100001224
00001268000012390000117100001198000012450000114900001129000012560000116100001176
00001193000011090000109600001115000010960000110400001145000011320000103800001103
00001099000010650000104700001066000011540000104100001116000010540000101800000966
00001013000010610000098900000970000010180000104300001009000010090000098000001022
00001019000010140000091900000975000009520000095600000971000009370000091600000931
00000952000008790000093800000914000009120000090800000941000008870000089800000942
00000921000008560000090700000923000008540000085100000894000008570000083700000848
00000867000008470000080200000816000007810000084300000781000007850000082300000771
00000846000008310000084000000794000007980000083200000783000007970000081200000791
00000768000007940000071200000710000007840000078900000810000007240000075800000716
00000733000007410000071600000755000006970000074400000756000006590000077200000750
00000668000007600000069600000706000007010000076000000690000007100000067800000709
00000755000006850000066200000646000006530000067300000652000006420000067200000713
00000654000006820000063000000679000006430000067100000654000006370000063500000615
00000643000006030000061000000585000006530000065000000611000005760000060100000592
00000593000005750000057000000589000005940000056800000613000006140000064500000624
00000585000005940000054500000591000005910000061600000580000005460000056600000603
00000522000005970000054800000583000005870000055400000583000005530000056500000522
00000544000005660000053000000505000005590000056300000498000005300000051800000554
00000555000005750000052100000493000005420000050600000544000004870000050000000514
00000544000005640000054900000546000005450000049900000528000005290000051500000548
00000513000005140000052100000540000005110000048000000476000004760000048200000526
00000500000005210000051400000446000004640000047800000474000004940000046200000468
00000455000004570000046700000445000004410000045300000468000004360000044300000439
00000413000004540000039900000409000004330000038800000450000004140000041700000435
00000417000004250000039700000391000003960000039200000405000003910000041100000373
00000367000003940000039800000351000003560000031400000354000003190000035300000365
00000372000003550000035300000329000003230000033200000315000003010000033600000294
00000300000003150000030100000297000003230000027900000289000002920000031000000287
00000305000002840000028700000297000003030000028300000301000002720000027800000292
00000263000002600000030800000268000002330000023800000230000002670000025200000266
00000244000002590000028200000262000002500000027900000236000002500000025900000293
00000243000002570000026900000236000002560000024600000230000002600000026100000279
00000264000002760000026000000258000002700000024100000255000002360000027200000223
00000248000002450000022800000227000002340000025900000251000002440000024800000258
00000237000002570000025400000222000002380000019900000235000002380000023100000241
00000262000002340000024900000231000002270000019900000205000002270000023100000251
00000201000002310000021700000198000002240000024100000208000002270000022300000238
00000231000002570000024000000240000002520000021500000229000002230000018300000238
00000249000002320000022500000237000002470000021700000210000002370000020200000236
00000223000002190000021000000224000002120000020200000200000002200000021800000203
00000183000002180000019500000210000002100000021100000220000002120000019500000202
00000219000001970000021600000227000002000000019400000216000002030000021700000184
00000187000001900000020300000180000001970000020500000227000001990000022700000216
00000186000002170000020200000209000001880000020900000198000002110000020400000209
00000197000002120000017300000197000001920000016900000209000002210000020000000179
00000175000002000000020800000203000001870000020400000179000001950000023000000214
00000227000001830000020700000199000002050000018500000190000002010000019900000181
00000189000001880000019600000170000002070000017300000203000001750000022200000212
00000197000002230000017400000173000001990000018900000196000001710000019100000196
00000181000002040000021000000182000001770000018500000185000001800000018700000182
00000196000001950000019100000191000001900000018800000198000002150000017300000162
00000200000001920000019100000186000001580000019600000207000001690000021800000180
00000170000001860000017500000173000001680000020300000176000001850000018800000149
00000185000001930000017500000190000001940000017800000190000001790000019100000195
00000182000001610000018100000186000001680000018800000177000001840000019600000174
00000178000002020000018400000163000001940000019200000166000001870000017400000183
00000182000001760000017300000168000001640000017400000190000001840000017300000163
00000168000001850000017700000184000001730000018300000176000001660000015700000167
00000153000001810000019800000168000001650000016400000174000001590000015500000188
00000165000001610000019000000171000001680000016900000186000001860000019600000186
00000151000001660000018600000195000001640000017000000189000001830000016900000173
00000177000001660000019000000183000001750000016300000190000001720000018600000157
00000176000001460000016500000198000001630000013500000176000001570000018200000156
00000184000001700000017800000171000001590000014900000196000001570000017900000176
00000200000001810000017500000172000001920000016900000177000001700000015900000161
00000167000001610000017100000171000001810000013200000167000001840000018500000161
00000157000001660000017500000159000001820000014100000170000001700000017600000183
00000152000001770000016900000168000001530000016000000190000001890000017300000193
00000165000001630000018100000173000001650000018200000158000001760000016200000155
00000162000001590000016600000157000001710000017400000189000001680000015200000167
00000166000001620000017600000164000001630000017000000183000001700000016800000165
00000154000001920000017300000146000001760000016500000153000001760000015000000160
00000158000001660000014500000155000001660000016700000162000001790000015600000161
00000159000001470000016600000146000001690000015100000136000001600000015700000159
00000157000001390000016300000187000001670000015700000139000001680000015400000166
00000155000001770000015300000147000001520000015800000133000001720000014600000166
00000124000001480000016000000172000001540000013000000136000001660000018300000145
00000141000001750000016600000130000001600000015700000156000001450000014300000146
00000179000001670000016500000160000001430000013900000156000001480000015700000149
00000156000001550000016100000129000001510000015900000167000001380000015600000143
00000157000001740000014900000142000001460000015300000147000001370000014800000145
00000153000001470000015200000147000001380000017400000103000001310000013500000132
00000140000001670000014800000146000001620000014500000139000001450000012500000140
00000129000001340000013000000143000001390000016200000145000001390000011200000131
00000123000001310000014000000125000001470000012800000159000001350000014400000124
00000151000001410000013000000138000001210000013800000107000001240000013000000128
00000119000001530000014000000145000001240000012300000128000001450000011200000116
00000144000001090000011800000134000001130000013100000123000001230000011900000106
00000106000001220000011600000123000001150000011500000127000001190000009700000116
00000114000001120000010300000099000001210000011500000094000001210000010500000091
00000114000000990000010700000097000001030000009300000128000000960000011200000095
00000093000001060000010300000096000000940000011500000094000000980000009700000106
00000095000000880000009500000097000001100000009700000103000001000000010400000102
00000084000000950000008100000089000000960000007800000104000000990000009500000083
00000076000000810000008100000088000000910000008500000081000001070000008000000096
00000077000000910000007600000097000000730000008300000089000000890000007600000094
00000072000000770000008100000061000000880000009000000082000000820000007000000079
00000094000000740000007800000075000001000000008000000091000000660000007200000081
00000072000000580000008300000066000000700000007400000078000000720000007700000068
00000062000000640000007000000071000000820000006800000067000000700000005800000052
00000074000000720000006600000066000000620000005700000056000000460000006800000064
00000053000000650000006500000054000000490000007600000064000000560000006200000063
00000052000000690000005300000061000000420000006100000055000000480000005100000057
00000061000000450000005600000060000000500000005500000042000000460000005700000051
00000047000000520000006400000045000000480000005100000047000000530000005300000061
00000047000000470000005100000049000000550000005500000041000000480000004800000052
00000052000000410000006100000053000000480000004400000034000000370000004800000062
00000048000000530000003900000042000000490000004100000039000000640000004100000041
00000046000000400000004200000043000000380000004000000042000000230000004000000023
00000042000000370000004000000041000000300000004700000037000000380000003300000046
00000040000000430000003300000032000000240000003300000039000000350000003900000036
00000030000000310000002200000034000000250000003000000030000000210000003400000033
00000028000000300000003200000030000000230000003400000031000000320000003300000031
00000036000000300000003600000026000000270000002400000036000000320000003400000026
00000032000000270000002400000022000000240000002400000023000000200000002100000030
00000026000000240000002900000022000000180000002100000029000000220000003100000023
00000026000000190000002200000028000000250000002300000028000000300000002600000025
00000021000000140000001300000020000000150000001700000023000000280000001800000032
00000013000000170000001400000019000000220000002100000016000000150000002600000020
00000025000000220000001300000014000000150000002200000019000000130000001900000020
00000016000000160000001600000022000000210000002000000014000000200000002300000015
00000021000000190000001800000017000000110000001600000015000000170000002000000012
00000015000000190000002100000014000000150000001600000006000000120000000900000011
00000009000000130000001100000014000000100000001400000012000000170000001400000015
00000022000000140000001200000013000000150000001600000006000000130000001600000009
00000015000000130000001100000016000000140000001200000010000000070000000600000009
00000014000000080000001100000011000000060000001600000009000000080000001000000006
00000013000000070000001600000011000000120000000600000014000000080000000800000011
00000006000000080000000800000014000000070000000800000007000000070000000600000006
00000008000000050000000800000009000000060000001100000012000000060000001200000006
00000005000000090000000700000009000000080000000600000004000000070000000800000008
00000007000000040000001000000003000000050000000600000009000000060000000400000013
00000007000000060000000900000005000000090000000600000004000000080000000700000009
00000005000000040000000600000007000000070000000700000002000000090000000800000003
00000010000000060000000600000003000000050000000600000004000000040000000700000004
00000008000000030000000400000001000000080000000700000004000000050000000300000009
00000012000000040000000300000010000000030000000700000005000000030000000400000007
00000005000000020000000200000003000000050000000300000001000000100000000600000007
00000006000000030000000400000003000000070000000800000005000000040000001100000005
00000001000000050000000500000004000000060000000400000006000000050000000300000004
00000002000000040000000400000004000000080000000500000006000000050000000300000004
00000005000000000000000700000005000000040000000200000002000000040000000400000002
00000005000000020000000500000000000000040000000100000001000000050000000200000004
00000004000000040000000100000003000000040000000200000002000000040000000000000000
00000001000000030000000000000007000000010000000300000005000000040000000200000003
00000002000000000000000200000004000000030000000400000005000000010000000100000000
00000003000000060000000300000002000000040000000200000005000000000000000200000000
00000003000000060000000200000006000000040000000200000002000000030000000200000003
00000001000000020000000000000001000000010000000000000003000000050000000100000002
00000002000000010000000300000000000000030000000300000004000000020000000200000001
00000000000000030000000300000002000000030000000100000002000000040000000000000002
00000000000000010000000000000002000000020000000100000002000000020000000100000002
00000001000000040000000400000000000000000000000100000001000000020000000000000003
00000000000000010000000100000002000000010000000200000002000000000000000200000000
00000001000000010000000000000002000000010000000200000001000000030000000100000001
00000001000000010000000200000002000000000000000100000001000000010000000000000000
00000004000000010000000000000000000000000000000200000003000000000000000100000001
00000000000000010000000300000003000000010000000100000001000000000000000100000000
00000001000000020000000400000002000000010000000000000000000000010000000000000000
00000000000000000000000200000001000000030000000000000000000000000000000200000000
00000001000000020000000000000000000000010000000100000000000000020000000100000000
00000000000000020000000000000001000000010000000100000000000000010000000100000000
00000000000000000000000000000003000000000000000100000001000000000000000000000000
00000001000000000000000100000000000000000000000000000002000000020000000000000000
00000000000000000000000100000000000000000000000100000000000000010000000000000001
00000001000000010000000000000001000000000000000000000000000000010000000000000000
00000000000000000000000000000000000000000000000000000001000000000000000000000001
00000001000000000000000200000001000000000000000100000000000000010000000000000000
00000000000000010000000000000001000000000000000000000000000000000000000000000001
00000000000000000000000000000000000000000000000100000000000000010000000000000000
00000000000000000000000000000000000000000000000000000000000000000000000100000000
00000000000000000000000000000000000000000000000000000000000000000000000200000001
00000000000000000000000000000000000000000000000100000000000000010000000000000001
00000000000000000000000000000000000000000000000000000000000000000000000000000000
00000000000000000000000000000001000000000000000000000000000000000000000000000000
00000000000000000000000000000001000000000000000000000000000000000000000100000001
00000001000000000000000100000000000000000000000000000000000000000000000000000000
00000000000000000000000000000000000000000000000000000001000000000000000100000000
00000000000000000000000000000000000000000000000000000001000000010000000000000000
00000000000000000000000000000001000000000000000000000002000000000000000100000000
00000000000000000000000000000000000000000000000100000000000000010000000000000000
00000000000000000000000100000000000000000000000000000000000000000000000100000000
00000000000000000000000000000000000000000000000000000000000000000000000000000000
00000000000000000000000000000001000000000000000000000000000000000000000000000000
00000001000000000000000000000000000000000000000000000000000000000000000000000000
00000000000000000000000000000000000000000000000000000000000000010000000000000000
00000000000000000000000000000000000000000000000000000000000000000000000000000000
00000000000000000000000000000000000000010000000000000000000000000000000000000000
00000000000000000000000000000000000000000000000100000001000000000000000000000000
00000000000000000000000000000000000000000000000000000000000000000000000000000000
00000000000000000000000000000000000000000000000000000000000000010000000000000000
00000000000000000000000000000000000000000000000000000000000000000000000000000000
00000000000000000000000000000000000000000000000000000000000000000000000100000000
00000000000000000000000000000000000000000000000000000000000000000000000000000000
00000000000000000000000000000000000000010000000000000000000000000000000000000000
00000000000000000000000000000000000000000000000000000000000000000000000000000000
00000000000000000000000000000000000000000000000000000000000000000000000000000000
00000000000000000000000000000000000000000000000100000000000000000000000000000000
00000000000000000000000000000000000000000000000000000000000000000000000000000000
00000000000000000000000000000000000000000000000000000000000000000000000000000000
00000000000000000000000000000000000000000000000000000000000000000000000000000001
00000000000000000000000000000000000000000000000000000000000000000000000000000000
00000000000000000000000000000000000000000000000000000000000000000000000000000001
00000000000000000000000000000000000000000000000000000000000000000000000000000000
00000000000000000000000000000000000000000000000000000000000000000000000000000001
00000000000000000000000000000000000000000000000000000000000000000000000100000000
00000001000000000000000000000000000000000000000000000000000000000000000000000000
00000000000000000000000000000000000000000000000000000000000000000000000000000000
00000000000000000000000000000000000000000000000000000000000000000000000000000000
00000000000000000000000000000000000000000000000000000000000000010000000000000000
00000000000000000000000000000000000000000000000000000000000000000000000000000000
00000000000000000000000000000000000000000000000000000000000000000000000000000000
00000000000000000000000000000000000000000000000000000000000000000000000100000000
00000000000000000000000000000000000000010000000000000000000000000000000000000000
00000000000000000000000000000001000000010000000000000000000000000000000000000000
00000000000000000000000000000000000000000000000000000000000000000000000000000000
00000000000000000000000000000000000000000000000000000000000000000000000000000000
00000000000000000000000000000000000000000000000000000000000000000000000000000000
00000000000000000000000000000000000000000000000000000000000000000000000000000000
00000000000000000000000000000000000000000000000000000000000000000000000000000000
00000000000000000000000000000000000000000000000000000000000000000000000000000000
00000000000000000000000000000000000000000000000000000000000000000000000000000000
00000000000000000000000000000000000000000000000000000000000000000000000000000000
00000000000000000000000000000000000000000000000000000000000000000000000000000000
00000000000000000000000000000000000000000000000000000000000000000000000000000000
00000000000000000000000000000000000000000000000000000000000000000000000000000000
00000000000000000000000000000000000000000000000000000000000000000000000000000000
00000000000000000000000000000000000000000000000000000000000000000000000000000000
00000000000000000000000000000000000000000000000000000000000000000000000000000001
00000000000000000000000000000000000000000000000000000000000000000000000000000000
00000000000000000000000000000000000000000000000000000000000000000000000000000000
00000000000000000000000000000000000000000000000000000000000000000000000000000000
00000000000000000000000000000000000000000000000000000000000000000000000000000000
00000000000000000000000000000000000000000000000000000000000000000000000000000000
00000000000000000000000000000000000000000000000000000000000000000000000100000000
00000000000000000000000000000000000000000000000000000000000000000000000000000000
00000000000000000000000000000000000000000000000000000000000000000000000000000000
00000000000000000000000000000000000000000000000000000000000000000000000000000000
00000000000000000000000000000000000000000000000000000000000000000000000000000000
00000000000000000000000000000000000000000000000000000000000000000000000000000000
00000000000000000000000000000000000000000000000000000000000000000000000000000000
00000000000000000000000000000000000000000000000000000000000000000000000000000000
00000000000000000000000000000000000000000000000000000000000000000000000000000000
00000000000000000000000000000000000000000000000000000000000000000000000000000000
00000000000000000000000000000000000000000000000000000000000000000000000000000000
00000000000000000000000000000000000000000000000000000000000000000000000000000000
00000000000000000000000000000000000000000000000000000000000000000000000000000000
00000000000000000000000000000000000000000000000000000000000000000000000000000000
00000000000000000000000000000000000000000000000000000000000000000000000000000000
00000000000000000000000000000000000000010000000000000000000000000000000000000000
00000000000000000000000000000000000000000000000000000000000000000000000000000000
00000000000000000000000000000000000000000000000000000000000000000000000000000000
00000000000000000000000000000000000000000000000000000000000000000000000000000000
00000000000000000000000000000000000000000000000000000000000000000000000000000000
00000000000000000000000000000000000000000000000000000000000000000000000000000000
00000000000000000000000000000000000000000000000000000000000000000000000000000000
00000000000000000000000000000000000000000000000000000000000000000000000000000000
00000000000000000000000000000000000000000000000000000000000000000000000000000000
00000000000000000000000000000000000000000000000000000000000000000000000000000000
00000000000000000000000000000000000000000000000000000000000000000000000000000000
00000000000000000000000000000000000000000000000000000000000000000000000000000000
00000000000000000000000000000000000000000000000000000000000000000000000000000000
00000000000000000000000000000000000000000000000000000000000000000000000000000000
00000000000000000000000000000000000000000000000000000000000000000000000000000000
00000000000000000000000000000000000000000000000000000000000000000000000000000000
00000000000000000000000000000000000000000000000000000000000000000000000000000000
00000000000000000000000000000000000000000000000000000000000000000000000000000000
00000000000000000000000000000000000000000000000000000000000000000000000000000000
00000000000000000000000000000000000000000000000000000000000000000000000000000000
00000000000000000000000000000000000000000000000000000000000000000000000000000000
00000000000000000000000000000000000000000000000000000000000000000000000000000000
00000000000000000000000000000000000000000000000000000000000000000000000000000000
00000000000000000000000000000000000000000000000000000000000000000000000000000000
00000000000000000000000000000000000000000000000000000000000000000000000000000000
00000000000000000000000000000000000000000000000000000000000000000000000000000000
00000000000000000000000000000000000000000000000000000000000000000000000000000000
00000000000000000000000000000000000000000000000000000000000000000000000000000000
00000000000000000000000000000000000000000000000000000000000000000000000000000000
00000000000000000000000000000000000000000000000000000000000000000000000000000000
00000000000000000000000000000000000000000000000000000000000000000000000000000000
00000001000000000000000000000000000000000000000000000000000000000000000000000000
00000000000000000000000000000000000000000000000000000000000000000000000000000000
00000000000000000000000000000000000000000000000000000000000000000000000000000000
00000000000000000000000000000000000000000000000000000000000000000000000000000000
00000000000000000000000000000000000000000000000000000000000000000000000000000000
00000000000000000000000000000000000000000000000000000000000000000000000000000000
00000000000000000000000000000000000000000000000000000000000000000000000000000000
00000000000000000000000000000000000000000000000000000000000000000000000000000000
00000000000000000000000000000000000000000000000000000000000000000000000000000000
00000000000000000000000000000000000000000000000000000000000000000000000000000000
00000000000000000000000000000000000000000000000000000000000000000000000000000000
00000000000000000000000000000000000000000000000000000000000000000000000000000000
00000000000000000000000000000000000000000000000000000000000000000000000000000000
00000000000000000000000000000000000000000000000000000000000000000000000000000000
00000000000000000000000000000000000000000000000000000000000000000000000000000000
00000000000000000000000000000000000000000000000000000000000000000000000000000000
00000000000000000000000000000000000000000000000000000000000000000000000000000000
00000000000000000000000000000000000000000000000000000000000000000000000000000000
00000000000000000000000000000000000000000000000000000000000000000000000000000000
00000000000000000000000000000000000000000000000000000000000000000000000000000000
00000000000000000000000000000000000000000000000000000000000000000000000000000000
00000000000000000000000000000000000000000000000000000000000000000000000000000000
00000000000000000000000000000000000000000000000000000000000000000000000000000000
00000000000000000000000000000000000000000000000000000000000000000000000000000000
00000000000000000000000000000000000000000000000000000000000000000000000000000000
00000000000000000000000000000000000000000000000000000000000000000000000000000000
00000000000000000000000000000000000000000000000000000000000000000000000000000000
00000000000000000000000000000000000000000000000000000000000000000000000000000000
00000000000000000000000000000000000000000000000000000000000000000000000000000000
00000000000000000000000000000000000000000000000000000000000000000000000000000000
00000000000000000000000000000000000000000000000000000000000000000000000000000000
00000000000000000000000000000000000000000000000000000000000000000000000000000000
00000000000000000000000000000000000000000000000000000000000000000000000000000000
00000000000000000000000000000000000000000000000000000000000000000000000000000000
00000000000000000000000000000000000000000000000000000000000000000000000000000000
00000000000000000000000000000000000000000000000000000000000000000000000000000000
00000000000000000000000000000000000000000000000000000000000000000000000000000000
00000000000000000000000000000000000000000000000000000000000000000000000000000000
00000000000000000000000000000000000000000000000000000000000000000000000000000000
00000000000000000000000000000000000000000000000000000000000000000000000000000000
00000000000000000000000000000000000000000000000000000000000000000000000000000000
00000000000000000000000000000000000000000000000000000000000000000000000000000000
00000000000000000000000000000000000000000000000000000000000000000000000000000000
00000000000000000000000000000000000000000000000000000000000000000000000000000000
00000000000000000000000000000000000000000000000000000000000000000000000000000000
00000000000000000000000000000000000000000000000000000000000000000000000000000000
00000000000000000000000000000000000000000000000000000000000000000000000000000000
00000000000000000000000000000000000000000000000000000000000000000000000000000000
00000000000000000000000000000000000000000000000000000000000000000000000000000000
00000000000000000000000000000000000000000000000000000000000000000000000000000000
00000000000000000000000000000000000000000000000000000000000000000000000000000000
00000000000000000000000000000000000000000000000000000000000000000000000000000000
00000000000000000000000000000000000000000000000000000000000000000000000000000000
00000000000000000000000000000000000000000000000000000000000000000000000000000000
00000000000000000000000000000000000000000000000000000000000000000000000000000000
00000000000000000000000000000000000000000000000000000000000000000000000000000000
00000000000000000000000000000000000000000000000000000000000000000000000000000000
00000000000000000000000000000000000000000000000000000000000000000000000000000000
00000000000000000000000000000000000000000000000000000000000000000000000000000000
00000000000000000000000000000000000000000000000000000000000000000000000000000000
00000000000000000000000000000000000000000000000000000000000000000000000000000000
00000000000000000000000000000000000000000000000000000000000000000000000000000000
00000000000000000000000000000000000000000000000000000000000000000000000000000000
00000000000000000000000000000000000000000000000000000000000000000000000000000000
00000000000000000000000000000000000000000000000000000000000000000000000000000000
00000000000000000000000000000000000000000000000000000000000000000000000000000000
00000000000000000000000000000000000000000000000000000000000000000000000000000000
00000000000000000000000000000000000000000000000000000000000000000000000000000000
00000000000000000000000000000000000000000000000000000000000000000000000000000000
00000000000000000000000000000000000000000000000000000000000000000000000000000000
00000000000000000000000000000000000000000000000000000000000000000000000000000000
00000000000000000000000000000000000000000000000000000000000000000000000000000000
00000000000000000000000000000000000000000000000000000000000000000000000000000000
00000000000000000000000000000000000000000000000000000000000000000000000000000000
00000000000000000000000000000000000000000000000000000000000000000000000000000000
00000000000000000000000000000000000000000000000000000000000000000000000000000000
00000000000000000000000000000000000000000000000000000000000000000000000000000000
00000000000000000000000000000000000000000000000000000000000000000000000000000000
00000000000000000000000000000000000000000000000000000000000000000000000000000000
00000000000000000000000000000000000000000000000000000000000000000000000000000000
00000000000000000000000000000000000000000000000000000000000000000000000000000000
00000000000000000000000000000000000000000000000000000000000000000000000000000000
00000000000000000000000000000000000000000000000000000000000000000000000000000000
00000000000000000000000000000000000000000000000000000000000000000000000000000000
00000000000000000000000000000000000000000000000000000000000000000000000000000000
00000000000000000000000000000000000000000000000000000000000000000000000000000000
00000000000000000000000000000000000000000000000000000000000000000000000000000000
000000000000000000000000000000000000000000000000