 0000103 0000026 0000000 0004095 1040720 0173923
00000000000000000000000000000000000000000000000000000000000000000000000000000000
00000000000000000000000000000000000000030000012100000440000005160000016300000026
00000020000000060000000500000004000000030000000400000003000000030000000300000003
00000003000000040000000400000003000000010000000200000003000000010000000100000003
00000001000000070000000300000002000000030000000200000001000000000000000000000000
00000000000000000000000000000000000000000000000000000000000000000000000000000000
00000000000000000000000000000000000000000000000000000000000000000000000000000000
00000000000000000000000000000000000000000000000000000000000000000000000000000000
00000000000000000000000000000000000000000000000000000000000000000000000000000000
00000000000000000000000000000000000000000000000000000000000000000000000000000000
00000000000000000000000000000000000000000000000000000000000000000000000000000000
00000000000000000000000000000000000000000000000000000000000000000000000000000000
00000000000000000000000000000000000000000000000000000000000000000000000000000000
00000000000000000000000000000000000000000000000000000000000000000000000000000000
00000000000000000000000000000000000000000000000000000000000000000000000000000000
00000000000000000000000000000000000000000000000000000000000000000000000000000000
00000000000000000000000000000000000000000000000000000000000000000000000000000000
00000000000000000000000000000000000000000000000000000000000000000000000000000000
00000000000000060000007400000248000004340000052100000467000003890000019600000085
00000077000000460000005900000044000000370000003800000038000000280000002500000024
00000020000000220000002700000024000000250000001500000027000000260000003200000025
00000022000000120000001400000030000000200000002000000023000000230000002300000022
00000030000000170000001900000024000000200000003100000021000000190000001800000019
00000026000000210000002100000023000000210000001900000026000000280000003200000027
00000022000000310000002200000017000000220000002300000018000000250000003300000024
00000024000000220000002300000015000000180000002300000029000000200000003000000019
00000019000000260000001600000012000000180000002200000012000000290000001900000017
00000023000000170000003000000027000000210000002500000013000000300000002900000026
00000023000000150000002300000023000000180000002600000016000000140000001700000019
00000016000000320000002100000017000000170000002300000024000000230000001600000029
00000022000000250000003200000027000000230000002000000020000000220000001700000020
00000015000000250000002700000026000000270000002600000020000000220000001700000021
00000019000000220000001700000021000000280000002500000020000000270000001600000022
00000024000000190000002200000016000000170000003300000030000000210000003100000027
00000021000000230000001700000023000000190000001900000021000000220000002400000020
00000029000000220000002800000020000000190000003500000017000000220000001000000021
00000029000000220000001900000019000000140000001800000029000000170000001900000021
00000025000000300000003800000022000000250000002100000022000000150000002600000026
00000015000000210000001600000021000000190000002100000022000000180000002500000022
00000026000000210000002500000024000000220000002200000027000000200000002200000022
00000026000000280000002400000023000000190000002800000014000000170000002500000032
00000024000000270000001600000015000000370000002200000027000000200000002200000022
00000017000000240000002200000015000000220000002600000019000000200000002100000019
00000025000000230000002200000024000000200000001700000023000000210000002300000029
00000015000000230000002200000024000000350000002200000020000000140000002600000032
00000022000000220000002000000021000000240000002000000028000000260000001800000022
00000016000000210000002600000025000000240000002500000021000000270000002900000016
00000028000000230000001800000028000000210000002500000020000000180000002200000017
00000014000000190000001200000028000000160000002400000019000000220000001600000020
00000033000000260000003000000021000000200000002100000014000000210000001800000024
00000024000000220000001700000020000000290000001700000015000000150000002900000019
00000026000000290000001500000019000000230000002300000016000000210000002500000017
00000027000000290000002200000024000000220000001900000025000000190000003300000020
00000028000000280000001800000024000000270000002500000017000000220000002600000025
00000031000000210000002800000026000000180000002400000031000000160000002600000016
00000027000000280000002000000022000000260000002600000019000000220000001700000017
00000024000000200000001800000018000000250000002700000021000000190000002700000026
00000015000000220000002000000021000000260000002400000018000000120000002100000021
00000018000000240000002100000017000000250000002500000023000000240000001700000020
00000025000000190000001300000021000000130000001100000025000000180000001800000029
00000020000000210000002800000026000000190000001600000021000000200000001900000024
00000018000000240000002400000026000000150000002100000027000000190000001800000021
00000030000000160000002800000017000000300000001700000023000000230000002400000016
00000022000000250000002700000015000000150000001700000026000000220000002100000031
00000020000000270000002600000025000000160000001900000026000000220000003100000024
00000030000000230000002400000022000000180000001600000023000000230000001900000034
00000017000000240000002400000030000000180000002400000027000000260000001700000028
00000016000000180000002400000024000000270000002700000019000000280000002300000023
00000021000000130000001900000021000000220000001400000021000000200000002300000021
00000017000000200000003000000017000000250000002900000020000000240000001600000024
00000012000000250000001800000020000000190000003100000030000000200000002100000012
00000023000000170000001900000021000000230000002300000022000000170000003100000020
00000029000000220000002200000024000000240000001400000020000000180000001900000021
00000021000000200000002300000021000000220000002400000027000000190000002700000020
00000020000000290000002200000025000000200000001500000026000000250000002400000025
00000019000000230000001800000022000000220000002400000015000000340000002600000027
00000028000000180000003200000034000000260000002800000029000000180000002100000020
00000019000000180000001500000019000000180000002300000021000000190000001900000026
00000017000000180000002200000026000000150000002100000023000000280000002500000021
00000024000000240000002700000027000000270000002600000026000000240000001800000027
00000029000000220000002300000017000000320000002600000017000000320000002400000026
00000026000000240000002400000025000000160000002500000028000000210000002200000015
00000023000000290000002200000020000000200000002000000012000000250000002300000028
00000026000000230000002100000020000000230000002200000013000000100000002200000027
00000022000000210000002700000020000000220000002800000019000000180000002300000026
00000023000000230000002300000025000000240000001400000020000000210000002500000024
00000020000000280000002000000019000000210000001800000017000000230000001800000021
00000018000000180000001700000021000000240000002400000022000000220000002700000009
00000031000000170000002800000019000000140000001800000018000000240000002200000022
00000021000000290000001800000027000000170000003000000029000000240000002500000023
00000020000000220000002000000022000000180000002500000021000000170000002100000023
00000025000000170000002600000029000000270000001900000021000000280000003000000025
00000019000000210000001600000027000000260000002200000017000000210000002100000020
00000018000000240000003200000026000000290000003000000032000000230000002300000024
00000022000000250000001300000015000000240000002100000027000000240000002600000016
00000021000000270000002000000027000000230000002500000019000000200000001500000020
00000024000000210000002000000018000000240000002100000018000000170000003200000022
00000031000000170000001800000027000000260000002400000032000000170000001800000019
00000017000000190000002100000019000000210000003000000019000000270000002000000022
00000022000000280000002300000020000000220000002600000027000000240000002300000016
00000028000000340000001700000029000000230000002800000031000000250000002600000022
00000021000000220000002500000017000000240000001900000019000000240000003500000019
00000022000000190000002500000026000000240000001700000021000000250000002100000026
00000026000000160000002500000020000000210000002600000025000000210000002700000031
00000019000000210000001900000031000000200000002200000024000000280000002100000035
00000026000000230000002800000021000000190000002000000025000000270000002900000023
00000021000000340000002700000022000000330000002900000025000000270000003300000028
00000024000000270000003200000023000000370000002200000023000000260000002600000021
00000023000000280000001900000020000000300000001900000027000000280000001900000029
00000039000000230000001800000025000000310000002100000026000000220000002800000026
00000025000000180000002500000031000000380000003000000027000000150000002200000024
00000018000000210000003300000025000000180000002000000028000000240000003200000021
00000019000000270000003000000025000000260000002100000023000000310000002600000028
00000029000000210000003600000026000000150000002700000029000000280000002700000027
00000028000000210000002500000027000000180000002500000026000000290000003500000025
00000039000000240000002200000029000000300000003200000020000000290000003200000039
00000024000000370000003500000025000000280000002800000022000000220000003100000030
00000022000000240000003700000037000000220000002900000030000000250000003000000025
00000026000000280000003700000021000000400000001900000035000000270000003100000035
00000025000000300000002400000034000000390000003300000035000000410000004800000035
00000046000000410000003600000042000000440000004900000057000000520000004200000051
00000045000000540000004300000044000000510000005100000047000000590000005100000040
00000046000000470000004100000038000000380000003000000051000000390000004100000033
00000033000000420000003600000035000000300000003500000033000000290000002900000018
00000031000000280000003800000021000000350000002800000025000000200000003400000036
00000037000000220000002600000025000000290000002300000021000000270000002900000033
00000024000000270000002300000018000000320000003100000028000000300000002900000024
00000032000000360000002300000029000000220000002700000032000000300000003000000021
00000029000000360000002800000029000000330000002800000031000000180000003500000025
00000027000000260000003200000025000000220000002000000021000000280000003800000025
00000027000000290000003300000019000000190000003800000030000000260000002500000034
00000023000000240000003000000023000000330000003100000024000000280000003300000028
00000035000000320000002000000025000000340000002300000020000000220000002300000014
00000030000000210000003000000033000000230000001900000035000000250000002900000031
00000026000000390000002700000024000000270000002500000021000000190000002300000032
00000024000000180000001700000026000000220000003400000024000000230000002200000021
00000038000000250000003200000032000000310000002600000022000000320000002700000023
00000023000000230000003100000027000000260000002500000024000000300000002200000026
00000026000000190000003000000031000000140000002200000030000000310000002100000018
00000030000000240000002500000018000000260000002400000026000000260000002800000022
00000027000000200000003000000016000000220000002500000029000000180000002200000027
00000017000000310000001900000029000000210000002000000027000000120000002600000026
00000030000000240000002700000014000000380000002000000023000000220000002400000028
00000029000000170000001900000025000000340000002400000033000000230000003000000019
00000029000000250000002700000023000000230000002200000026000000330000002500000024
00000030000000260000002300000021000000210000001900000022000000210000001500000014
00000028000000220000001800000030000000320000001900000027000000260000002800000023
00000027000000200000002500000018000000370000003100000033000000260000002600000022
00000023000000320000000900000031000000200000002100000019000000200000003700000027
00000026000000290000002400000027000000190000002900000026000000270000002500000030
00000027000000290000002200000017000000210000002700000021000000300000001800000020
00000025000000230000001900000032000000250000002000000035000000250000003500000018
00000024000000240000002400000021000000190000002500000030000000210000002000000019
00000024000000240000002900000021000000270000002000000019000000210000001600000026
00000026000000240000002000000020000000220000002400000022000000260000002300000025
00000020000000150000002200000028000000170000002800000019000000300000002700000032
00000032000000290000001900000020000000250000002300000025000000210000002400000026
00000025000000240000002100000029000000170000002100000017000000210000002200000018
00000021000000170000002000000030000000190000001800000020000000220000002400000025
00000042000000240000002000000025000000220000002000000022000000180000001900000019
00000015000000360000002100000017000000400000003100000025000000170000001900000026
00000032000000240000002300000024000000150000002300000028000000250000002700000023
00000024000000200000002500000015000000300000002900000032000000230000002000000018
00000027000000370000002300000026000000220000003000000025000000270000002300000032
00000019000000230000001600000040000000180000002200000026000000220000002900000014
00000021000000180000002000000038000000240000001900000025000000200000001600000022
00000028000000220000002900000022000000200000002400000023000000230000002500000030
00000028000000300000002900000030000000190000002800000029000000140000002600000020
00000019000000240000002300000018000000360000002400000028000000230000001900000026
00000024000000200000002500000031000000250000002300000019000000210000002100000026
00000022000000290000002200000028000000290000002500000032000000160000002400000029
00000022000000320000002200000028000000260000002000000029000000250000002900000023
00000022000000210000002600000033000000270000002400000037000000240000002300000030
00000027000000200000003600000030000000200000003100000023000000230000002700000019
00000020000000210000003200000026000000340000002800000028000000220000001800000034
00000021000000260000002300000027000000200000002900000028000000320000002600000029
00000030000000330000002700000029000000180000003500000025000000250000003400000024
00000026000000160000003000000035000000210000002500000022000000360000003300000024
00000027000000220000002400000032000000310000003200000031000000230000002900000025
00000030000000270000003000000037000000360000003300000033000000290000003100000037
00000049000000310000004100000033000000450000003700000041000000400000004200000057
00000052000000500000004500000057000000500000003900000052000000580000007100000060
00000071000000620000006000000067000000930000009100000094000001050000010900000111
00000109000001240000013400000125000001280000017800000184000001850000022100000208
00000276000002750000027700000326000003390000036000000363000003990000049300000461
00000514000005960000055200000598000006220000062300000677000007120000071100000801
00000837000008710000086900000945000009290000102000000990000009930000110800001097
00001153000011770000130300001209000013060000129800001250000013210000136600001406
00001477000013560000146900001407000014240000138000001322000014240000138600001353
00001435000013130000137100001329000012600000125600001112000011620000106400000999
00000932000008410000078100000727000006940000057700000547000004980000045100000401
00000374000003150000031400000249000002630000025100000213000001740000017800000161
00000159000001360000013600000140000001250000013900000132000001060000009500000108
00000121000001070000010500000122000001060000009300000098000001010000009400000099
00000095000001020000007500000085000000870000009800000083000000850000005800000073
00000085000000830000008900000076000000750000008200000060000001110000008200000079
00000081000000930000007300000074000000740000006600000079000000720000006900000065
00000081000000730000006500000068000000790000007100000077000000680000007400000073
00000058000000780000007400000057000000670000007600000073000000640000005300000066
00000060000000760000006000000051000000570000006000000059000000650000005700000059
00000055000000540000005700000064000000640000005800000050000000570000005000000037
00000050000000460000005400000047000000470000004500000032000000430000003900000040
00000048000000460000003900000041000000370000003800000043000000350000003200000032
00000041000000320000003500000029000000350000002900000031000000420000002700000040
00000042000000360000002900000029000000360000002200000029000000300000002700000030
00000021000000310000003100000024000000280000004400000030000000260000004000000033
00000035000000240000002800000034000000240000002800000030000000250000002700000028
00000023000000270000002300000018000000290000001600000022000000200000003500000018
00000025000000270000001800000031000000160000001600000021000000210000002100000018
00000029000000210000003000000034000000180000002100000025000000170000002000000022
00000020000000280000002500000026000000180000002800000021000000250000002900000024
00000016000000200000002800000028000000210000002000000021000000230000001900000027
00000019000000210000001600000021000000240000002500000016000000290000002100000028
00000020000000260000002300000024000000250000002300000014000000190000002400000013
00000022000000240000003000000017000000250000002400000014000000180000001800000025
00000014000000270000001600000027000000220000001700000022000000310000002600000027
00000022000000220000001900000027000000250000002000000024000000200000002300000032
00000019000000210000001900000024000000230000001700000018000000220000002300000015
00000022000000220000002000000016000000180000002300000016000000220000002400000026
00000020000000200000002100000030000000150000001500000020000000280000002000000014
00000024000000210000001700000018000000150000002000000024000000180000002300000021
00000015000000290000002000000028000000240000002200000020000000220000002800000027
00000022000000240000002700000030000000300000002400000026000000220000002400000019
00000028000000140000002700000025000000210000002200000024000000250000002200000031
00000029000000280000001700000028000000220000002700000021000000270000002200000023
00000023000000210000001700000029000000190000001300000017000000180000001600000018
00000025000000140000002800000029000000250000002800000024000000220000001800000027
00000017000000200000002800000014000000320000002800000013000000220000002400000033
00000023000000220000002200000020000000230000002200000027000000240000001600000024
00000033000000240000002600000027000000250000002600000033000000220000002400000026
00000018000000300000003300000024000000210000001700000034000000170000002100000017
00000019000000230000002400000026000000280000001600000024000000230000002100000030
00000028000000210000002600000026000000170000001900000016000000250000001700000022
00000024000000210000001500000018000000300000002100000028000000150000002700000024
00000022000000220000002700000006000000350000002300000025000000200000002300000017
00000019000000140000001700000027000000150000001600000029000000280000002400000026
00000021000000270000001400000021000000310000002700000018000000150000002100000016
00000017000000220000002600000023000000270000002900000022000000240000001800000020
00000022000000240000002900000011000000250000002700000026000000220000002500000018
00000014000000220000001600000021000000220000002000000019000000270000001300000021
00000033000000250000003100000019000000230000001900000015000000250000002900000028
00000021000000180000002900000021000000240000002200000021000000220000002400000026
00000027000000240000002300000017000000260000002900000019000000330000002100000023
00000020000000230000003000000021000000190000002200000022000000220000001900000015
00000030000000180000001500000022000000320000002100000022000000220000002700000026
00000037000000280000002600000019000000330000002400000025000000150000002700000019
00000025000000260000002000000019000000140000002600000020000000200000003300000022
00000021000000220000001900000032000000240000002400000028000000280000002600000018
00000019000000210000001000000020000000180000002900000027000000280000002000000021
00000026000000200000002400000021000000210000002300000027000000200000002300000016
00000015000000260000001700000020000000230000001900000017000000190000002400000021
00000023000000180000001800000027000000180000001900000013000000190000002100000032
00000026000000250000001600000029000000270000002100000021000000250000002100000016
00000020000000190000002100000017000000260000002700000027000000290000002000000025
00000023000000240000001500000017000000230000001300000024000000210000001700000019
00000024000000170000002500000027000000200000001700000020000000150000001600000019
00000021000000220000003000000027000000220000001500000021000000200000002100000025
00000021000000180000002900000013000000160000003200000026000000220000002400000017
00000020000000190000001600000024000000170000002100000021000000210000002600000027
00000022000000260000002500000017000000190000002400000021000000280000001600000018
00000019000000170000002300000019000000190000002800000017000000220000002500000025
00000014000000230000002100000026000000200000001600000019000000210000002400000025
00000026000000250000001400000025000000200000001900000019000000200000001900000025
00000022000000240000002600000015000000210000002700000026000000240000001600000017
00000022000000180000001600000024000000310000002800000023000000230000001800000027
00000022000000240000001600000032000000190000002000000029000000220000001900000026
00000017000000150000002900000022000000160000002200000014000000210000002300000020
00000021000000240000002600000017000000150000002000000024000000270000002200000024
00000017000000270000001800000020000000220000002400000011000000250000002700000019
00000020000000180000002900000026000000150000002400000018000000230000001900000021
00000030000000280000001900000024000000320000001400000019000000280000003000000021
00000010000000220000002000000018000000240000002500000021000000200000002000000029
00000019000000280000002000000027000000210000002500000026000000200000003100000025
00000030000000240000002900000019000000180000002600000017000000240000002300000023
00000022000000150000003100000026000000250000001800000018000000260000002400000023
00000021000000170000002300000034000000200000002600000017000000250000002400000021
00000019000000240000002600000020000000180000001900000034000000270000002300000019
00000012000000190000002500000023000000220000002600000017000000220000002100000018
00000028000000170000002400000023000000180000001400000028000000220000002200000025
00000025000000290000001800000019000000210000002400000021000000290000001900000018
00000017000000300000002200000020000000160000002300000019000000200000002300000026
00000032000000260000002700000013000000220000002300000031000000280000002700000043
00000035000000450000005000000061000000530000005400000057000000530000006700000071
00000072000000770000007300000096000000870000008600000093000000900000010400000086
00000087000000980000007700000063000000830000009100000064000000670000005600000055
00000060000000580000006100000041000000620000004600000038000000410000003800000042
00000026000000360000002300000032000000350000002600000029000000210000003200000036
00000036000000320000004300000032000000230000003300000033000000300000002900000031
00000032000000360000002800000025000000340000002800000024000000260000003300000030
00000024000000320000003700000015000000280000002700000032000000210000002200000023
00000020000000280000002100000018000000300000002600000029000000150000002700000026
00000024000000240000002500000009000000320000002400000022000000290000002100000030
00000027000000320000002200000018000000240000002900000024000000230000002400000030
00000032000000240000002000000025000000240000002500000035000000260000002600000025
00000022000000240000002400000026000000270000001800000019000000260000002000000025
00000027000000220000001700000022000000290000002100000021000000310000002700000026
00000022000000270000002800000021000000250000002200000026000000210000002700000029
00000023000000320000002000000020000000210000002300000022000000300000002100000021
00000033000000210000001900000022000000220000002800000021000000230000002800000022
00000021000000230000002700000023000000220000002300000029000000230000002500000020
00000028000000260000002200000013000000230000002000000027000000150000002600000020
00000018000000250000002000000028000000230000001800000025000000240000001800000029
00000026000000260000002000000018000000180000001900000021000000230000002300000029
00000024000000210000002400000021000000300000002800000020000000190000001500000017
00000025000000170000002100000021000000200000002300000030000000160000002100000013
00000022000000170000002900000024000000150000002700000018000000250000001300000020
00000014000000250000002500000021000000270000002400000019000000220000001600000030
00000023000000210000002200000023000000300000002900000028000000210000002700000021
00000015000000220000002000000028000000300000002200000019000000220000001100000018
00000021000000230000002800000022000000320000003300000027000000260000002200000027
00000023000000210000002700000018000000250000001700000022000000280000001900000032
00000020000000290000002000000026000000230000001600000026000000280000002700000027
00000023000000230000001400000017000000220000002600000019000000210000001400000018
00000027000000180000003200000016000000180000002400000025000000220000001900000024
00000020000000230000001900000027000000190000002200000024000000160000001900000017
00000027000000290000002500000018000000280000002500000020000000260000002100000020
00000020000000230000002100000018000000220000002500000018000000250000001600000033
00000024000000210000002500000015000000200000002400000022000000220000001500000025
00000031000000170000001900000016000000250000001800000025000000190000001800000023
00000026000000260000002800000024000000260000001600000020000000190000002400000016
00000021000000260000002400000019000000300000002200000021000000200000002200000022
00000025000000220000002000000021000000270000001900000020000000200000001600000028
00000029000000220000001900000015000000240000002300000017000000220000002000000019
00000030000000270000002500000027000000360000002500000019000000270000002600000023
00000017000000190000002400000016000000270000002500000017000000170000002300000026
00000022000000260000001600000026000000190000002400000024000000210000002100000023
00000028000000250000002000000012000000260000002200000023000000210000001900000025
00000027000000190000002000000024000000250000001900000025000000230000002500000032
00000017000000280000002200000019000000180000002500000020000000250000002200000018
00000022000000170000002500000023000000140000003600000029000000250000002400000017
00000020000000230000003000000016000000130000002300000017000000180000001600000010
00000020000000250000002400000020000000200000002000000024000000210000002000000026
00000028000000220000001900000020000000170000002300000023000000310000002200000018
00000012000000180000003100000024000000160000002100000028000000240000002500000026
00000023000000300000002500000027000000190000002500000024000000180000001900000023
00000023000000210000001600000017000000250000002000000015000000180000001700000020
00000014000000140000003000000023000000260000003100000017000000240000001800000024
00000021000000270000001900000035000000230000001900000021000000290000002300000018
00000029000000250000001500000023000000270000002600000027000000170000002500000025
00000014000000210000002100000017000000170000002100000022000000210000002500000022
00000025000000240000002300000024000000230000001900000018000000230000002400000023
00000022000000150000001000000020000000170000001300000014000000100000000700000009
00000011000000030000000900000004000000030000000100000004000000020000000100000000
00000000000000000000000000000000000000000000000000000000000000000000000000000000
00000000000000000000000000000000000000000000000000000000000000000000000000000000
00000000000000000000000000000000000000000000000000000000000000000000000000000000
00000000000000000000000000000000000000000000000000000000000000000000000000000000
00000000000000000000000000000000000000000000000000000000000000000000000000000000
00000000000000000000000000000000000000000000000000000000000000000000000000000000
00000000000000000000000000000000000000000000000000000000000000000000000000000000
00000000000000000000000000000000000000000000000000000000000000000000000000000000
00000000000000000000000000000000000000000000000000000000000000000000000000000000
00000000000000000000000000000000000000000000000000000000000000000000000000000000
00000000000000000000000000000001000000000000000000000000000000000000000000000000
00000000000000000000000000000000000000000000000000000000000000000000000000000000
00000000000000000000000000000000000000000000000000000000000000000000000000000000
00000000000000000000000000000000000000000000000000000000000000000000000000000000
00000000000000000000000000000000000000000000000000000000000000000000000000000000
00000000000000000000000000000000000000000000000000000000000000000000000100000000
00000000000000000000000000000000000000000000000000000000000000000000000000000000
00000000000000000000000000000000000000000000000000000000000000000000000000000000
00000000000000000000000000000000000000000000000000000000000000000000000000000000
00000000000000000000000000000000000000000000000000000000000000000000000000000000
00000000000000000000000000000000000000000000000000000000000000000000000000000000
00000000000000000000000000000000000000000000000000000000000000000000000000000000
00000000000000000000000000000000000000000000000000000000000000000000000000000000
00000000000000000000000000000000000000000000000000000000000000000000000000000000
00000000000000000000000000000000000000000000000000000000000000000000000000000000
00000000000000000000000000000000000000000000000000000000000000000000000000000000
00000000000000000000000000000000000000000000000000000000000000000000000000000000
00000000000000000000000000000000000000000000000000000000000000000000000000000000
00000000000000000000000000000000000000000000000000000000000000000000000000000000
00000000000000000000000000000000000000000000000000000000000000000000000000000000
00000000000000000000000000000000000000000000000000000000000000000000000000000000
00000000000000000000000000000000000000000000000000000000000000000000000000000000
00000000000000000000000000000000000000000000000000000000000000000000000000000000
00000000000000000000000000000000000000000000000000000000000000000000000000000000
00000000000000000000000000000000000000000000000000000000000000000000000000000000
00000000000000000000000000000000000000000000000000000000000000000000000000000000
00000000000000000000000000000000000000000000000000000000000000000000000000000000
00000000000000000000000000000000000000000000000000000000000000000000000000000000
00000000000000000000000000000000000000000000000000000000000000000000000000000000
00000000000000000000000000000000000000000000000000000000000000000000000000000000
00000000000000000000000000000000000000000000000000000000000000000000000000000000
00000000000000000000000000000000000000000000000000000000000000000000000000000000
00000000000000000000000000000000000000000000000000000000000000000000000000000000
00000000000000000000000000000000000000000000000000000000000000000000000000000000
00000000000000000000000000000000000000000000000000000000000000000000000000000000
00000000000000000000000000000000000000000000000000000000000000000000000000000000
00000000000000000000000000000000000000000000000000000000000000000000000000000000
00000000000000000000000000000000000000000000000000000000000000000000000000000000
00000000000000000000000000000000000000000000000000000000000000000000000000000000
00000000000000000000000000000000000000000000000000000000000000000000000000000000
00000000000000000000000000000000000000000000000000000000000000000000000000000000
00000000000000000000000000000000000000000000000000000000000000000000000000000000
00000000000000000000000000000000000000000000000000000000000000000000000000000000
00000000000000000000000000000000000000000000000000000000000000000000000000000000
00000000000000000000000000000000000000000000000000000000000000000000000000000000
00000000000000000000000000000000000000000000000000000000000000000000000000000000
00000000000000000000000000000000000000000000000000000000000000000000000000000000
00000000000000000000000000000000000000000000000000000000000000000000000000000000
00000000000000000000000000000000000000000000000000000000000000000000000000000000
00000000000000000000000000000000000000000000000000000000000000000000000000000000
00000000000000000000000000000000000000000000000000000000000000000000000000000000
00000000000000000000000000000000000000000000000000000000000000000000000000000000
00000000000000000000000000000000000000000000000000000000000000000000000000000000
00000000000000000000000000000000000000000000000000000000000000000000000000000000
00000000000000000000000000000000000000000000000000000000000000000000000000000000
00000000000000000000000000000000000000000000000000000000000000000000000000000000
000000000000000000000000000000000000000000000000