 0000103 0000053 0000000 0004095 1040720 0173923
00000000000000000000000000000000000000000000000000000000000000000000000000000000
00000000000000000000000000000000000000000000000000000000000000000000000000000000
00000000000000000000000000000000000000000000000000000000000000000000000000000000
00000000000000000000000000000000000000000000000000000000000000000000000000000000
00000000000000000000000000000000000000000000000000000000000000000000000000000000
00000000000000000000000000000000000000000000000000000000000000000000000000000000
00000000000000000000000000000000000000000000000000000000000000000000000000000000
00000000000000000000000000000000000000000000000000000000000000000000000000000000
00000000000000000000000000000000000000000000000000000000000000000000000000000000
00000000000000000000000000000000000000000000000000000000000000000000000000000000
00000000000000000000000000000000000000000000000000000000000000000000000000000000
00000000000000000000000000000000000000000000000000000000000000000000000000000000
00000000000000000000000000000000000000000000000000000000000000000000000000000000
00000000000000000000000000000000000000000000000000000000000000000000000000000000
00000000000000000000000000000000000000000000000000000000000000000000000000000000
00000000000000000000000000000000000000000000000000000000000000000000000000000000
00000000000000000000000000000000000000000000000000000002000000010000000200000002
00000004000000070000000600000007000000060000001000000007000000040000001000000009
00000008000000080000001200000009000000130000001100000007000000140000001200000009
00000008000000160000001200000011000000060000000800000009000000110000000700000005
00000005000000120000001900000008000000250000003700000069000001090000017900000273
00000406000005250000074100000924000011370000137400001481000016710000177000001924
00001934000019400000189200001923000019090000183000001779000018160000175400001770
00001844000017260000161300001694000016830000160900001671000015920000160400001655
00001714000017740000184400001843000018450000189000001916000019400000200500001912
00002047000019810000195000001954000018780000189800001766000018180000179400001793
00001863000018280000174800001704000017980000167300001739000016660000164700001579
00001628000015760000155100001608000015030000156300001570000015560000148400001552
00001531000015060000149600001479000014710000144800001403000013780000140000001414
00001415000013960000139200001313000013640000128400001244000013200000137000001302
00001271000012730000129700001277000012380000124400001216000013130000122200001199
00001139000011970000122800001207000011730000120200001191000011580000113900001194
00001179000011260000112800001151000010900000120300001115000010760000107000001085
00001125000010820000111500001037000010220000106500001038000010850000109200001023
00001056000009930000101700001043000009820000103600000976000009750000096500000952
00000927000009640000096200000964000009200000099200000986000009810000086200000915
00000903000008980000087600000874000009270000090400000861000008690000088300000904
00000831000008400000087000000859000007880000080200000796000008410000081500000814
00000796000008200000080600000792000008080000076400000796000008360000074900000805
00000779000007780000082900000743000008170000076800000755000007330000079500000716
00000756000007430000073600000717000007930000075300000767000007230000073000000745
00000743000006950000069300000706000007000000066200000668000007440000069300000689
00000699000006730000072500000658000007050000068300000685000006500000067400000629
00000682000006640000068800000636000006390000061700000591000006300000062900000620
00000588000006190000062400000650000006440000060600000636000005950000062200000610
00000591000006350000056700000576000006320000061100000578000005750000059100000572
00000545000005930000059100000587000005670000055600000556000005440000059600000603
00000528000005810000053200000609000005400000051700000556000005090000054300000575
00000564000005540000053500000556000005250000051900000534000005180000053500000542
00000575000005680000054000000515000005350000054800000487000005600000056500000545
00000559000005190000048300000539000005170000050900000556000005040000052600000542
00000506000005160000048500000545000005090000049100000476000004790000049900000538
00000535000004660000049600000501000004860000046900000501000005160000049400000461
00000496000004520000047200000451000005040000047600000494000004600000048100000431
00000459000004530000045000000460000004730000045400000438000004740000042300000444
00000430000004300000040500000413000004490000041900000413000004080000042900000369
00000412000004120000041300000385000004220000041600000406000003790000039600000371
00000341000003690000038900000383000004040000041600000379000003970000035700000361
00000370000003910000037300000373000003450000034000000335000003890000031000000365
00000361000003640000036100000364000003930000031700000342000003550000039800000383
00000328000003760000036300000356000003530000036700000318000003220000036600000325
00000337000003260000033300000332000003080000033700000347000003340000033500000333
00000316000002920000031600000309000003050000031200000302000002850000030800000302
00000286000002950000029200000272000002610000026800000278000002560000027000000265
00000273000002980000027000000225000002540000025100000230000002210000021200000213
00000217000002290000021100000225000002220000022000000231000002040000018900000195
00000195000002040000019400000215000001740000018200000177000002020000017100000177
00000154000001810000014200000157000001300000016000000143000001470000012800000140
00000138000001420000012900000121000001320000012700000124000001200000011000000127
00000089000001060000010900000099000000970000009000000099000000860000010800000087
00000097000000870000008600000082000000840000007300000094000000890000007700000064
00000079000000680000008200000066000000750000008100000075000000660000006500000062
00000065000000650000007100000061000000620000005800000080000000590000005500000069
00000068000000700000007000000058000000620000006700000067000000600000007000000049
00000060000000560000005500000045000000510000005100000057000000550000006500000050
00000048000000530000005800000060000000390000005700000044000000350000004600000046
00000051000000500000005900000047000000370000005900000052000000380000004900000053
00000032000000420000003000000041000000440000004700000041000000470000004200000052
00000048000000610000005200000038000000480000004200000039000000400000004800000043
00000041000000390000003000000044000000360000002800000045000000400000003400000036
00000043000000380000003800000025000000330000003600000044000000350000002900000043
00000037000000250000003900000029000000370000004100000047000000370000003400000034
00000022000000270000003100000034000000260000003800000045000000310000002400000027
00000029000000400000004300000022000000260000002300000025000000240000002500000020
00000018000000260000002400000017000000240000003100000021000000260000001700000028
00000026000000240000002200000029000000220000003100000025000000230000002200000020
00000021000000300000002200000020000000200000002200000020000000240000001900000020
00000025000000240000001600000024000000240000002300000013000000190000001500000027
00000025000000270000002600000019000000180000002000000023000000200000002400000022
00000016000000220000001600000010000000150000002400000012000000130000002200000017
00000014000000150000001100000022000000160000002400000013000000130000000800000013
00000013000000120000001000000011000000210000000800000018000000100000001300000018
00000009000000150000001000000018000000070000001400000012000000100000000700000015
00000018000000220000000700000007000000160000001800000011000000070000000800000012
00000011000000090000001200000019000000090000001600000007000000190000000600000011
00000008000000120000001200000009000000140000001100000014000000090000001400000014
00000014000000090000001300000012000000120000001200000013000000080000001300000011
00000012000000030000001300000008000000090000000900000011000000090000000800000010
00000011000000100000000900000014000000120000001500000013000000140000001000000009
00000013000000120000000800000007000000090000001200000015000000140000000400000013
00000010000000100000000500000014000000090000000800000014000000110000001400000008
00000009000000130000001500000009000000090000001400000011000000140000001100000011
00000010000000100000000700000012000000090000001200000005000000110000001000000004
00000005000000050000001000000010000000140000000800000010000000030000001300000007
00000010000000100000000800000004000000050000000400000007000000060000000400000010
00000008000000100000000800000004000000050000000800000008000000080000000800000007
00000013000000070000000300000007000000040000000700000003000000070000000700000007
00000006000000090000000700000008000000110000001100000006000000070000000400000007
00000007000000060000000800000004000000070000001000000006000000060000000800000005
00000001000000070000000600000011000000050000000600000011000000060000000600000004
00000004000000080000000500000004000000050000000500000000000000080000000600000004
00000005000000050000000400000005000000020000000600000004000000030000000500000004
00000002000000020000000500000001000000010000000400000006000000050000000500000002
00000005000000050000000400000004000000050000000500000006000000070000000400000000
00000004000000040000000800000001000000060000000600000007000000080000000200000003
00000003000000060000000800000005000000060000000300000005000000020000000500000006
00000003000000030000000600000006000000020000000200000003000000030000000300000002
00000002000000060000000500000002000000030000000200000001000000020000000200000004
00000001000000030000000200000002000000040000000200000003000000020000000200000004
00000001000000050000000100000003000000040000000300000003000000050000000200000001
00000000000000010000000600000001000000040000000400000005000000010000000800000004
00000001000000020000000400000001000000020000000300000003000000030000000400000002
00000000000000020000000600000004000000010000000400000002000000050000000100000003
00000005000000020000000300000001000000030000000200000000000000020000000400000007
00000004000000020000000200000003000000030000000100000003000000050000000100000002
00000002000000030000000200000003000000030000000200000001000000060000000200000002
00000001000000020000000200000003000000010000000200000004000000020000000100000003
00000001000000020000000200000001000000010000000000000003000000040000000100000000
00000004000000010000000000000006000000030000000100000001000000030000000000000006
00000002000000010000000200000000000000030000000600000005000000000000000200000001
00000004000000020000000300000002000000020000000200000004000000050000000100000001
00000002000000030000000100000001000000030000000200000001000000040000000300000001
00000005000000010000000300000005000000010000000300000000000000020000000200000002
00000002000000030000000000000002000000030000000200000001000000030000000200000006
00000003000000040000000200000001000000000000000500000002000000010000000400000002
00000002000000020000000300000003000000030000000200000006000000030000000300000002
00000002000000030000000100000001000000040000000000000000000000010000000000000001
00000001000000040000000100000005000000040000000300000001000000000000000200000003
00000000000000030000000300000002000000010000000300000004000000030000000300000004
00000002000000020000000400000005000000000000000200000003000000020000000000000000
00000001000000040000000300000004000000040000000100000003000000040000000200000004
00000002000000020000000000000005000000020000000000000001000000010000000100000005
00000001000000050000000100000005000000010000000300000003000000020000000300000001
00000001000000000000000300000002000000010000000100000004000000010000000200000002
00000001000000030000000400000001000000010000000200000003000000020000000000000000
00000002000000040000000100000002000000030000000500000002000000030000000000000005
00000003000000030000000100000000000000030000000300000001000000020000000000000000
00000003000000030000000100000000000000050000000200000001000000020000000100000003
00000002000000000000000100000004000000030000000200000006000000010000000100000000
00000005000000020000000100000003000000050000000100000003000000040000000100000001
00000001000000020000000200000002000000030000000100000001000000000000000200000002
00000002000000000000000500000002000000000000000000000003000000010000000200000005
00000003000000000000000300000002000000020000000200000002000000030000000600000002
00000000000000020000000300000002000000010000000300000001000000040000000200000000
00000003000000040000000100000002000000020000000200000002000000040000000800000003
00000002000000000000000200000000000000000000000100000004000000020000000200000001
00000000000000010000000100000002000000040000000200000004000000010000000300000000
00000004000000050000000100000002000000000000000200000003000000020000000200000001
00000000000000040000000100000003000000030000000100000005000000070000000000000002
00000003000000030000000200000002000000030000000100000001000000000000000000000001
00000001000000020000000100000003000000000000000300000005000000040000000100000001
00000003000000000000000200000002000000010000000300000002000000010000000300000001
00000001000000040000000200000003000000010000000200000002000000010000000000000002
00000002000000030000000300000001000000030000000200000003000000010000000000000001
00000002000000010000000100000001000000020000000200000003000000030000000400000007
00000000000000040000000400000002000000020000000100000001000000020000000600000001
00000002000000040000000300000002000000010000000400000003000000020000000200000002
00000001000000020000000100000002000000010000000500000001000000030000000400000000
00000001000000020000000400000003000000010000000200000000000000040000000100000001
00000003000000020000000200000002000000030000000300000004000000020000000100000001
00000004000000020000000400000002000000030000000400000002000000000000000200000001
00000002000000020000000200000006000000010000000200000002000000000000000000000001
00000001000000030000000500000002000000020000000100000002000000010000000200000000
00000003000000030000000600000001000000050000000200000003000000030000000300000000
00000002000000050000000200000003000000010000000200000002000000010000000200000002
00000001000000000000000300000002000000010000000300000003000000010000000300000002
00000004000000020000000300000002000000010000000100000004000000010000000200000002
00000003000000000000000200000000000000000000000400000003000000020000000200000000
00000001000000020000000200000002000000010000000100000001000000020000000200000001
00000001000000020000000000000002000000010000000200000001000000020000000100000001
00000001000000020000000100000003000000030000000900000002000000020000000200000002
00000001000000000000000300000003000000020000000400000003000000010000000300000001
00000001000000020000000400000003000000020000000200000002000000040000000400000003
00000003000000030000000100000003000000010000000400000000000000030000000100000001
00000003000000010000000000000002000000020000000200000003000000020000000300000001
00000003000000010000000300000004000000030000000200000002000000020000000200000002
00000004000000000000000100000002000000000000000300000002000000060000000100000006
00000001000000040000000100000004000000040000000200000003000000010000000200000003
00000003000000040000000300000002000000000000000500000000000000020000000100000001
00000005000000020000000200000002000000010000000300000000000000040000000100000001
00000001000000040000000300000004000000000000000300000002000000040000000100000005
00000001000000010000000100000002000000030000000200000002000000010000000100000000
00000002000000020000000300000001000000030000000000000004000000010000000200000002
00000004000000030000000300000001000000010000000100000002000000040000000200000001
00000000000000010000000300000001000000010000000500000000000000020000000200000002
00000002000000020000000300000002000000000000000400000002000000000000000200000001
00000001000000030000000000000004000000070000000200000001000000020000000300000000
00000002000000020000000000000002000000010000000100000003000000010000000200000000
00000001000000050000000200000003000000020000000100000001000000010000000000000001
00000002000000020000000100000002000000030000000200000002000000010000000100000004
00000001000000060000000100000001000000040000000200000001000000030000000300000001
00000000000000020000000200000002000000020000000300000001000000020000000100000003
00000002000000020000000200000001000000040000000200000000000000020000000100000004
00000003000000030000000200000005000000040000000400000001000000020000000100000002
00000001000000020000000000000003000000010000000000000003000000030000000300000000
00000001000000020000000100000001000000020000000100000005000000000000000200000003
00000003000000010000000100000002000000010000000100000002000000020000000000000004
00000000000000010000000100000002000000010000000300000003000000000000000100000000
00000000000000000000000100000001000000020000000100000003000000010000000000000001
00000003000000050000000000000000000000030000000200000002000000040000000200000004
00000001000000020000000100000004000000020000000100000003000000030000000100000002
00000001000000030000000100000001000000030000000000000002000000010000000600000003
00000002000000030000000000000001000000030000000200000003000000040000000000000003
00000002000000020000000000000004000000010000000100000002000000010000000300000003
00000003000000020000000000000004000000030000000100000001000000020000000100000000
00000000000000020000000200000000000000000000000200000002000000020000000100000003
00000003000000010000000200000003000000030000000000000003000000030000000100000001
00000002000000010000000100000003000000020000000200000002000000040000000500000002
00000002000000030000000200000004000000030000000300000004000000020000000400000000
00000002000000010000000300000001000000020000000200000001000000010000000200000003
00000002000000030000000200000000000000010000000100000002000000010000000100000001
00000001000000010000000100000001000000020000000100000001000000020000000100000000
00000002000000010000000200000001000000010000000200000002000000010000000300000001
00000001000000000000000100000004000000020000000200000000000000000000000300000002
00000000000000020000000000000001000000030000000000000000000000010000000100000003
00000000000000030000000000000001000000030000000000000002000000000000000100000001
00000002000000010000000200000002000000010000000100000002000000000000000300000001
00000001000000020000000100000001000000020000000200000002000000020000000000000001
00000001000000010000000000000000000000030000000200000002000000000000000200000000
00000001000000000000000200000002000000000000000100000003000000010000000300000001
00000000000000020000000200000000000000030000000400000004000000000000000200000000
00000001000000010000000300000000000000010000000400000002000000040000000000000003
00000001000000040000000100000003000000030000000400000000000000020000000000000001
00000002000000020000000100000000000000020000000300000001000000020000000100000000
00000001000000000000000000000001000000020000000300000003000000010000000100000001
00000000000000020000000100000002000000050000000100000001000000000000000000000001
00000001000000010000000000000000000000020000000100000001000000010000000300000002
00000000000000020000000200000002000000010000000300000000000000010000000100000004
00000000000000020000000300000000000000030000000200000000000000000000000300000002
00000000000000020000000000000000000000030000000400000003000000020000000100000000
00000002000000020000000200000002000000010000000000000000000000000000000000000002
00000001000000010000000000000001000000000000000200000001000000040000000300000001
00000000000000000000000000000001000000020000000500000004000000050000000100000001
00000002000000030000000100000000000000010000000100000002000000000000000000000005
00000001000000010000000300000002000000010000000200000001000000010000000100000000
00000001000000010000000000000002000000010000000100000000000000050000000000000001
00000000000000030000000100000001000000000000000300000001000000050000000200000002
00000001000000030000000200000002000000010000000100000002000000000000000300000005
00000001000000000000000100000001000000020000000000000001000000020000000100000003
00000001000000040000000000000002000000030000000200000000000000010000000100000004
00000001000000000000000200000000000000000000000000000001000000030000000300000003
00000001000000030000000200000001000000010000000000000001000000000000000300000000
00000003000000030000000100000002000000000000000400000001000000000000000200000002
00000002000000040000000100000000000000020000000100000000000000010000000000000000
00000004000000040000000100000002000000010000000000000001000000010000000300000002
00000001000000010000000000000002000000040000000100000003000000000000000000000000
00000000000000000000000100000002000000020000000000000002000000020000000100000001
00000003000000010000000100000000000000010000000100000001000000000000000100000000
00000002000000020000000200000001000000000000000100000002000000000000000300000001
00000002000000010000000100000002000000010000000000000000000000000000000100000000
00000003000000020000000100000001000000020000000000000000000000000000000100000001
00000000000000040000000100000000000000010000000300000001000000030000000100000000
00000000000000020000000000000001000000000000000400000002000000000000000100000000
00000002000000020000000200000001000000040000000100000001000000020000000000000000
00000003000000030000000100000002000000020000000300000002000000010000000200000003
00000000000000020000000400000002000000030000000100000002000000010000000000000003
00000001000000020000000200000001000000000000000100000002000000020000000100000001
00000001000000020000000200000002000000000000000200000004000000020000000100000000
00000002000000020000000000000000000000000000000100000003000000000000000000000003
00000000000000030000000100000002000000020000000200000000000000010000000100000002
00000001000000000000000400000001000000000000000100000001000000030000000000000002
00000000000000010000000200000000000000020000000100000003000000000000000100000002
00000001000000000000000000000002000000010000000100000001000000000000000000000000
00000001000000020000000000000002000000020000000200000001000000040000000000000002
00000000000000020000000100000001000000020000000200000003000000030000000000000002
00000000000000000000000200000000000000030000000100000001000000000000000100000001
00000001000000010000000300000001000000010000000100000002000000020000000000000000
00000002000000020000000100000001000000020000000300000000000000000000000200000003
00000000000000030000000100000001000000010000000300000005000000000000000100000002
00000001000000010000000100000002000000010000000100000002000000020000000200000001
00000001000000000000000200000001000000010000000200000003000000010000000000000001
00000002000000000000000100000001000000030000000100000001000000010000000000000000
00000001000000020000000000000001000000030000000300000000000000020000000200000000
00000003000000010000000100000000000000020000000000000000000000010000000200000003
00000001000000000000000100000000000000000000000200000005000000000000000100000001
00000000000000030000000300000000000000000000000200000000000000020000000000000000
00000001000000000000000200000000000000010000000100000003000000010000000100000001
00000000000000010000000100000002000000020000000300000001000000030000000100000002
00000002000000020000000100000002000000000000000100000003000000010000000300000004
00000001000000010000000400000002000000010000000000000000000000000000000300000002
00000002000000040000000000000001000000000000000100000003000000000000000300000003
00000003000000010000000300000002000000000000000100000002000000010000000200000002
00000001000000020000000100000000000000010000000000000001000000000000000100000002
00000001000000010000000100000000000000010000000100000002000000010000000300000001
00000000000000020000000100000001000000010000000100000000000000000000000100000000
00000002000000020000000300000000000000030000000000000001000000000000000000000001
00000003000000010000000300000002000000000000000100000001000000020000000000000001
00000000000000010000000000000000000000000000000100000003000000010000000200000001
00000001000000040000000100000003000000010000000000000000000000000000000000000001
00000001000000000000000000000000000000030000000100000001000000010000000300000001
00000001000000000000000000000001000000010000000100000001000000000000000300000000
00000001000000000000000300000003000000000000000000000003000000010000000200000001
00000002000000020000000100000000000000000000000100000002000000020000000000000000
00000002000000000000000200000004000000010000000200000002000000020000000100000000
00000002000000010000000000000001000000010000000000000001000000000000000100000002
00000003000000020000000000000001000000010000000100000001000000010000000000000001
00000002000000010000000000000000000000020000000200000001000000000000000300000003
00000003000000020000000000000000000000010000000000000003000000030000000000000001
00000000000000010000000100000000000000010000000200000000000000010000000200000000
00000001000000020000000000000001000000010000000000000003000000010000000100000002
00000004000000000000000000000000000000010000000000000001000000000000000000000000
00000002000000020000000100000001000000010000000000000001000000000000000100000000
00000001000000000000000000000000000000000000000100000000000000010000000100000001
00000000000000010000000100000002000000000000000000000000000000000000000200000002
00000002000000000000000100000000000000030000000100000001000000010000000000000000
00000004000000010000000200000000000000010000000000000001000000020000000200000001
00000002000000020000000200000002000000010000000100000001000000000000000100000001
00000000000000000000000100000001000000010000000100000002000000010000000100000000
00000000000000010000000200000003000000000000000100000001000000000000000000000001
00000002000000000000000100000001000000000000000000000001000000020000000000000002
00000001000000010000000100000001000000000000000200000001000000010000000100000000
00000003000000000000000000000000000000030000000200000000000000010000000300000001
00000000000000000000000000000000000000010000000200000001000000030000000000000001
00000001000000010000000100000001000000010000000100000002000000020000000000000000
00000000000000020000000100000001000000020000000000000002000000010000000300000001
00000001000000020000000000000002000000010000000100000001000000010000000000000003
00000000000000010000000000000000000000010000000000000001000000010000000100000000
00000003000000000000000000000001000000000000000000000000000000000000000000000002
00000000000000030000000000000000000000010000000100000001000000000000000000000000
00000002000000020000000000000000000000020000000100000001000000000000000200000001
00000000000000020000000200000004000000000000000100000001000000000000000100000001
00000000000000010000000000000000000000000000000100000002000000000000000200000000
00000000000000000000000100000000000000000000000000000001000000000000000200000001
00000000000000010000000000000000000000020000000200000001000000010000000000000001
00000001000000000000000000000002000000020000000000000000000000010000000200000000
00000001000000010000000100000000000000010000000200000003000000000000000000000000
00000000000000000000000000000000000000030000000300000001000000000000000300000002
00000001000000000000000000000002000000020000000100000005000000000000000000000001
00000000000000040000000000000002000000000000000100000001000000010000000000000000
00000000000000010000000300000000000000010000000000000000000000000000000000000001
00000001000000020000000200000001000000000000000200000002000000020000000000000000
00000001000000010000000100000000000000020000000000000001000000000000000100000000
00000001000000010000000000000000000000010000000100000002000000030000000200000001
00000000000000030000000100000000000000000000000100000001000000000000000000000000
00000000000000000000000000000000000000000000000000000002000000000000000100000000
00000000000000010000000000000000000000020000000200000001000000010000000000000001
00000002000000000000000000000001000000010000000100000002000000010000000100000001
00000001000000000000000000000004000000010000000000000000000000020000000100000001
00000001000000000000000200000001000000000000000100000000000000000000000000000000
00000001000000020000000000000001000000010000000300000000000000010000000000000000
00000000000000010000000300000001000000010000000000000000000000000000000000000001
00000000000000000000000000000001000000030000000100000000000000000000000000000000
00000001000000010000000000000002000000000000000100000000000000010000000200000001
00000000000000010000000000000001000000010000000100000000000000000000000000000001
00000001000000010000000000000003000000010000000000000001000000000000000000000000
00000000000000000000000000000001000000010000000200000001000000000000000000000000
00000002000000010000000000000000000000010000000000000001000000000000000100000001
00000001000000000000000000000001000000020000000000000000000000010000000000000001
00000000000000000000000000000001000000000000000000000001000000000000000100000002
00000001000000020000000000000002000000010000000200000000000000000000000000000002
00000001000000010000000000000003000000000000000100000000000000020000000000000001
00000000000000020000000000000000000000010000000200000001000000010000000200000000
00000000000000000000000100000000000000010000000100000003000000010000000000000000
00000002000000000000000000000001000000010000000100000000000000020000000000000001
00000001000000010000000000000001000000000000000000000000000000000000000000000000
00000000000000000000000000000000000000010000000300000002000000000000000200000001
00000000000000010000000000000002000000000000000000000000000000020000000000000002
00000002000000000000000100000000000000010000000000000000000000010000000100000000
00000000000000000000000000000000000000000000000100000001000000000000000000000000
00000000000000010000000100000000000000010000000100000001000000000000000100000001
00000002000000000000000000000000000000010000000100000001000000000000000000000001
00000001000000000000000000000000000000010000000100000001000000000000000200000001
00000000000000010000000100000000000000020000000100000002000000010000000300000000
00000000000000010000000000000001000000000000000200000000000000000000000100000001
00000000000000000000000100000000000000000000000100000003000000000000000100000000
00000001000000010000000100000000000000010000000200000001000000000000000100000002
00000001000000010000000000000002000000030000000100000001000000020000000300000002
00000003000000050000000200000004000000070000000600000003000000050000000700000005
00000006000000020000000300000005000000050000000600000003000000020000000300000004
00000002000000070000000500000002000000020000000500000005000000060000000100000009
00000004000000050000001300000009000000060000002100000017000000150000001600000017
00000012000000190000001900000011000000150000001300000018000000150000000200000014
00000005000000120000001300000008000000110000001400000004000000040000000500000009
00000005000000080000000500000003000000030000000100000000000000010000000200000000
00000000000000000000000000000000000000000000000000000000000000000000000000000000
00000000000000000000000000000000000000000000000000000000000000000000000000000000
00000000000000000000000000000000000000000000000000000000000000000000000000000000
00000000000000000000000000000000000000000000000000000000000000000000000000000000
00000000000000000000000000000000000000000000000000000000000000000000000000000000
00000000000000000000000000000000000000000000000000000000000000000000000000000000
00000000000000000000000000000000000000000000000000000000000000000000000000000000
00000000000000000000000000000000000000000000000000000000000000000000000000000000
00000000000000000000000000000000000000000000000000000000000000000000000000000000
00000000000000000000000000000000000000000000000000000000000000000000000000000000
00000000000000000000000000000000000000000000000000000000000000000000000000000000
00000000000000000000000000000000000000000000000000000000000000000000000000000000
00000000000000000000000000000000000000000000000000000000000000000000000000000000
00000000000000000000000000000000000000000000000000000000000000000000000000000000
00000000000000000000000000000000000000000000000000000000000000000000000000000000
00000000000000000000000000000000000000000000000000000000000000000000000000000000
00000000000000000000000000000000000000000000000000000000000000000000000000000000
00000000000000000000000000000000000000000000000000000000000000000000000000000000
00000000000000000000000000000000000000000000000000000000000000000000000000000000
00000000000000000000000000000000000000000000000000000000000000000000000000000000
00000000000000000000000000000000000000000000000000000000000000000000000000000000
00000000000000000000000000000000000000000000000000000000000000000000000000000000
00000000000000000000000000000000000000000000000000000000000000000000000000000000
00000000000000000000000000000000000000000000000000000000000000000000000000000000
00000000000000000000000000000000000000000000000000000000000000000000000000000000
000000000000000000000000000000000000000000000000