 0000103 0000021 0000000 0004095 1040720 0173923
00000000000000000000000000000000000000000000000000000000000000000000000000000000
00000000000000000000000000000000000000000000000000000000000000000000000000000000
00000000000000000000000000000000000000000000000000000000000000000000000000000000
00000000000000000000000000000000000000000000000000000000000000000000000000000000
00000000000000000000000000000000000000000000000000000000000000000000000000000000
00000000000000000000000000000000000000000000000000000000000000000000000000000000
00000000000000000000000000000000000000000000000000000000000000000000000000000000
00000000000000000000000000000000000000000000000000000000000000000000000000000000
00000000000000000000000000000000000000000000000000000000000000000000000000000000
00000000000000000000000000000000000000000000000000000000000000000000000000000000
00000000000000000000000000000000000000000000000000000000000000000000000000000000
00000000000000000000000000000000000000000000000000000000000000000000000000000000
00000000000000000000000000000000000000000000000000000000000000000000000000000000
00000000000000000000000000000000000000000000000000000000000000000000000000000000
00000000000000000000000000000000000000000000000000000000000000000000000000000000
00000000000000000000000000000000000000000000000000000000000000000000000000000000
00000000000000000000000000000000000000000000000000000000000000000000000000000000
00000000000000000000000000000000000000000000000000000000000000000000000000000000
00000000000000000000000000000000000000000000000000000000000000000000000000000000
00000000000000000000000000000000000000000000000000000000000000000000000000000000
00000000000000000000000000000000000000000000000000000000000000000000000000000000
00000000000000000000000000000000000000000000000000000000000000000000000000000000
00000000000000000000000000000000000000000000000000000000000000000000000000000000
00000000000000000000000000000000000000000000000000000000000000000000000000000000
00000000000000000000000000000000000000000000000000000000000000000000000000000000
00000000000000000000000000000000000000000000000000000000000000000000000000000000
00000000000000000000000000000000000000000000000000000000000000000000000000000000
00000000000000000000000000000000000000000000000000000000000000000000000000000000
00000000000000000000000000000000000000000000000000000000000000000000000000000000
00000000000000000000000000000000000000000000000000000000000000000000000000000000
00000000000000000000000000000000000000000000000000000000000000000000000000000000
00000000000000000000000000000000000000000000000000000000000000000000000000000000
00000000000000000000000000000000000000000000000000000000000000000000000000000000
00000000000000000000000000000000000000000000000000000000000000000000000000000000
00000000000000000000000000000000000000000000000000000000000000000000000000000000
00000000000000000000000000000000000000000000000000000000000000000000000000000000
00000000000000000000000000000000000000000000000000000000000000000000000000000000
00000000000000000000000000000000000000000000000000000000000000000000000000000000
00000000000000000000000000000000000000000000000000000000000000000000000000000000
00000000000000000000000000000000000000000000000000000000000000000000000000000000
00000000000000000000000000000000000000000000000000000000000000000000000000000000
00000000000000000000000000000000000000000000000000000000000000000000000000000000
00000000000000000000000000000000000000000000000000000000000000000000000000000000
00000000000000000000000000000000000000000000000000000000000000000000000000000000
00000000000000000000000000000000000000000000000000000000000000000000000000000000
00000000000000000000000000000000000000000000000000000000000000000000000000000000
00000000000000000000000000000000000000000000000000000000000000000000000000000000
00000000000000000000000000000000000000000000000000000000000000000000000000000000
00000000000000000000000000000000000000000000000000000000000000000000000000000000
00000000000000000000000000000000000000000000000000000000000000000000000000000000
00000000000000000000000000000000000000000000000000000000000000000000000000000000
00000000000000000000000000000000000000000000000000000000000000000000000000000000
00000000000000000000000000000000000000000000000000000000000000000000000000000000
00000000000000000000000000000000000000000000000000000000000000000000000000000000
00000000000000000000000000000000000000000000000000000000000000000000000000000000
00000000000000000000000000000000000000000000000000000000000000000000000000000000
00000000000000000000000000000000000000000000000000000000000000000000000000000000
00000000000000000000000000000000000000000000000000000000000000000000000000000000
00000000000000000000000000000000000000000000000000000000000000000000000000000000
00000000000000000000000000000000000000000000000000000000000000000000000000000000
00000000000000000000000000000000000000000000000000000000000000000000000000000000
00000000000000000000000000000000000000000000000000000000000000000000000000000000
00000000000000000000000000000000000000000000000000000000000000000000000000000000
00000000000000000000000000000000000000000000000000000000000000000000000000000000
00000000000000000000000000000000000000000000000000000000000000000000000000000000
00000000000000000000000000000000000000000000000000000000000000000000000000000000
00000000000000000000000000000000000000000000000000000000000000000000000000000000
00000000000000000000000000000000000000000000000000000000000000000000000000000000
00000000000000000000000000000000000000000000000000000000000000000000000000000000
00000000000000000000000000000000000000000000000000000000000000000000000000000000
00000000000000000000000000000000000000000000000000000000000000000000000000000000
00000000000000000000000000000000000000000000000000000000000000000000000000000000
00000000000000000000000000000000000000000000000000000000000000000000000000000000
00000000000000000000000000000000000000000000000000000000000000000000000000000000
00000000000000000000000000000000000000000000000000000000000000000000000000000000
00000000000000000000000000000000000000000000000000000000000000000000000000000000
00000000000000000000000000000000000000000000000000000000000000000000000000000000
00000000000000000000000000000000000000000000000000000000000000000000000000000000
00000000000000000000000000000000000000000000000000000000000000000000000000000000
00000000000000000000000000000000000000000000000000000000000000000000000000000000
00000000000000000000000000000000000000000000000000000000000000000000000000000000
00000000000000000000000000000000000000000000000000000000000000000000000000000000
00000000000000000000000000000000000000000000000000000000000000000000000000000000
00000000000000000000000000000000000000000000000000000000000000000000000000000000
00000000000000000000000000000000000000000000000000000000000000000000000000000000
00000000000000000000000000000000000000000000000000000000000000000000000000000000
00000000000000000000000000000000000000000000000000000000000000000000000000000000
00000000000000000000000000000000000000000000000000000000000000000000000000000000
00000000000000000000000000000000000000000000000000000000000000000000000000000000
00000000000000000000000000000000000000000000000000000000000000000000000000000000
00000000000000000000000000000000000000000000000000000000000000000000000000000000
00000000000000000000000000000000000000000000000000000000000000000000000000000000
00000000000000000000000000000000000000000000000000000000000000000000000000000000
00000000000000000000000000000000000000000000000000000000000000000000000000000000
00000000000000000000000000000000000000000000000000000000000000000000000000000000
00000000000000000000000000000000000000000000000000000000000000000000000000000000
00000000000000000000000000000000000000000000000000000000000000000000000000000000
00000000000000000000000000000000000000000000000000000000000000000000000000000000
00000000000000000000000000000000000000000000000000000000000000000000000000000000
00000000000000000000000000000000000000000000000000000000000000000000000000000000
00000000000000000000000000000000000000000000000000000000000000000000000000000000
00000000000000000000000000000000000000000000000000000000000000000000000000000000
00000000000000000000000000000000000000000000000000000000000000000000000000000000
00000000000000000000000000000000000000000000000000000000000000000000000000000000
00000000000000000000000000000000000000000000000000000000000000000000000000000000
00000000000000000000000000000000000000000000000000000000000000000000000000000000
00000000000000000000000000000000000000000000000000000000000000000000000000000000
00000000000000000000000000000000000000000000000000000000000000000000000000000000
00000000000000000000000000000000000000000000000000000000000000000000000000000000
00000000000000000000000000000000000000000000000000000000000000000000000000000000
00000000000000000000000000000000000000010000000000000000000000000000000000000000
00000000000000000000000000000000000000000000000000000000000000000000000000000000
00000000000000000000000000000000000000000000000000000000000000000000000000000000
00000000000000000000000000000000000000000000000000000000000000000000000000000000
00000000000000000000000000000000000000000000000000000000000000000000000000000000
00000000000000000000000000000000000000000000000000000000000000000000000000000000
00000000000000000000000000000000000000000000000000000000000000000000000000000000
00000000000000000000000000000000000000000000000000000000000000000000000000000000
00000000000000000000000000000000000000000000000000000000000000000000000000000000
00000000000000000000000000000000000000000000000000000000000000000000000000000000
00000000000000000000000000000000000000000000000000000000000000000000000000000000
00000000000000000000000000000000000000000000000000000000000000000000000000000000
00000000000000000000000000000000000000000000000000000000000000000000000000000000
00000000000000000000000000000000000000000000000000000000000000000000000000000000
00000000000000000000000000000000000000000000000000000000000000000000000000000000
00000000000000000000000000000000000000000000000000000000000000000000000100000000
00000000000000000000000000000000000000000000000000000000000000000000000000000000
00000000000000000000000000000000000000000000000000000000000000000000000000000000
00000000000000000000000000000000000000000000000000000000000000000000000000000000
00000000000000000000000000000000000000000000000000000000000000000000000000000000
00000000000000000000000000000000000000000000000000000000000000000000000000000000
00000000000000000000000000000000000000000000000000000000000000000000000000000000
00000000000000000000000000000000000000000000000000000000000000000000000000000000
00000000000000000000000000000000000000000000000000000000000000000000000000000000
00000000000000000000000100000000000000000000000000000000000000000000000000000000
00000000000000000000000000000000000000000000000000000000000000000000000000000000
00000001000000000000000000000000000000000000000000000000000000000000000000000000
00000000000000000000000000000000000000000000000000000000000000000000000000000000
00000000000000000000000000000000000000000000000000000000000000000000000000000000
00000000000000000000000000000000000000000000000000000000000000000000000000000000
00000000000000000000000000000000000000000000000000000000000000000000000000000000
00000000000000000000000000000000000000000000000000000000000000000000000000000000
00000000000000000000000000000000000000000000000000000000000000000000000000000000
00000000000000000000000000000000000000000000000000000000000000000000000100000000
00000000000000000000000100000000000000000000000000000000000000000000000000000000
00000000000000000000000000000000000000000000000000000000000000000000000000000000
00000002000000010000000000000001000000010000000100000000000000000000000100000000
00000000000000000000000000000000000000000000000200000001000000010000000000000001
00000001000000030000000100000000000000000000000200000002000000040000000100000004
00000001000000020000000500000005000000040000000300000005000000080000000900000004
00000009000000030000001100000006000000120000001100000012000000090000000600000008
00000016000000130000001400000019000000110000001400000036000000430000002900000023
00000025000000320000003300000041000000370000004200000034000000500000004800000049
00000045000000640000005800000093000000630000007100000084000000820000008600000080
00000099000000890000009700000114000001250000011400000121000001240000012600000125
00000152000001480000014900000183000002010000019600000190000002010000019600000211
00000224000002010000021500000240000002740000023900000274000003010000031200000311
00000319000003350000035500000369000003550000041600000397000004030000040900000416
00000467000004440000048400000520000004940000055300000529000005360000055900000566
00000577000006370000062600000623000006380000066600000675000006660000070100000701
00000774000007220000076700000715000007740000081100000818000008350000078600000840
00000835000008270000086000000856000008330000083300000865000008530000083100000874
00000884000008400000085100000878000008710000082400000838000008700000081000000760
00000882000007820000082300000840000008150000080300000752000007380000075300000716
00000734000007270000070000000714000006780000065900000678000006270000060900000586
00000566000006120000058900000524000005500000054100000514000004960000048700000446
00000483000004650000038500000373000003970000038600000341000003450000036900000336
00000334000003280000030700000256000002700000025700000261000002600000025600000208
00000219000002100000021000000228000001930000018700000180000001620000017700000137
00000166000001510000017100000157000001410000011500000142000001000000011900000096
00000117000001050000008800000083000000840000008100000072000000960000008100000079
00000063000000630000007300000064000000640000006400000052000000490000004700000037
00000050000000470000005100000044000000420000003300000037000000500000004200000029
00000033000000330000003500000024000000320000002700000032000000250000001900000022
00000026000000180000001900000020000000250000001400000012000000260000001300000019
00000013000000110000001600000014000000190000002100000012000000130000002100000008
00000011000000140000001500000016000000090000001400000016000000120000001800000017
00000015000000150000001700000017000000160000000900000014000000170000001700000014
00000012000000190000002300000019000000150000001100000018000000190000002300000018
00000017000000160000001600000020000000200000002600000019000000260000004200000022
00000031000000240000002200000020000000280000002500000030000000390000004900000035
00000045000000290000003700000045000000520000003100000048000000360000004800000041
00000055000000490000005100000045000000560000006800000056000000660000006100000057
00000060000000660000006900000063000000740000009700000088000000800000007300000101
00000066000001120000007500000088000001160000012500000122000000990000010300000105
00000109000001210000012900000135000001390000011300000156000001550000014000000155
00000159000001620000016500000171000001650000017200000189000001640000019000000175
00000180000001880000021900000198000002070000021700000207000002190000023400000243
00000218000002180000025000000205000002600000025200000255000002880000027900000231
00000258000002730000028000000274000002820000031000000278000002810000028800000289
00000288000002960000031700000297000003010000033300000343000003260000032600000346
00000326000003440000033100000327000003500000031800000366000003390000037600000361
00000332000003530000038200000349000003530000033700000365000003530000038600000382
00000356000003710000036100000400000003740000038200000406000003590000039000000352
00000387000003750000036300000355000003800000036900000375000003810000035700000380
00000355000003840000033400000369000003760000036000000370000003730000036900000369
00000390000003810000038300000352000003700000033900000388000003540000035000000363
00000326000003720000035100000344000003620000032500000323000003230000035200000306
00000332000003270000034600000293000003020000032600000329000003390000033500000315
00000301000003370000031700000319000002860000034600000265000003050000027600000303
00000300000002860000028300000266000002790000027100000262000002790000026700000287
00000287000002330000024300000271000002710000029100000280000002180000025200000263
00000229000002420000024200000221000002450000023800000224000002480000024100000212
00000210000002080000020200000223000002180000022700000207000001960000021900000185
00000185000002070000020900000198000001850000019400000182000001710000019700000199
00000179000001780000016100000168000001500000016300000163000001840000016000000148
00000164000001670000015900000168000001590000016300000151000001440000013500000150
00000124000001510000013600000140000001590000014300000138000001520000012600000133
00000121000001240000011200000118000001210000011400000100000000990000010800000109
00000117000000880000012600000094000001160000010500000116000000940000009500000103
00000096000001090000009800000110000001090000008300000089000001050000008700000079
00000074000000930000010000000095000000760000009100000084000000810000009300000076
00000080000000840000008100000104000000850000008000000064000000680000006600000067
00000071000000670000005900000068000000660000006800000073000000640000006900000065
00000070000000670000006300000067000000610000006500000053000000410000006100000058
00000052000000500000005600000049000000450000004500000055000000440000004900000061
00000049000000580000004900000045000000620000003800000046000000450000004500000042
00000032000000450000004100000047000000270000003300000039000000420000004700000033
00000043000000360000004300000048000000300000003000000036000000480000005000000033
00000037000000320000003200000028000000260000003800000025000000270000003200000021
00000024000000270000003000000034000000260000003100000032000000280000002000000021
00000032000000270000002100000025000000230000002800000028000000190000002200000024
00000030000000380000001900000028000000270000002400000024000000200000001900000023
00000024000000210000002400000018000000260000001200000028000000170000001600000020
00000024000000160000001100000024000000100000001700000016000000110000001700000012
00000018000000200000002500000018000000110000000900000013000000160000001500000020
00000014000000190000001700000025000000180000000700000012000000120000001000000014
00000018000000170000001700000007000000150000001300000011000000130000001200000011
00000014000000090000001500000013000000100000001100000007000000110000000900000010
00000009000000160000001300000008000000110000001700000012000000090000000900000008
00000013000000080000000700000013000000140000001000000012000000060000000600000009
00000009000000130000001000000007000000070000000900000016000000090000000300000006
00000005000000070000001000000010000000040000000600000005000000090000001000000003
00000008000000060000001100000006000000110000000500000008000000050000000700000005
00000005000000050000000500000003000000100000000800000009000000060000000900000007
00000007000000080000000600000005000000030000001200000005000000030000000400000005
00000009000000040000000300000003000000080000000700000005000000060000000200000005
00000003000000080000000500000004000000060000000500000005000000050000000300000005
00000007000000060000000100000003000000070000000200000006000000000000000400000002
00000002000000020000000500000003000000000000000100000002000000010000000400000005
00000002000000020000000500000003000000010000000200000008000000030000000400000001
00000004000000030000000000000003000000060000000200000005000000040000000500000001
00000002000000050000000000000002000000020000000300000004000000000000000400000005
00000002000000050000000400000003000000010000000200000002000000060000000300000002
00000003000000010000000200000001000000010000000200000001000000030000000400000005
00000002000000030000000200000002000000040000000100000004000000010000000100000002
00000003000000020000000100000000000000000000000000000001000000020000000200000001
00000001000000020000000200000003000000030000000100000002000000000000000200000001
00000002000000020000000200000002000000000000000000000004000000020000000000000000
00000002000000030000000100000002000000020000000200000002000000010000000100000001
00000000000000010000000000000000000000040000000300000001000000010000000200000001
00000000000000010000000200000001000000010000000000000002000000020000000000000000
00000001000000000000000100000000000000010000000100000002000000020000000300000000
00000002000000030000000200000001000000000000000100000002000000000000000100000000
00000001000000000000000100000001000000010000000000000000000000020000000300000001
00000000000000000000000000000000000000000000000000000000000000010000000000000000
00000002000000000000000300000001000000000000000000000000000000020000000000000001
00000000000000000000000200000000000000010000000200000003000000000000000000000001
00000000000000010000000100000000000000000000000100000000000000010000000100000001
00000001000000000000000200000001000000010000000000000001000000010000000000000000
00000002000000010000000000000001000000000000000100000000000000000000000000000000
00000001000000000000000100000000000000020000000000000000000000000000000000000001
00000000000000000000000100000000000000000000000000000001000000010000000000000001
00000000000000000000000000000001000000000000000100000002000000010000000100000000
00000002000000020000000000000000000000010000000000000001000000000000000000000001
00000001000000000000000000000001000000020000000200000001000000000000000000000000
00000000000000000000000000000001000000000000000100000000000000000000000000000001
00000000000000010000000000000001000000000000000000000000000000000000000100000000
00000000000000000000000000000001000000020000000100000000000000000000000000000000
00000000000000000000000000000000000000000000000000000000000000000000000000000000
00000000000000010000000000000000000000000000000000000000000000000000000000000000
00000000000000000000000100000000000000000000000000000000000000000000000000000000
00000000000000000000000100000000000000010000000100000000000000000000000100000000
00000000000000000000000100000000000000000000000000000001000000000000000000000000
00000001000000000000000200000000000000010000000200000000000000000000000000000002
00000000000000000000000000000000000000000000000000000000000000000000000000000000
00000000000000010000000100000000000000000000000000000000000000010000000000000001
00000001000000010000000000000001000000000000000100000000000000000000000000000000
00000000000000000000000000000000000000000000000000000000000000000000000000000000
00000000000000000000000000000000000000000000000000000000000000000000000000000000
00000000000000000000000000000002000000010000000000000000000000000000000000000000
00000000000000000000000000000001000000000000000000000000000000000000000000000000
00000000000000000000000000000000000000000000000100000000000000000000000100000001
00000000000000000000000000000000000000000000000000000000000000010000000000000000
00000000000000000000000000000000000000000000000000000000000000000000000000000000
00000000000000000000000000000000000000000000000000000000000000000000000000000000
00000000000000000000000000000000000000000000000000000001000000000000000000000000
00000000000000000000000000000000000000010000000000000000000000000000000000000000
00000000000000000000000000000000000000000000000000000001000000000000000000000001
00000000000000000000000000000001000000000000000000000000000000000000000000000000
00000000000000000000000000000000000000000000000000000000000000010000000000000000
00000000000000000000000000000000000000000000000000000000000000010000000100000000
00000000000000010000000000000000000000000000000000000000000000000000000000000000
00000000000000000000000000000000000000000000000000000000000000000000000000000000
00000000000000000000000100000000000000000000000100000000000000000000000000000001
00000000000000000000000000000000000000000000000000000000000000000000000000000000
00000000000000000000000000000000000000000000000000000000000000000000000000000000
00000000000000010000000100000000000000010000000000000001000000000000000000000000
00000000000000000000000000000000000000000000000000000000000000000000000000000000
00000000000000000000000000000000000000000000000000000000000000000000000000000000
00000000000000010000000100000000000000000000000000000000000000000000000000000000
00000000000000000000000000000000000000000000000000000000000000000000000000000000
00000000000000000000000000000000000000000000000000000000000000010000000000000000
00000000000000000000000000000000000000000000000000000000000000000000000000000000
00000000000000000000000000000000000000010000000000000000000000000000000000000000
00000000000000000000000000000000000000000000000200000000000000000000000000000000
00000000000000000000000000000000000000000000000000000001000000000000000000000001
00000000000000000000000000000000000000000000000000000000000000000000000100000000
00000000000000000000000000000000000000000000000000000000000000000000000000000000
00000000000000000000000000000000000000000000000000000000000000000000000000000001
00000000000000000000000000000000000000000000000000000000000000000000000000000000
00000001000000000000000000000000000000000000000000000000000000000000000000000000
00000000000000000000000000000000000000000000000000000000000000010000000000000000
00000000000000000000000000000001000000000000000000000000000000000000000000000000
00000000000000000000000000000000000000000000000000000000000000010000000100000000
00000000000000000000000000000000000000000000000000000000000000000000000000000000
00000000000000010000000000000000000000000000000000000000000000000000000000000001
00000000000000000000000000000000000000010000000000000000000000000000000000000000
00000000000000000000000000000000000000000000000000000000000000010000000000000000
00000000000000010000000000000000000000000000000000000000000000000000000000000000
00000001000000000000000000000000000000000000000000000000000000000000000000000000
00000000000000000000000000000000000000000000000000000000000000000000000000000000
00000001000000000000000000000000000000010000000000000001000000000000000000000000
00000000000000000000000000000000000000000000000000000000000000000000000000000000
00000000000000000000000000000000000000000000000000000000000000000000000000000000
00000000000000000000000000000000000000000000000000000000000000000000000000000000
00000000000000000000000000000000000000000000000000000000000000000000000000000000
00000000000000000000000000000000000000000000000000000000000000000000000000000000
00000000000000000000000000000000000000000000000000000000000000000000000000000000
00000000000000000000000000000001000000000000000000000000000000000000000000000000
00000000000000000000000000000000000000010000000000000000000000000000000000000000
00000000000000000000000000000000000000000000000000000000000000000000000000000000
00000000000000000000000000000000000000000000000000000000000000000000000000000000
00000000000000000000000000000000000000000000000000000000000000000000000000000000
00000000000000000000000000000000000000000000000000000000000000000000000000000001
00000000000000000000000000000000000000000000000000000000000000000000000000000000
00000000000000000000000000000000000000000000000000000000000000000000000000000000
00000000000000000000000000000000000000000000000000000000000000000000000000000000
00000000000000000000000000000000000000000000000000000000000000000000000000000000
00000000000000000000000000000000000000000000000000000000000000000000000000000000
00000000000000000000000000000001000000000000000000000000000000000000000000000000
00000000000000010000000000000000000000000000000000000000000000000000000000000000
00000000000000000000000000000000000000000000000000000000000000000000000100000000
00000000000000000000000000000000000000000000000000000000000000000000000000000000
00000000000000000000000000000000000000000000000000000000000000000000000000000000
00000000000000000000000000000000000000000000000000000000000000000000000000000000
00000000000000000000000000000000000000000000000000000000000000000000000000000000
00000000000000000000000000000000000000000000000000000000000000000000000000000000
00000000000000000000000000000000000000000000000000000000000000000000000000000000
00000000000000000000000000000000000000000000000000000000000000000000000000000001
00000000000000000000000000000000000000000000000000000000000000000000000000000000
00000000000000000000000000000000000000000000000000000000000000000000000000000000
00000000000000000000000000000000000000000000000000000000000000000000000000000000
00000000000000000000000000000000000000000000000000000000000000000000000000000000
00000000000000000000000000000000000000000000000000000000000000000000000000000000
00000000000000000000000000000000000000000000000000000000000000000000000000000000
00000000000000000000000000000000000000000000000000000000000000000000000000000000
00000000000000000000000000000000000000000000000000000000000000000000000000000001
00000000000000000000000000000000000000000000000000000000000000000000000000000000
00000000000000000000000000000000000000000000000000000000000000000000000100000000
00000000000000000000000000000000000000010000000000000000000000000000000000000000
00000000000000000000000000000000000000000000000000000000000000000000000000000000
00000000000000000000000000000000000000000000000000000000000000000000000000000000
00000000000000000000000000000000000000000000000000000000000000000000000000000000
00000000000000000000000000000000000000000000000000000000000000000000000000000000
00000000000000000000000000000000000000000000000000000000000000000000000000000000
00000000000000000000000000000000000000000000000000000000000000000000000000000000
00000000000000000000000000000000000000000000000000000000000000000000000000000000
00000000000000000000000000000000000000000000000000000001000000000000000000000000
00000000000000000000000000000000000000000000000000000000000000000000000000000000
00000000000000000000000000000000000000000000000000000000000000000000000000000000
00000000000000000000000000000000000000000000000000000000000000000000000000000000
00000000000000000000000000000000000000000000000100000000000000000000000000000000
00000000000000000000000000000000000000000000000000000001000000000000000000000000
00000000000000000000000000000000000000000000000000000000000000000000000000000000
00000000000000000000000000000000000000000000000000000000000000000000000000000000
00000000000000000000000000000000000000000000000000000000000000000000000000000000
00000000000000000000000000000000000000000000000000000000000000000000000000000000
00000000000000000000000000000000000000000000000000000000000000000000000000000000
00000000000000000000000000000000000000000000000000000000000000000000000000000000
00000000000000000000000000000000000000000000000000000000000000000000000000000000
00000000000000000000000000000000000000000000000000000000000000000000000000000000
00000000000000000000000000000000000000000000000000000000000000000000000000000000
00000000000000000000000100000000000000000000000000000000000000000000000000000000
00000000000000000000000000000000000000000000000000000000000000000000000000000000
00000000000000000000000000000000000000000000000000000000000000000000000000000000
00000000000000000000000000000000000000000000000000000000000000000000000000000000
00000000000000000000000000000000000000000000000000000000000000000000000000000000
00000000000000000000000000000000000000000000000000000000000000000000000000000000
00000000000000000000000000000000000000000000000000000000000000000000000000000000
00000000000000000000000000000000000000000000000000000000000000000000000000000000
00000000000000000000000000000000000000000000000000000000000000000000000000000000
00000000000000000000000000000000000000000000000000000000000000000000000000000000
00000000000000000000000000000000000000000000000000000000000000000000000000000000
00000000000000000000000000000000000000000000000000000000000000000000000000000000
00000000000000000000000000000000000000000000000000000000000000000000000000000000
00000000000000000000000000000000000000000000000000000000000000000000000000000000
00000000000000000000000000000000000000000000000000000000000000000000000000000000
00000000000000000000000000000000000000000000000000000000000000000000000000000000
00000000000000000000000000000000000000000000000000000000000000000000000000000000
00000000000000000000000000000000000000000000000000000000000000000000000000000000
00000000000000000000000000000000000000000000000000000000000000000000000000000000
00000000000000000000000000000000000000000000000000000000000000000000000000000000
00000000000000000000000000000000000000000000000000000000000000000000000000000000
00000000000000000000000000000000000000000000000000000000000000000000000000000000
00000000000000000000000000000000000000000000000000000000000000000000000000000000
00000000000000000000000000000000000000000000000000000000000000000000000000000000
00000000000000000000000000000000000000000000000000000000000000000000000000000000
00000000000000000000000000000000000000000000000000000000000000000000000000000000
000000000000000000000000000000000000000000000000