350 800
351 799.757
352 799.512
353 799.269
354 799.025
355 798.779
356 798.538
357 798.291
358 798.044
359 797.794
360 797.547
361 797.298
362 797.051
363 796.806
364 796.56
365 796.312
366 796.063
367 795.817
368 795.569
369 795.322
370 795.075
371 794.83
372 794.579
373 794.329
374 794.082
375 793.834
376 793.589
377 793.337
378 793.092
379 792.843
380 792.595
381 792.346
382 792.101
383 791.852
384 791.61
385 791.364
386 791.117
387 790.871
388 790.626
389 790.38
390 790.132
391 789.888
392 789.641
393 789.392
394 789.146
395 788.9
396 788.656
397 788.406
398 788.161
399 787.914
400 787.671
401 787.426
402 787.184
403 786.939
404 786.695
405 786.449
406 786.205
407 785.961
408 785.718
409 785.472
410 785.227
411 784.981
412 784.733
413 784.488
414 784.24
415 783.994
416 783.747
417 783.499
418 783.252
419 783.002
420 782.755
421 782.509
422 782.262
423 782.015
424 781.765
425 781.516
426 781.271
427 781.024
428 780.78
429 780.533
430 780.29
431 780.042
432 779.797
433 779.551
434 779.308
435 779.061
436 778.815
437 778.571
438 778.328
439 778.084
440 777.839
441 777.592
442 777.348
443 777.103
444 776.858
445 776.618
446 776.374
447 776.128
448 775.885
449 775.639
450 775.395
451 775.151
452 774.903
453 774.656
454 774.411
455 774.163
456 773.915
457 773.67
458 773.424
459 773.176
460 772.935
461 772.689
462 772.44
463 772.194
464 771.947
465 771.703
466 771.455
467 771.21
468 770.967
469 770.719
470 770.473
471 770.221
472 769.973
473 769.725
474 769.475
475 769.228
476 768.978
477 768.732
478 768.489
479 768.243
480 767.996
481 767.75
482 767.505
483 767.259
484 767.016
485 766.771
486 766.53
487 766.283
488 766.04
489 765.795
490 765.553
491 765.308
492 765.061
493 764.815
494 764.568
495 764.323
496 764.077
497 763.835
498 763.587
499 763.339
500 763.091
501 762.842
502 762.59
503 762.345
504 762.098
505 761.849
506 761.601
507 761.355
508 761.109
509 760.864
510 760.613
511 760.369
512 760.119
513 759.87
514 759.624
515 759.377
516 759.128
517 758.881
518 758.635
519 758.387
520 758.137
521 757.891
522 757.648
523 757.4
524 757.149
525 756.901
526 756.658
527 756.412
528 756.171
529 755.927
530 755.684
531 755.437
532 755.194
533 754.948
534 754.704
535 754.461
536 754.222
537 753.979
538 753.736
539 753.492
540 753.242
541 752.995
542 752.75
543 752.506
544 752.26
545 752.011
546 751.762
547 751.514
548 751.265
549 751.018
550 750.77
551 750.521
552 750.275
553 750.029
554 749.781
555 749.533
556 749.283
557 749.036
558 748.786
559 748.541
560 748.294
561 748.047
562 747.804
563 747.559
564 747.313
565 747.068
566 746.821
567 746.576
568 746.327
569 746.083
570 745.837
571 745.591
572 745.344
573 745.099
574 744.858
575 744.613
576 744.368
577 744.126
578 743.883
579 743.64
580 743.393
581 743.149
582 742.9
583 742.654
584 742.41
585 742.162
586 741.913
587 741.663
588 741.418
589 741.172
590 740.923
591 740.678
592 740.43
593 740.187
594 739.938
595 739.693
596 739.446
597 739.199
598 738.95
599 738.703
600 738.455
601 738.207
602 737.96
603 737.716
604 737.469
605 737.22
606 736.97
607 736.721
608 736.474
609 736.222
610 735.977
611 735.732
612 735.486
613 735.239
614 734.991
615 734.748
616 734.5
617 734.25
618 734.006
619 733.759
620 733.512
621 733.266
622 733.019
623 732.778
624 732.533
625 732.289
626 732.045
627 731.802
628 731.556
629 731.306
630 731.058
631 730.811
632 730.566
633 730.321
634 730.076
635 729.826
636 729.583
637 729.335
638 729.089
639 728.842
640 728.595
641 728.346
642 728.105
643 727.858
644 727.611
645 727.364
646 727.116
647 726.872
648 726.623
649 726.375
650 726.13
651 725.884
652 725.633
653 725.384
654 725.135
655 724.889
656 724.643
657 724.398
658 724.151
659 723.905
660 723.661
661 723.417
662 723.172
663 722.931
664 722.683
665 722.438
666 722.188
667 721.943
668 721.692
669 721.449
670 721.2
671 720.952
672 720.705
673 720.456
674 720.21
675 719.965
676 719.719
677 719.472
678 719.225
679 718.982
680 718.733
681 718.486
682 718.238
683 717.988
684 717.742
685 717.496
686 717.248
687 717
688 716.751
689 716.502
690 716.252
691 716.006
692 715.761
693 715.512
694 715.268
695 715.026
696 714.779
697 714.535
698 714.29
699 714.048
700 713.803
701 713.556
702 713.309
703 713.066
704 712.822
705 712.576
706 712.329
707 712.084
708 711.842
709 711.598
710 711.354
711 711.107
712 710.861
713 710.616
714 710.37
715 710.122
716 709.878
717 709.63
718 709.386
719 709.142
720 708.893
721 708.647
722 708.4
723 708.152
724 707.908
725 707.663
726 707.415
727 707.166
728 706.919
729 706.673
730 706.426
731 706.179
732 705.933
733 705.687
734 705.441
735 705.195
736 704.947
737 704.702
738 704.46
739 704.211
740 703.966
741 703.719
742 703.473
743 703.229
744 702.982
745 702.739
746 702.496
747 702.247
748 702.001
749 701.755
750 701.511
751 701.266
752 701.021
753 700.773
754 700.526
755 700.286
756 700.04
757 699.792
758 699.545
759 699.302
760 699.055
761 698.806
762 698.559
763 698.314
764 698.066
765 697.821
766 697.571
767 697.327
768 697.079
769 696.835
770 696.587
771 696.337
772 696.092
773 695.842
774 695.595
775 695.349
776 695.099
777 694.85
778 694.602
779 694.358
780 694.112
781 693.863
782 693.614
783 693.371
784 693.125
785 692.88
786 692.633
787 692.386
788 692.142
789 691.893
790 691.648
791 691.401
792 691.151
793 690.905
794 690.66
795 690.415
796 690.172
797 689.926
798 689.684
799 689.44
800 689.195
801 688.949
802 688.702
803 688.455
804 688.208
805 687.963
806 687.72
807 687.474
808 687.227
809 686.984
810 686.74
811 686.492
812 686.247
813 685.999
814 685.752
815 685.507
816 685.261
817 685.016
818 684.77
819 684.521
820 684.272
821 684.026
822 683.777
823 683.53
824 683.286
825 683.038
826 682.794
827 682.546
828 682.296
829 682.052
830 681.802
831 681.56
832 681.309
833 681.063
834 680.816
835 680.571
836 680.324
837 680.077
838 679.834
839 679.591
840 679.347
841 679.104
842 678.857
843 678.614
844 678.364
845 678.119
846 677.875
847 677.629
848 677.382
849 677.134
850 676.892
851 676.647
852 676.403
853 676.155
854 675.907
855 675.663
856 675.415
857 675.171
858 674.925
859 674.68
860 674.43
861 674.18
862 673.937
863 673.69
864 673.445
865 673.2
866 672.954
867 672.707
868 672.46
869 672.216
870 671.968
871 671.722
872 671.475
873 671.227
874 670.98
875 670.74
876 670.496
877 670.252
878 670.006
879 669.763
880 669.519
881 669.272
882 669.031
883 668.785
884 668.539
885 668.294
886 668.048
887 667.802
888 667.557
889 667.31
890 667.067
891 666.82
892 666.573
893 666.327
894 666.082
895 665.838
896 665.591
897 665.343
898 665.098
899 664.847
900 664.6
901 664.353
902 664.106
903 663.861
904 663.614
905 663.367
906 663.121
907 662.877
908 662.631
909 662.387
910 662.145
911 661.901
912 661.656
913 661.41
914 661.168
915 660.921
916 660.678
917 660.433
918 660.187
919 659.942
920 659.697
921 659.45
922 659.207
923 658.962
924 658.713
925 658.464
926 658.212
927 657.964
928 657.72
929 657.474
930 657.232
931 656.987
932 656.744
933 656.498
934 656.252
935 656.005
936 655.763
937 655.519
938 655.277
939 655.034
940 654.789
941 654.545
942 654.297
943 654.051
944 653.804
945 653.56
946 653.315
947 653.069
948 652.82
949 652.573
950 652.326
951 652.081
952 651.836
953 651.59
954 651.344
955 651.098
956 650.852
957 650.606
958 650.36
959 650.115
960 649.867
961 649.623
962 649.378
963 649.129
964 648.884
965 648.642
966 648.4
967 648.154
968 647.91
969 647.663
970 647.419
971 647.174
972 646.926
973 646.681
974 646.438
975 646.194
976 645.948
977 645.707
978 645.462
979 645.217
980 644.969
981 644.721
982 644.473
983 644.227
984 643.984
985 643.739
986 643.492
987 643.248
988 643.005
989 642.756
990 642.511
991 642.259
992 642.018
993 641.775
994 641.528
995 641.284
996 641.041
997 640.798
998 640.553
999 640.307
1000 640.058
1001 639.812
1002 639.566
1003 639.32
1004 639.075
1005 638.828
1006 638.584
1007 638.34
1008 638.091
1009 637.846
1010 637.6
1011 637.359
1012 637.114
1013 636.87
1014 636.625
1015 636.379
1016 636.136
1017 635.895
1018 635.65
1019 635.405
1020 635.159
1021 634.912
1022 634.666
1023 634.419
1024 634.174
1025 633.929
1026 633.683
1027 633.437
1028 633.192
1029 632.944
1030 632.701
1031 632.457
1032 632.213
1033 631.966
1034 631.722
1035 631.478
1036 631.235
1037 630.989
1038 630.741
1039 630.497
1040 630.25
1041 630.003
1042 629.758
1043 629.512
1044 629.266
1045 629.018
1046 628.772
1047 628.527
1048 628.28
1049 628.034
1050 627.788
1051 627.542
1052 627.294
1053 627.051
1054 626.804
1055 626.554
1056 626.308
1057 626.063
1058 625.818
1059 625.572
1060 625.327
1061 625.083
1062 624.835
1063 624.587
1064 624.342
1065 624.097
1066 623.853
1067 623.609
1068 623.364
1069 623.12
1070 622.874
1071 622.631
1072 622.38
1073 622.133
1074 621.885
1075 621.64
1076 621.396
1077 621.153
1078 620.907
1079 620.663
1080 620.416
1081 620.17
1082 619.922
1083 619.675
1084 619.429
1085 619.181
1086 618.935
1087 618.689
1088 618.443
1089 618.197
1090 617.953
1091 617.708
1092 617.462
1093 617.215
1094 616.968
1095 616.719
1096 616.473
1097 616.227
1098 615.98
1099 615.734
1100 615.489
1101 615.241
1102 614.994
1103 614.747
1104 614.499
1105 614.258
1106 614.01
1107 613.766
1108 613.519
1109 613.276
1110 613.031
1111 612.79
1112 612.546
1113 612.3
1114 612.052
1115 611.807
1116 611.559
1117 611.315
1118 611.066
1119 610.822
1120 610.576
1121 610.327
1122 610.079
1123 609.832
1124 609.582
1125 609.336
1126 609.091
1127 608.842
1128 608.596
1129 608.351
1130 608.108
1131 607.861
1132 607.616
1133 607.365
1134 607.118
1135 606.87
1136 606.627
1137 606.38
1138 606.136
1139 605.894
1140 605.646
1141 605.402
1142 605.16
1143 604.916
1144 604.672
1145 604.426
1146 604.179
1147 603.932
1148 603.687
1149 603.443
1150 603.197
1151 602.951
1152 602.704
1153 602.458
1154 602.214
1155 601.971
1156 601.723
1157 601.478
1158 601.231
1159 600.984
1160 600.743
1161 600.494
1162 600.249
1163 600
1164 599.76
1165 599.515
1166 599.269
1167 599.025
1168 598.78
1169 598.533
1170 598.29
1171 598.045
1172 597.799
1173 597.552
1174 597.31
1175 597.067
1176 596.825
1177 596.585
1178 596.343
1179 596.095
1180 595.85
1181 595.605
1182 595.363
1183 595.119
1184 594.877
1185 594.633
1186 594.388
1187 594.146
1188 593.904
1189 593.655
1190 593.407
1191 593.16
1192 592.914
1193 592.669
1194 592.425
1195 592.18
1196 591.934
1197 591.689
1198 591.448
1199 591.202
1200 590.959
1201 590.714
1202 590.468
1203 590.226
1204 589.983
1205 589.737
1206 589.493
1207 589.245
1208 589.003
1209 588.756
1210 588.511
1211 588.265
1212 588.021
1213 587.777
1214 587.531
1215 587.286
1216 587.042
1217 586.799
1218 586.553
1219 586.311
1220 586.064
1221 585.821
1222 585.576
1223 585.332
1224 585.088
1225 584.844
1226 584.596
1227 584.351
1228 584.104
1229 583.859
1230 583.615
1231 583.371
1232 583.129
1233 582.887
1234 582.644
1235 582.402
1236 582.154
1237 581.911
1238 581.669
1239 581.427
1240 581.181
1241 580.941
1242 580.697
1243 580.452
1244 580.206
1245 579.959
1246 579.715
1247 579.469
1248 579.221
1249 578.978
1250 578.732
1251 578.487
1252 578.238
1253 577.993
1254 577.747
1255 577.505
1256 577.263
1257 577.02
1258 576.774
1259 576.524
1260 576.279
1261 576.034
1262 575.789
1263 575.544
1264 575.3
1265 575.056
1266 574.813
1267 574.568
1268 574.323
1269 574.077
1270 573.836
1271 573.587
1272 573.345
1273 573.098
1274 572.854
1275 572.609
1276 572.362
1277 572.117
1278 571.875
1279 571.631
1280 571.386
1281 571.139
1282 570.899
1283 570.658
1284 570.413
1285 570.164
1286 569.92
1287 569.679
1288 569.434
1289 569.19
1290 568.947
1291 568.702
1292 568.458
1293 568.214
1294 567.968
1295 567.721
1296 567.478
1297 567.236
1298 566.991
1299 566.745
1300 566.499
1301 566.251
1302 566.009
1303 565.763
1304 565.521
1305 565.276
1306 565.029
1307 564.78
1308 564.535
1309 564.292
1310 564.049
1311 563.806
1312 563.565
1313 563.32
1314 563.074
1315 562.829
1316 562.584
1317 562.337
1318 562.088
1319 561.844
1320 561.599
1321 561.357
1322 561.114
1323 560.868
1324 560.623
1325 560.376
1326 560.131
1327 559.889
1328 559.646
1329 559.401
1330 559.157
1331 558.916
1332 558.673
1333 558.426
1334 558.184
1335 557.936
1336 557.69
1337 557.441
1338 557.2
1339 556.957
1340 556.714
1341 556.469
1342 556.222
1343 555.979
1344 555.735
1345 555.491
1346 555.248
1347 555.004
1348 554.76
1349 554.514
1350 554.266
1351 554.022
1352 553.782
1353 553.537
1354 553.293
1355 553.044
1356 552.798
1357 552.557
1358 552.311
1359 552.064
1360 551.82
1361 551.575
1362 551.333
1363 551.09
1364 550.846
1365 550.604
1366 550.361
1367 550.114
1368 549.869
1369 549.627
1370 549.381
1371 549.135
1372 548.891
1373 548.644
1374 548.399
1375 548.157
1376 547.91
1377 547.668
1378 547.423
1379 547.179
1380 546.933
1381 546.688
1382 546.443
1383 546.199
1384 545.955
1385 545.713
1386 545.468
1387 545.222
1388 544.976
1389 544.735
1390 544.486
1391 544.244
1392 543.997
1393 543.752
1394 543.508
1395 543.26
1396 543.017
1397 542.773
1398 542.528
1399 542.283
1400 542.036
1401 541.793
1402 541.548
1403 541.303
1404 541.054
1405 540.806
1406 540.56
1407 540.312
1408 540.07
1409 539.825
1410 539.58
1411 539.338
1412 539.095
1413 538.854
1414 538.614
1415 538.367
1416 538.121
1417 537.884
1418 537.637
1419 537.393
1420 537.148
1421 536.905
1422 536.661
1423 536.415
1424 536.174
1425 535.931
1426 535.685
1427 535.439
1428 535.196
1429 534.952
1430 534.708
1431 534.464
1432 534.218
1433 533.974
1434 533.728
1435 533.482
1436 533.24
1437 532.997
1438 532.754
1439 532.507
1440 532.263
1441 532.016
1442 531.773
1443 531.527
1444 531.284
1445 531.036
1446 530.793
1447 530.549
1448 530.301
1449 530.058
1450 529.814
1451 529.568
1452 529.322
1453 529.074
1454 528.829
1455 528.587
1456 528.345
1457 528.102
1458 527.858
1459 527.613
1460 527.369
1461 527.125
1462 526.882
1463 526.637
1464 526.394
1465 526.15
1466 525.907
1467 525.66
1468 525.418
1469 525.174
1470 524.932
1471 524.69
1472 524.442
1473 524.199
1474 523.954
1475 523.707
1476 523.462
1477 523.218
1478 522.972
1479 522.725
1480 522.481
1481 522.236
1482 521.992
1483 521.749
1484 521.508
1485 521.263
1486 521.02
1487 520.773
1488 520.532
1489 520.285
1490 520.04
1491 519.792
1492 519.548
1493 519.304
1494 519.062
1495 518.82
1496 518.574
1497 518.331
1498 518.087
1499 517.838
1500 517.595
1501 517.349
1502 517.106
1503 516.863
1504 516.619
1505 516.375
1506 516.132
1507 515.887
1508 515.648
1509 515.403
1510 515.16
1511 514.913
1512 514.671
1513 514.426
1514 514.179
1515 513.933
1516 513.687
1517 513.441
1518 513.197
1519 512.954
1520 512.712
1521 512.467
1522 512.22
1523 511.976
1524 511.732
1525 511.488
1526 511.245
1527 511.001
1528 510.756
1529 510.509
1530 510.261
1531 510.016
1532 509.774
1533 509.525
1534 509.284
1535 509.04
1536 508.797
1537 508.556
1538 508.312
1539 508.071
1540 507.827
1541 507.578
1542 507.332
1543 507.089
1544 506.846
1545 506.598
1546 506.356
1547 506.109
1548 505.865
1549 505.619
1550 505.377
1551 505.133
1552 504.888
1553 504.64
1554 504.394
1555 504.149
1556 503.906
1557 503.661
1558 503.417
1559 503.174
1560 502.93
1561 502.686
1562 502.441
1563 502.201
1564 501.956
1565 501.71
1566 501.468
1567 501.22
1568 500.974
1569 500.728
1570 500.481
1571 500.242
1572 499.997
1573 499.753
1574 499.508
1575 499.263
1576 499.017
1577 498.772
1578 498.525
1579 498.277
1580 498.033
1581 497.788
1582 497.544
1583 497.299
1584 497.057
1585 496.816
1586 496.573
1587 496.33
1588 496.088
1589 495.845
1590 495.605
1591 495.363
1592 495.12
1593 494.875
1594 494.63
1595 494.386
1596 494.145
1597 493.896
1598 493.649
1599 493.402
1600 493.159
1601 492.913
1602 492.668
1603 492.42
1604 492.175
1605 491.929
1606 491.684
1607 491.438
1608 491.193
1609 490.946
1610 490.703
1611 490.456
1612 490.213
1613 489.968
1614 489.722
1615 489.475
1616 489.229
1617 488.985
1618 488.736
1619 488.493
1620 488.242
1621 487.998
1622 487.757
1623 487.514
1624 487.271
1625 487.024
1626 486.779
1627 486.533
1628 486.291
1629 486.05
1630 485.802
1631 485.559
1632 485.313
1633 485.066
1634 484.82
1635 484.575
1636 484.334
1637 484.084
1638 483.841
1639 483.593
1640 483.347
1641 483.102
1642 482.852
1643 482.606
1644 482.363
1645 482.121
1646 481.875
1647 481.632
1648 481.384
1649 481.143
1650 480.895
1651 480.65
1652 480.406
1653 480.16
1654 479.913
1655 479.67
1656 479.424
1657 479.178
1658 478.939
1659 478.694
1660 478.449
1661 478.205
1662 477.962
1663 477.718
1664 477.472
1665 477.227
1666 476.983
1667 476.738
1668 476.495
1669 476.252
1670 476.007
1671 475.763
1672 475.519
1673 475.277
1674 475.033
1675 474.792
1676 474.545
1677 474.302
1678 474.057
1679 473.814
1680 473.571
1681 473.324
1682 473.079
1683 472.836
1684 472.591
1685 472.346
1686 472.099
1687 471.855
1688 471.608
1689 471.364
1690 471.119
1691 470.877
1692 470.63
1693 470.384
1694 470.141
1695 469.898
1696 469.656
1697 469.411
1698 469.165
1699 468.921
1700 468.673
1701 468.43
1702 468.187
1703 467.941
1704 467.697
1705 467.453
1706 467.205
1707 466.961
1708 466.717
1709 466.475
1710 466.229
1711 465.984
1712 465.74
1713 465.495
1714 465.249
1715 465.004
1716 464.762
1717 464.519
1718 464.273
1719 464.029
1720 463.785
1721 463.542
1722 463.3
1723 463.056
1724 462.812
1725 462.566
1726 462.32
1727 462.073
1728 461.823
1729 461.58
1730 461.339
1731 461.097
1732 460.853
1733 460.607
1734 460.365
1735 460.118
1736 459.87
1737 459.629
1738 459.384
1739 459.141
1740 458.898
1741 458.654
1742 458.409
1743 458.164
1744 457.92
1745 457.677
1746 457.434
1747 457.188
1748 456.946
1749 456.701
1750 456.454
1751 456.211
1752 455.968
1753 455.727
1754 455.482
1755 455.242
1756 454.999
1757 454.752
1758 454.506
1759 454.262
1760 454.016
1761 453.773
1762 453.527
1763 453.281
1764 453.032
1765 452.788
1766 452.544
1767 452.301
1768 452.057
1769 451.811
1770 451.566
1771 451.322
1772 451.079
1773 450.834
1774 450.589
1775 450.344
1776 450.098
1777 449.854
1778 449.609
1779 449.364
1780 449.119
1781 448.871
1782 448.628
1783 448.381
1784 448.137
1785 447.891
1786 447.649
1787 447.402
1788 447.16
1789 446.915
1790 446.671
1791 446.427
1792 446.184
1793 445.943
1794 445.7
1795 445.455
1796 445.211
1797 444.967
1798 444.722
1799 444.479
1800 444.239
1801 443.991
1802 443.748
1803 443.505
1804 443.259
1805 443.015
1806 442.771
1807 442.524
1808 442.279
1809 442.034
1810 441.788
1811 441.539
1812 441.291
1813 441.048
1814 440.805
1815 440.561
1816 440.317
1817 440.074
1818 439.83
1819 439.585
1820 439.34
1821 439.094
1822 438.848
1823 438.603
1824 438.356
1825 438.111
1826 437.867
1827 437.625
1828 437.379
1829 437.135
1830 436.888
1831 436.642
1832 436.397
1833 436.151
1834 435.905
1835 435.654
1836 435.411
1837 435.164
1838 434.921
1839 434.674
1840 434.433
1841 434.189
1842 433.94
1843 433.695
1844 433.451
1845 433.203
1846 432.957
1847 432.71
1848 432.466
1849 432.223
1850 431.981
1851 431.736
1852 431.488
1853 431.246
1854 431.004
1855 430.762
1856 430.521
1857 430.278
1858 430.035
1859 429.791
1860 429.545
1861 429.303
1862 429.055
1863 428.809
1864 428.564
1865 428.318
1866 428.073
1867 427.827
1868 427.585
1869 427.339
1870 427.094
1871 426.851
1872 426.608
1873 426.364
1874 426.119
1875 425.873
1876 425.63
1877 425.388
1878 425.143
1879 424.902
1880 424.658
1881 424.414
1882 424.17
1883 423.926
1884 423.684
1885 423.44
1886 423.196
1887 422.948
1888 422.704
1889 422.458
1890 422.215
1891 421.969
1892 421.724
1893 421.48
1894 421.238
1895 420.995
1896 420.752
1897 420.508
1898 420.265
1899 420.018
1900 419.776
1901 419.531
1902 419.288
1903 419.045
1904 418.801
1905 418.556
1906 418.316
1907 418.074
1908 417.831
1909 417.587
1910 417.344
1911 417.102
1912 416.86
1913 416.617
1914 416.373
1915 416.129
1916 415.883
1917 415.64
1918 415.394
1919 415.151
1920 414.91
1921 414.667
1922 414.422
1923 414.177
1924 413.929
1925 413.687
1926 413.438
1927 413.197
1928 412.953
1929 412.711
1930 412.466
1931 412.225
1932 411.981
1933 411.735
1934 411.49
1935 411.244
1936 410.999
1937 410.756
1938 410.512
1939 410.266
1940 410.025
1941 409.78
1942 409.53
1943 409.285
1944 409.04
1945 408.796
1946 408.552
1947 408.306
1948 408.058
1949 407.812
1950 407.569
1951 407.324
1952 407.081
1953 406.838
1954 406.592
1955 406.346
1956 406.103
1957 405.856
1958 405.612
1959 405.366
1960 405.121
1961 404.877
1962 404.633
1963 404.388
1964 404.143
1965 403.898
1966 403.656
1967 403.411
1968 403.168
1969 402.924
1970 402.681
1971 402.438
1972 402.195
1973 401.953
1974 401.705
1975 401.46
1976 401.215
1977 400.973
1978 400.731
1979 400.487
1980 400.244
1981 400
1982 399.754
1983 399.509
1984 399.263
1985 399.017
1986 398.771
1987 398.526
1988 398.28
1989 398.038
1990 397.791
1991 397.541
1992 397.298
1993 397.055
1994 396.807
1995 396.562
1996 396.315
1997 396.07
1998 395.825
1999 395.581
2000 395.332
2001 395.088
2002 394.84
2003 394.594
2004 394.351
2005 394.103
2006 393.854
2007 393.61
2008 393.364
2009 393.118
2010 392.871
2011 392.625
2012 392.377
2013 392.131
2014 391.884
2015 391.639
2016 391.392
2017 391.144
2018 390.899
2019 390.652
2020 390.407
2021 390.162
2022 389.916
2023 389.665
2024 389.421
2025 389.175
2026 388.926
2027 388.676
2028 388.43
2029 388.187
2030 387.938
2031 387.69
2032 387.441
2033 387.194
2034 386.943
2035 386.696
2036 386.448
2037 386.198
2038 385.949
2039 385.702
2040 385.455
2041 385.212
2042 384.966
2043 384.719
2044 384.472
2045 384.225
2046 383.98
2047 383.735
2048 383.485
2049 383.24
2050 382.996
2051 382.749
2052 382.501
2053 382.253
2054 382.009
2055 381.76
2056 381.515
2057 381.268
2058 381.021
2059 380.777
2060 380.53
2061 380.282
2062 380.032
2063 379.785
2064 379.532
2065 379.288
2066 379.043
2067 378.795
2068 378.547
2069 378.302
2070 378.051
2071 377.802
2072 377.551
2073 377.305
2074 377.057
2075 376.812
2076 376.563
2077 376.316
2078 376.069
2079 375.822
2080 375.575
2081 375.33
2082 375.086
2083 374.84
2084 374.593
2085 374.345
2086 374.101
2087 373.855
2088 373.61
2089 373.364
2090 373.121
2091 372.874
2092 372.625
2093 372.378
2094 372.13
2095 371.884
2096 371.635
2097 371.386
2098 371.139
2099 370.889
2100 370.642
2101 370.397
2102 370.149
2103 369.899
2104 369.653
2105 369.407
2106 369.161
2107 368.914
2108 368.667
2109 368.421
2110 368.172
2111 367.923
2112 367.677
2113 367.432
2114 367.184
2115 366.938
2116 366.693
2117 366.446
2118 366.196
2119 365.949
2120 365.705
2121 365.457
2122 365.21
2123 364.962
2124 364.714
2125 364.464
2126 364.22
2127 363.97
2128 363.723
2129 363.477
2130 363.224
2131 362.974
2132 362.725
2133 362.479
2134 362.23
2135 361.982
2136 361.733
2137 361.487
2138 361.242
2139 360.998
2140 360.75
2141 360.5
2142 360.259
2143 360.013
2144 359.764
2145 359.514
2146 359.265
2147 359.015
2148 358.77
2149 358.521
2150 358.272
2151 358.026
2152 357.78
2153 357.531
2154 357.282
2155 357.036
2156 356.791
2157 356.546
2158 356.299
2159 356.056
2160 355.807
2161 355.559
2162 355.314
2163 355.068
2164 354.817
2165 354.571
2166 354.327
2167 354.082
2168 353.834
2169 353.589
2170 353.343
2171 353.09
2172 352.845
2173 352.601
2174 352.354
2175 352.108
2176 351.857
2177 351.608
2178 351.36
2179 351.114
2180 350.868
2181 350.622
2182 350.371
2183 350.125
2184 349.877
2185 349.629
2186 349.38
2187 349.131
2188 348.881
2189 348.638
2190 348.39
2191 348.14
2192 347.893
2193 347.647
2194 347.4
2195 347.15
2196 346.909
2197 346.665
2198 346.415
2199 346.166
2200 345.914
2201 345.67
2202 345.424
2203 345.176
2204 344.929
2205 344.683
2206 344.438
2207 344.19
2208 343.944
2209 343.697
2210 343.449
2211 343.201
2212 342.957
2213 342.711
2214 342.468
2215 342.218
2216 341.97
2217 341.723
2218 341.475
2219 341.228
2220 340.98
2221 340.734
2222 340.484
2223 340.238
2224 339.993
2225 339.746
2226 339.498
2227 339.25
2228 339.003
2229 338.755
2230 338.508
2231 338.259
2232 338.01
2233 337.759
2234 337.51
2235 337.266
2236 337.019
2237 336.775
2238 336.526
2239 336.28
2240 336.034
2241 335.786
2242 335.539
2243 335.294
2244 335.049
2245 334.804
2246 334.559
2247 334.314
2248 334.068
2249 333.824
2250 333.579
2251 333.33
2252 333.08
2253 332.836
2254 332.586
2255 332.34
2256 332.092
2257 331.844
2258 331.597
2259 331.349
2260 331.103
2261 330.853
2262 330.608
2263 330.361
2264 330.113
2265 329.863
2266 329.616
2267 329.37
2268 329.119
2269 328.873
2270 328.628
2271 328.385
2272 328.135
2273 327.891
2274 327.641
2275 327.39
2276 327.144
2277 326.894
2278 326.649
2279 326.404
2280 326.157
2281 325.91
2282 325.661
2283 325.416
2284 325.165
2285 324.917
2286 324.673
2287 324.43
2288 324.182
2289 323.936
2290 323.688
2291 323.442
2292 323.196
2293 322.952
2294 322.709
2295 322.466
2296 322.22
2297 321.969
2298 321.724
2299 321.473
2300 321.222
2301 320.974
2302 320.724
2303 320.477
2304 320.229
2305 319.981
2306 319.734
2307 319.487
2308 319.242
2309 318.997
2310 318.749
2311 318.503
2312 318.256
2313 318.007
2314 317.76
2315 317.512
2316 317.271
2317 317.023
2318 316.775
2319 316.533
2320 316.286
2321 316.04
2322 315.797
2323 315.552
2324 315.304
2325 315.055
2326 314.807
2327 314.561
2328 314.314
2329 314.068
2330 313.822
2331 313.578
2332 313.331
2333 313.082
2334 312.836
2335 312.59
2336 312.342
2337 312.095
2338 311.85
2339 311.601
2340 311.35
2341 311.102
2342 310.854
2343 310.607
2344 310.362
2345 310.115
2346 309.869
2347 309.622
2348 309.374
2349 309.125
2350 308.875
2351 308.628
2352 308.386
2353 308.14
2354 307.891
2355 307.642
2356 307.397
2357 307.153
2358 306.905
2359 306.661
2360 306.416
2361 306.171
2362 305.924
2363 305.68
2364 305.431
2365 305.187
2366 304.941
2367 304.695
2368 304.447
2369 304.202
2370 303.955
2371 303.713
2372 303.464
2373 303.217
2374 302.97
2375 302.725
2376 302.477
2377 302.228
2378 301.982
2379 301.735
2380 301.487
2381 301.241
2382 300.994
2383 300.749
2384 300.504
2385 300.253
2386 300.006
2387 299.757
2388 299.513
2389 299.269
2390 299.02
2391 298.775
2392 298.528
2393 298.281
2394 298.035
2395 297.787
2396 297.54
2397 297.294
2398 297.044
2399 296.796
2400 296.549
2401 296.301
2402 296.052
2403 295.806
2404 295.558
2405 295.311
2406 295.063
2407 294.818
2408 294.572
2409 294.327
2410 294.076
2411 293.827
2412 293.58
2413 293.335
2414 293.088
2415 292.841
2416 292.592
2417 292.348
2418 292.099
2419 291.851
2420 291.603
2421 291.353
2422 291.105
2423 290.857
2424 290.612
2425 290.366
2426 290.118
2427 289.872
2428 289.63
2429 289.383
2430 289.137
2431 288.892
2432 288.646
2433 288.401
2434 288.157
2435 287.908
2436 287.663
2437 287.418
2438 287.171
2439 286.921
2440 286.67
2441 286.424
2442 286.179
2443 285.932
2444 285.685
2445 285.436
2446 285.189
2447 284.941
2448 284.696
2449 284.45
2450 284.206
2451 283.957
2452 283.708
2453 283.459
2454 283.214
2455 282.967
2456 282.717
2457 282.466
2458 282.217
2459 281.97
2460 281.724
2461 281.477
2462 281.228
2463 280.976
2464 280.729
2465 280.484
2466 280.235
2467 279.989
2468 279.742
2469 279.494
2470 279.243
2471 278.995
2472 278.745
2473 278.498
2474 278.251
2475 278.003
2476 277.758
2477 277.512
2478 277.267
2479 277.017
2480 276.769
2481 276.524
2482 276.279
2483 276.03
2484 275.782
2485 275.535
2486 275.288
2487 275.042
2488 274.797
2489 274.547
2490 274.298
2491 274.052
2492 273.803
2493 273.558
2494 273.31
2495 273.061
2496 272.812
2497 272.564
2498 272.316
2499 272.07
2500 271.819
2501 271.573
2502 271.327
2503 271.083
2504 270.836
2505 270.591
2506 270.346
2507 270.097
2508 269.849
2509 269.606
2510 269.358
2511 269.112
2512 268.867
2513 268.621
2514 268.375
2515 268.129
2516 267.881
2517 267.632
2518 267.388
2519 267.14
2520 266.892
2521 266.645
2522 266.395
2523 266.15
2524 265.902
2525 265.66
2526 265.416
2527 265.171
2528 264.923
2529 264.68
2530 264.435
2531 264.188
2532 263.944
2533 263.697
2534 263.449
2535 263.204
2536 262.955
2537 262.71
2538 262.461
2539 262.211
2540 261.965
2541 261.716
2542 261.468
2543 261.221
2544 260.976
2545 260.729
2546 260.481
2547 260.235
2548 259.989
2549 259.742
2550 259.492
2551 259.245
2552 258.998
2553 258.754
2554 258.503
2555 258.258
2556 258.015
2557 257.764
2558 257.518
2559 257.269
2560 257.022
2561 256.775
2562 256.531
2563 256.286
2564 256.039
2565 255.792
2566 255.546
2567 255.298
2568 255.049
2569 254.802
2570 254.554
2571 254.306
2572 254.062
2573 253.818
2574 253.572
2575 253.324
2576 253.079
2577 252.829
2578 252.582
2579 252.332
2580 252.086
2581 251.84
2582 251.594
2583 251.347
2584 251.098
2585 250.854
2586 250.605
2587 250.358
2588 250.113
2589 249.864
2590 249.616
2591 249.369
2592 249.123
2593 248.872
2594 248.623
2595 248.378
2596 248.132
2597 247.887
2598 247.638
2599 247.391
2600 247.147
2601 246.899
2602 246.648
2603 246.402
2604 246.155
2605 245.903
2606 245.656
2607 245.41
2608 245.16
2609 244.918
2610 244.671
2611 244.423
2612 244.179
2613 243.933
2614 243.686
2615 243.437
2616 243.189
2617 242.94
2618 242.694
2619 242.446
2620 242.204
2621 241.96
2622 241.712
2623 241.462
2624 241.217
2625 240.97
2626 240.722
2627 240.476
2628 240.232
2629 239.987
2630 239.738
2631 239.496
2632 239.249
2633 238.999
2634 238.753
2635 238.506
2636 238.258
2637 238.013
2638 237.77
2639 237.524
2640 237.273
2641 237.025
2642 236.775
2643 236.529
2644 236.281
2645 236.033
2646 235.785
2647 235.54
2648 235.292
2649 235.046
2650 234.798
2651 234.55
2652 234.3
2653 234.049
2654 233.802
2655 233.557
2656 233.311
2657 233.063
2658 232.814
2659 232.567
2660 232.319
2661 232.073
2662 231.825
2663 231.578
2664 231.333
2665 231.086
2666 230.841
2667 230.593
2668 230.342
2669 230.094
2670 229.846
2671 229.598
2672 229.352
2673 229.103
2674 228.856
2675 228.605
2676 228.356
2677 228.11
2678 227.862
2679 227.614
2680 227.37
2681 227.123
2682 226.877
2683 226.628
2684 226.383
2685 226.134
2686 225.889
2687 225.647
2688 225.396
2689 225.149
2690 224.902
2691 224.655
2692 224.409
2693 224.163
2694 223.918
2695 223.672
2696 223.426
2697 223.179
2698 222.932
2699 222.686
2700 222.437
2701 222.192
2702 221.946
2703 221.7
2704 221.454
2705 221.206
2706 220.961
2707 220.716
2708 220.469
2709 220.221
2710 219.976
2711 219.729
2712 219.483
2713 219.235
2714 218.988
2715 218.74
2716 218.49
2717 218.244
2718 217.999
2719 217.752
2720 217.505
2721 217.256
2722 217.008
2723 216.761
2724 216.514
2725 216.267
2726 216.019
2727 215.769
2728 215.524
2729 215.277
2730 215.029
2731 214.779
2732 214.533
2733 214.287
2734 214.041
2735 213.791
2736 213.543
2737 213.296
2738 213.049
2739 212.802
2740 212.558
2741 212.31
2742 212.065
2743 211.818
2744 211.573
2745 211.325
2746 211.081
2747 210.838
2748 210.592
2749 210.346
2750 210.1
2751 209.853
2752 209.611
2753 209.364
2754 209.119
2755 208.872
2756 208.629
2757 208.383
2758 208.138
2759 207.89
2760 207.646
2761 207.398
2762 207.154
2763 206.905
2764 206.657
2765 206.41
2766 206.162
2767 205.914
2768 205.669
2769 205.423
2770 205.177
2771 204.928
2772 204.682
2773 204.436
2774 204.192
2775 203.946
2776 203.697
2777 203.452
2778 203.208
2779 202.96
2780 202.711
2781 202.464
2782 202.216
2783 201.969
2784 201.724
2785 201.476
2786 201.233
2787 200.984
2788 200.74
2789 200.491
2790 200.247
2791 200
2792 199.754
2793 199.51
2794 199.26
2795 199.013
2796 198.768
2797 198.523
2798 198.276
2799 198.026
2800 197.779
2801 197.533
2802 197.287
2803 197.04
2804 196.798
2805 196.554
2806 196.306
2807 196.059
2808 195.816
2809 195.571
2810 195.326
2811 195.083
2812 194.836
2813 194.59
2814 194.344
2815 194.101
2816 193.852
2817 193.605
2818 193.358
2819 193.113
2820 192.868
2821 192.624
2822 192.378
2823 192.132
2824 191.886
2825 191.639
2826 191.392
2827 191.146
2828 190.903
2829 190.656
2830 190.41
2831 190.166
2832 189.92
2833 189.674
2834 189.427
2835 189.177
2836 188.93
2837 188.684
2838 188.436
2839 188.189
2840 187.94
2841 187.694
2842 187.447
2843 187.201
2844 186.954
2845 186.704
2846 186.456
2847 186.211
2848 185.965
2849 185.716
2850 185.471
2851 185.225
2852 184.977
2853 184.728
2854 184.484
2855 184.235
2856 183.99
2857 183.746
2858 183.498
2859 183.251
2860 183.003
2861 182.756
2862 182.51
2863 182.264
2864 182.018
2865 181.772
2866 181.524
2867 181.28
2868 181.034
2869 180.787
2870 180.544
2871 180.297
2872 180.052
2873 179.803
2874 179.554
2875 179.311
2876 179.065
2877 178.82
2878 178.576
2879 178.329
2880 178.079
2881 177.834
2882 177.586
2883 177.338
2884 177.095
2885 176.85
2886 176.602
2887 176.356
2888 176.111
2889 175.863
2890 175.616
2891 175.372
2892 175.126
2893 174.878
2894 174.633
2895 174.39
2896 174.146
2897 173.9
2898 173.652
2899 173.407
2900 173.156
2901 172.912
2902 172.662
2903 172.414
2904 172.17
2905 171.921
2906 171.676
2907 171.428
2908 171.183
2909 170.933
2910 170.689
2911 170.443
2912 170.198
2913 169.953
2914 169.706
2915 169.458
2916 169.211
2917 168.967
2918 168.724
2919 168.477
2920 168.23
2921 167.986
2922 167.738
2923 167.489
2924 167.247
2925 167
2926 166.756
2927 166.51
2928 166.262
2929 166.015
2930 165.77
2931 165.521
2932 165.275
2933 165.031
2934 164.786
2935 164.54
2936 164.293
2937 164.049
2938 163.802
2939 163.554
2940 163.309
2941 163.063
2942 162.818
2943 162.576
2944 162.333
2945 162.089
2946 161.844
2947 161.595
2948 161.348
2949 161.098
2950 160.849
2951 160.603
2952 160.357
2953 160.11
2954 159.863
2955 159.617
2956 159.369
2957 159.122
2958 158.873
2959 158.627
2960 158.38
2961 158.132
2962 157.888
2963 157.64
2964 157.393
2965 157.147
2966 156.9
2967 156.658
2968 156.41
2969 156.165
2970 155.92
2971 155.669
2972 155.424
2973 155.178
2974 154.932
2975 154.686
2976 154.44
2977 154.193
2978 153.95
2979 153.702
2980 153.457
2981 153.208
2982 152.965
2983 152.714
2984 152.465
2985 152.217
2986 151.97
2987 151.727
2988 151.482
2989 151.237
2990 150.991
2991 150.746
2992 150.5
2993 150.254
2994 150.011
2995 149.764
2996 149.519
2997 149.269
2998 149.02
2999 148.776
3000 148.53
3001 148.285
3002 148.042
3003 147.795
3004 147.551
3005 147.307
3006 147.06
3007 146.811
3008 146.565
3009 146.321
3010 146.077
3011 145.83
3012 145.585
3013 145.338
3014 145.093
3015 144.849
3016 144.6
3017 144.35
3018 144.103
3019 143.858
3020 143.609
3021 143.364
3022 143.115
3023 142.872
3024 142.625
3025 142.379
3026 142.133
3027 141.889
3028 141.642
3029 141.397
3030 141.153
3031 140.909
3032 140.66
3033 140.411
3034 140.167
3035 139.918
3036 139.674
3037 139.426
3038 139.181
3039 138.938
3040 138.689
3041 138.443
3042 138.195
3043 137.948
3044 137.702
3045 137.455
3046 137.205
3047 136.955
3048 136.708
3049 136.46
3050 136.212
3051 135.967
3052 135.72
3053 135.474
3054 135.231
3055 134.985
3056 134.738
3057 134.492
3058 134.246
3059 134.002
3060 133.756
3061 133.507
3062 133.262
3063 133.016
3064 132.767
3065 132.521
3066 132.277
3067 132.032
3068 131.786
3069 131.54
3070 131.294
3071 131.049
3072 130.8
3073 130.558
3074 130.316
3075 130.07
3076 129.825
3077 129.58
3078 129.336
3079 129.093
3080 128.847
3081 128.597
3082 128.351
3083 128.101
3084 127.851
3085 127.604
3086 127.362
3087 127.115
3088 126.869
3089 126.62
3090 126.376
3091 126.131
3092 125.886
3093 125.637
3094 125.393
3095 125.149
3096 124.902
3097 124.654
3098 124.406
3099 124.161
3100 123.92
3101 123.676
3102 123.433
3103 123.186
3104 122.939
3105 122.694
3106 122.447
3107 122.195
3108 121.953
3109 121.71
3110 121.462
3111 121.212
3112 120.965
3113 120.717
3114 120.473
3115 120.226
3116 119.982
3117 119.733
3118 119.487
3119 119.238
3120 118.992
3121 118.746
3122 118.499
3123 118.252
3124 118.005
3125 117.762
3126 117.513
3127 117.265
3128 117.017
3129 116.773
3130 116.527
3131 116.28
3132 116.034
3133 115.792
3134 115.545
3135 115.298
3136 115.051
3137 114.808
3138 114.56
3139 114.316
3140 114.073
3141 113.828
3142 113.582
3143 113.335
3144 113.09
3145 112.843
3146 112.596
3147 112.349
3148 112.104
3149 111.855
3150 111.608
3151 111.362
3152 111.115
3153 110.871
3154 110.625
3155 110.378
3156 110.13
3157 109.885
3158 109.64
3159 109.391
3160 109.146
3161 108.899
3162 108.652
3163 108.404
3164 108.156
3165 107.906
3166 107.656
3167 107.407
3168 107.157
3169 106.907
3170 106.66
3171 106.417
3172 106.17
3173 105.922
3174 105.68
3175 105.432
3176 105.186
3177 104.939
3178 104.694
3179 104.448
3180 104.204
3181 103.954
3182 103.71
3183 103.46
3184 103.214
3185 102.968
3186 102.721
3187 102.479
3188 102.235
3189 101.986
3190 101.739
3191 101.495
3192 101.249
3193 101.002
3194 100.752
3195 100.505
3196 100.259
3197 100.013
3198 99.7641
3199 99.5149
3200 99.2698
3201 99.0232
3202 98.7768
3203 98.53
3204 98.283
3205 98.0387
3206 97.7926
3207 97.5444
3208 97.2992
3209 97.0543
3210 96.8074
3211 96.5566
3212 96.3095
3213 96.061
3214 95.8123
3215 95.5686
3216 95.3224
3217 95.0758
3218 94.827
3219 94.5807
3220 94.3348
3221 94.0883
3222 93.8416
3223 93.5943
3224 93.3475
3225 93.1037
3226 92.8553
3227 92.6067
3228 92.3605
3229 92.1114
3230 91.8653
3231 91.6182
3232 91.3693
3233 91.1237
3234 90.8744
3235 90.6292
3236 90.3818
3237 90.1359
3238 89.8902
3239 89.646
3240 89.3978
3241 89.1509
3242 88.9036
3243 88.6549
3244 88.411
3245 88.1657
3246 87.9167
3247 87.6651
3248 87.4166
3249 87.17
3250 86.9251
3251 86.6752
3252 86.4298
3253 86.1815
3254 85.9351
3255 85.6921
3256 85.4472
3257 85.2024
3258 84.9561
3259 84.7095
3260 84.4621
3261 84.2164
3262 83.9669
3263 83.7181
3264 83.4733
3265 83.226
3266 82.9795
3267 82.7354
3268 82.488
3269 82.2416
3270 81.9953
3271 81.75
3272 81.5034
3273 81.2551
3274 81.0035
3275 80.7575
3276 80.5126
3277 80.2663
3278 80.0222
3279 79.7747
3280 79.5232
3281 79.2763
3282 79.0248
3283 78.7755
3284 78.5284
3285 78.2822
3286 78.0376
3287 77.7934
3288 77.548
3289 77.3047
3290 77.0595
3291 76.8146
3292 76.5675
3293 76.3225
3294 76.0758
3295 75.8318
3296 75.5888
3297 75.3439
3298 75.0959
3299 74.8508
3300 74.6059
3301 74.3595
3302 74.1127
3303 73.8636
3304 73.619
3305 73.3701
3306 73.1226
3307 72.8737
3308 72.6319
3309 72.3889
3310 72.1442
3311 71.8987
3312 71.6527
3313 71.4059
3314 71.1614
3315 70.9165
3316 70.6698
3317 70.4267
3318 70.1851
3319 69.9411
3320 69.6948
3321 69.4447
3322 69.1991
3323 68.9513
3324 68.7069
3325 68.462
3326 68.2136
3327 67.969
3328 67.7242
3329 67.4742
3330 67.2274
3331 66.9806
3332 66.7341
3333 66.4843
3334 66.2377
3335 65.9904
3336 65.7437
3337 65.5005
3338 65.2532
3339 65.0048
3340 64.7569
3341 64.5077
3342 64.2616
3343 64.0195
3344 63.7743
3345 63.5291
3346 63.2794
3347 63.0347
3348 62.7867
3349 62.539
3350 62.2903
3351 62.0415
3352 61.7945
3353 61.5496
3354 61.302
3355 61.0488
3356 60.8026
3357 60.5579
3358 60.3131
3359 60.0661
3360 59.8199
3361 59.5722
3362 59.3219
3363 59.0736
3364 58.8238
3365 58.5761
3366 58.3284
3367 58.0837
3368 57.8376
3369 57.5894
3370 57.3439
3371 57.0992
3372 56.8521
3373 56.6048
3374 56.3571
3375 56.1086
3376 55.8615
3377 55.6165
3378 55.3649
3379 55.1211
3380 54.8777
3381 54.6304
3382 54.3831
3383 54.1396
3384 53.8953
3385 53.6499
3386 53.4054
3387 53.156
3388 52.911
3389 52.6652
3390 52.4191
3391 52.1736
3392 51.922
3393 51.6724
3394 51.4225
3395 51.1775
3396 50.9282
3397 50.677
3398 50.4284
3399 50.1812
3400 49.9318
3401 49.6845
3402 49.4408
3403 49.1932
3404 48.9476
3405 48.7041
3406 48.4581
3407 48.2133
3408 47.9676
3409 47.7222
3410 47.48
3411 47.2335
3412 46.9876
3413 46.7455
3414 46.4996
3415 46.2495
3416 46.0042
3417 45.7574
3418 45.5102
3419 45.2662
3420 45.0207
3421 44.7745
3422 44.5271
3423 44.2782
3424 44.0328
3425 43.783
3426 43.5361
3427 43.2904
3428 43.0435
3429 42.7981
3430 42.5507
3431 42.3035
3432 42.0603
3433 41.8148
3434 41.5695
3435 41.3224
3436 41.0775
3437 40.8323
3438 40.5863
3439 40.3363
3440 40.0892
3441 39.8391
3442 39.5917
3443 39.3436
3444 39.0924
3445 38.8422
3446 38.5911
3447 38.343
3448 38.0938
3449 37.8463
3450 37.5953
3451 37.3475
3452 37.099
3453 36.8531
3454 36.6048
3455 36.3562
3456 36.1108
3457 35.8652
3458 35.6188
3459 35.3722
3460 35.1257
3461 34.8837
3462 34.6361
3463 34.3914
3464 34.147
3465 33.9024
3466 33.6572
3467 33.4111
3468 33.1612
3469 32.9168
3470 32.6693
3471 32.4227
3472 32.1756
3473 31.9288
3474 31.6821
3475 31.4344
3476 31.1889
3477 30.9431
3478 30.6993
3479 30.4515
3480 30.2063
3481 29.9593
3482 29.7144
3483 29.468
3484 29.2254
3485 28.9783
3486 28.7295
3487 28.4853
3488 28.2379
3489 27.9929
3490 27.7579
3491 27.5314
3492 27.3186
3493 27.1211
3494 26.9471
3495 26.7984
3496 26.671
3497 26.5658
3498 26.474
3499 26.3972
3500 26.3294
