 0006050 0000055 0000000 0004095 1041018 0061900
00002941000033100000381700004624000053540000624800007022000076980000855500009213
00009796000101860001083600011330000114650001138500011489000113390001091000010456
00009910000092340000863100007770000070010000611600005383000046300000401900003416
00002760000023480000191500001527000013180000101900000774000006420000047700000353
00000286000002310000015900000094000001110000007600000049000000420000003300000019
00000013000000120000000700000006000000040000000800000001000000010000000000000001
00000000000000010000000000000003000000010000000100000001000000010000000100000000
00000000000000010000000100000000000000010000000100000001000000000000000000000002
00000001000000020000000100000001000000000000000000000001000000030000000000000003
00000000000000020000000100000001000000000000000100000000000000000000000200000001
00000000000000020000000000000001000000010000000000000000000000000000000000000000
00000003000000000000000000000000000000000000000000000001000000000000000100000001
00000000000000020000000000000002000000010000000300000000000000010000000000000002
00000002000000020000000000000000000000000000000100000000000000020000000000000000
00000000000000010000000100000002000000010000000000000000000000010000000000000000
00000000000000010000000000000000000000010000000000000000000000010000000000000001
00000000000000000000000000000000000000010000000100000001000000000000000200000000
00000001000000010000000000000000000000020000000000000000000000000000000100000001
00000001000000010000000000000001000000020000000700000006000000040000000800000014
00000014000000260000002600000025000000410000007000000062000001040000011700000177
00000170000002470000027000000342000004130000050000000580000006630000074600000797
00000969000010230000116700001225000013340000128400001411000015020000155500001437
00001526000014990000148100001518000014650000142600001297000013270000120300001160
00001036000009490000083500000839000006800000069100000660000005770000054400000490
00000466000004510000041200000386000003830000036900000364000003490000035300000357
00000350000003400000033900000364000003290000032900000331000003410000031100000316
00000316000002970000031100000341000003430000031100000341000003350000032300000305
00000315000003030000034000000340000003340000032500000345000003750000034500000325
00000336000003440000032900000328000003320000031600000326000003490000033700000328
00000361000003460000034300000309000003310000032100000305000003380000036000000345
00000324000003650000030100000324000003470000033800000337000003440000034700000333
00000345000003330000035100000341000003540000034700000331000003510000033000000342
00000352000003100000035500000313000003660000031600000308000003540000034300000338
00000299000003530000033400000347000003230000031800000309000003440000035000000343
00000361000003440000034800000317000003410000029300000336000003220000035400000350
00000332000003670000035300000376000003520000036700000322000003130000035700000369
00000377000003470000035400000352000003320000034800000345000003400000031800000364
00000365000003840000036600000338000003220000035100000332000003580000032900000353
00000354000003390000036400000328000003420000035800000334000003340000034000000323
00000336000003580000034500000348000003170000037600000348000003290000036700000325
00000344000003420000035700000350000003440000034100000357000003580000034500000348
00000390000003500000034400000363000003530000033700000333000003620000037000000352
00000389000003560000033500000378000003140000034600000338000003300000035100000331
00000347000003400000038100000374000003500000034500000337000003650000033600000341
00000333000003260000036100000362000003380000034500000336000003640000033300000349
00000345000003650000033300000305000003320000032700000344000003060000033600000344
00000345000003430000034600000361000003500000038200000407000003470000037200000344
00000366000003210000033900000333000003400000034400000371000003580000035000000369
00000336000003750000035400000347000003600000034500000351000003290000035600000356
00000335000003690000034700000343000003470000034900000390000003360000034100000329
00000336000003710000036800000375000003160000036800000325000003520000033100000328
00000355000003540000034100000372000003670000037000000353000003150000036300000333
00000375000003660000035300000360000003640000038000000355000003380000033600000329
00000355000003200000035600000352000003590000032200000365000003710000032300000337
00000336000003130000034400000345000003490000035800000355000003270000033800000321
00000348000003800000032800000355000003510000036800000338000003380000035300000354
00000324000003450000035400000338000003420000035400000369000003410000037900000321
00000354000003660000031800000334000003410000034200000393000003740000035200000342
00000339000003680000033100000353000003000000033500000373000003390000031300000326
00000329000002970000033000000347000004050000038400000335000003180000031200000348
00000315000003570000033000000343000003340000034500000357000003650000036400000327
00000368000003470000031300000356000003270000031600000356000003620000033900000337
00000339000003240000033000000299000003250000032400000329000003300000032100000346
00000345000003350000034200000330000003510000034700000350000003130000036200000338
00000349000003290000034000000335000002980000031900000326000003510000031500000321
00000309000003420000032400000296000003170000031800000329000003050000030300000325
00000308000003250000031400000325000003460000030500000386000002930000034700000303
00000353000003070000030800000308000003220000031200000322000003160000028500000342
00000310000003040000031700000340000003330000031800000335000002800000032800000306
00000285000003220000027400000361000003180000029700000296000003620000031300000328
00000335000003280000033300000320000003060000030400000272000002970000030200000289
00000254000003280000029600000320000003100000027600000299000002830000029700000313
00000294000003170000029200000304000003150000027900000330000003330000029800000279
00000308000002830000028400000300000002890000030400000282000002920000029500000298
00000317000002790000028700000278000002890000026400000308000002620000030000000294
00000280000002600000030900000294000002810000028500000262000002880000026400000261
00000265000002620000028600000297000002860000027800000267000002610000027300000291
00000310000002630000027300000245000002660000029700000257000002590000028400000265
00000306000002740000026300000278000002700000026400000272000002620000025800000258
00000266000002780000027600000253000002670000026400000264000002600000026600000270
00000247000002860000024400000272000003080000026700000258000002470000027100000225
00000278000002560000022900000239000002440000022000000255000002540000027300000250
00000231000002480000023600000246000002300000026300000261000002600000025000000250
00000241000002470000025700000233000002700000024700000255000002280000022400000230
00000259000002560000023100000225000002210000022100000242000002500000021400000207
00000259000001980000024700000241000002380000020500000193000002370000021900000229
00000215000002300000023000000210000002220000021200000184000002100000021100000211
00000219000002530000020600000227000002250000021200000202000002280000020400000220
00000210000002310000019400000210000002110000020400000176000002020000017800000200
00000216000001910000020600000218000001810000020700000174000001900000021400000195
00000219000001900000016300000198000001800000017900000201000001680000020600000179
00000214000001870000020500000212000001850000017400000185000001890000017200000176
00000170000001740000018400000170000001790000019800000181000001690000015500000160
00000189000001740000016800000181000001540000016900000175000001480000014900000160
00000183000001510000015800000170000001380000015400000147000001650000015200000164
00000161000001330000014800000155000001670000016000000161000001590000014800000151
00000151000001490000015200000153000001560000013300000149000001430000016300000149
00000151000001320000015500000163000001590000016400000144000001610000015600000132
00000146000001500000015500000144000001460000013200000160000001230000014500000134
00000140000001300000014600000118000001330000017100000147000001330000014200000135
00000151000001410000013900000152000001220000016400000119000001520000014000000146
00000156000001190000012200000128000001410000014500000130000001500000012500000128
00000120000001590000012200000133000001240000011600000128000001260000012800000140
00000148000001200000012500000132000001320000012900000120000001350000013900000135
00000131000001250000013400000124000001320000012400000119000001210000014000000136
00000118000001220000012900000140000001380000009900000139000001230000013000000132
00000139000001250000012300000127000001320000015600000142000001340000013100000133
00000122000001250000013300000131000001280000012000000127000001240000013800000124
00000123000001320000013900000112000001480000012700000138000001210000010500000134
00000126000001080000011900000120000001230000013200000118000001230000011600000126
00000127000001110000013200000098000001150000013800000133000001320000010700000109
00000115000001390000012100000127000001290000012300000138000001220000013200000106
00000119000001360000012200000127000001010000011400000119000001200000014300000120
00000136000001440000011400000110000001210000013000000133000001240000012000000109
00000125000001330000013200000120000001270000011100000142000001280000011300000126
00000113000001110000010800000112000000990000014100000117000001050000012000000130
00000116000000980000011600000116000001100000011400000111000001130000012100000106
00000100000001120000012500000105000001000000010500000115000001190000011200000108
00000106000001150000011300000104000001020000011000000118000001010000011100000113
00000123000001190000010800000111000001070000010800000101000001120000011200000104
00000114000001020000010800000107000001190000011400000113000001070000012000000102
00000125000001140000011600000110000001000000012100000124000001210000009900000123
00000117000001110000011300000131000001240000009700000108000001070000012700000098
00000119000001390000011000000112000001100000009800000115000001000000010700000103
00000106000001140000012500000119000001140000012000000129000001020000011400000123
00000126000001130000011800000115000001030000012100000110000001280000011300000103
00000105000001180000010500000115000001000000011400000137000001140000011400000113
00000107000001130000012000000119000001290000012200000108000001200000011000000127
00000120000001170000014100000125000001320000012600000129000001300000012500000109
00000119000001200000011900000115000001280000012900000125000001250000011500000127
00000116000001160000011900000118000001350000013300000131000001360000011000000127
00000139000001080000012200000115000001350000011700000135000001150000012400000119
00000141000001230000012800000133000001020000012900000125000001250000014100000144
00000144000001420000012000000140000001280000010700000130000001310000013600000131
00000132000001310000013300000124000001470000013100000158000001150000011900000132
00000137000001220000010800000116000001310000012900000155000001280000014000000134
00000136000001370000013300000132000001440000012300000139000001660000015400000155
00000145000001310000013500000145000001420000015800000147000001210000014000000134
00000152000001370000013000000136000001250000013300000143000001470000014200000153
00000173000001250000014400000156000001590000014900000131000001460000014600000165
00000140000001390000015700000145000001460000014400000136000001590000013500000154
00000151000001540000014200000154000001190000014400000166000001680000014900000140
00000128000001390000015200000146000001520000014500000133000001730000015800000149
00000151000001480000018200000136000001470000015100000129000001430000015900000136
00000164000001540000018100000167000001520000013800000148000001630000016900000164
00000177000001550000013900000163000001650000017500000160000001450000016700000146
00000156000001850000015000000171000001560000017800000186000001820000017900000190
00000176000001690000016300000176000001610000017600000169000001600000017800000166
00000156000001930000016900000163000001620000017500000157000001860000021800000168
00000196000001630000016600000186000001680000017400000179000001770000017000000201
00000181000001800000018500000148000001760000018600000191000001700000017400000185
00000173000001730000020700000179000001890000022600000188000001940000019600000188
00000204000001870000021400000195000002080000018600000205000001960000019700000208
00000193000002050000017700000191000002010000022500000219000002160000020800000188
00000207000002150000022200000218000002050000022700000216000002040000022300000237
00000225000002150000021300000228000002290000023200000266000002580000025700000272
00000266000002940000026900000305000003230000035700000360000004010000051200000486
00000590000007480000084300000930000011000000120700001424000016130000180300002053
00002408000026500000294400003148000034370000380000004020000043290000464900004607
00004864000051740000528000005301000050130000518300005168000051050000493100004715
00004558000044850000414200003893000037160000340900003269000029080000265900002515
00002334000021130000202800001908000017490000161300001448000013940000135100001320
00001153000010960000102000000910000009010000090400000825000007710000074400000683
00000611000006180000064100000594000005330000053000000475000005230000049100000448
00000426000003950000038500000435000003800000039300000407000004130000046600000434
00000486000005410000057800000620000007140000085200001003000010760000122800001450
00001685000018890000218300002400000027420000299100003333000036840000396500004411
00004799000050020000549200005628000058000000621300006349000062910000645800006261
00006576000065160000636500006252000061710000594700005813000054680000536100005100
00004879000046700000436000004217000039780000373500003562000033570000306500002964
00002779000025630000240700002320000022090000207100001990000017930000174800001611
00001520000014950000138100001344000012530000126300001191000011690000116600001123
00001113000010270000101800001019000009410000095100000973000009260000091700000884
00000929000009250000090000000898000009100000086500000904000008860000092800000890
00000908000008470000091900000931000009360000093800000873000009500000092600000888
00000968000009330000094100000880000009260000088700000944000009240000092300000934
00000925000009020000086500000844000008650000082800000821000008440000080900000784
00000806000007830000076300000765000007150000069000000696000006830000065500000661
00000641000005850000063000000608000005740000056700000547000005190000050400000519
00000469000004860000047900000430000004230000042600000423000004780000038500000410
00000402000004230000039800000347000003470000034100000314000003280000033700000309
00000324000003320000031100000289000003100000032900000306000002770000027900000301
00000298000003060000029000000275000002980000030400000329000002990000032300000305
00000327000003520000040900000372000003960000045000000475000005490000060300000676
00000741000008650000093400000976000012120000136600001464000016880000182400001907
00002142000024050000258600002663000029350000290100003022000032190000333800003330
00003399000034670000333800003360000031040000312800003036000028630000272800002633
00002547000022990000228100002064000019260000185300001788000015150000144500001360
00001312000012800000116600001091000009620000096400000915000008690000081500000813
00000739000007520000068100000663000006700000059500000592000005220000054500000498
00000502000004850000045800000474000004520000043400000420000003850000040400000365
00000390000003810000032900000331000003020000034600000283000003310000032300000322
00000295000002950000031100000315000003090000029500000300000002990000033400000295
00000290000002830000027200000288000002720000033200000304000002950000026700000288
00000295000002820000029300000281000002720000029100000272000002770000028100000327
00000307000002900000027800000291000002820000030200000302000002730000027700000279
00000277000003200000029100000286000002940000028700000318000003010000033900000307
00000303000002900000032700000278000003060000029300000261000002930000028400000275
00000284000002820000028200000267000003330000027000000277000002960000029100000305
00000277000003080000031600000291000003130000030900000309000003100000027900000293
00000285000002860000029300000330000003100000030300000280000002680000030100000317
00000308000003270000029000000276000002910000029800000340000003000000031200000324
00000293000002850000029800000304000003180000031300000279000003090000030600000301
00000316000002820000030000000321000002830000029400000315000003220000034100000310
00000303000002600000031300000319000003130000031100000327000002940000031600000300
00000279000003240000032500000292000003380000029900000295000003390000032300000307
00000327000003250000034100000314000003420000033500000292000003410000029300000271
00000325000003000000032000000304000003590000032600000301000003190000032500000303
00000333000003420000029100000267000003250000029100000284000002770000030000000321
00000347000003080000031100000295000003150000032000000285000002900000028200000278
00000322000003180000030700000316000003210000033900000291000003300000031300000316
00000295000003350000030100000315000002900000032800000324000003370000026500000309
00000317000003150000032700000331000002940000034400000317000003160000030500000327
00000289000003350000027900000307000003130000030000000349000003160000029900000313
00000283000003140000031100000338000003360000029200000317000003530000031400000303
00000350000003280000030900000360000003350000036900000309000003130000033200000330
00000306000003330000030300000330000002910000032300000333000003380000033300000345
00000321000003490000030500000326000003300000032900000349000003520000033100000329
00000335000003500000033100000342000003400000029700000337000003380000030900000299
00000344000003240000033300000312000003110000033000000322000003160000034500000373
00000299000003190000035600000304000003390000036100000323000003180000035500000346
00000294000003620000034400000327000003110000033300000373000003380000035500000333
00000349000003360000030700000349000003510000030900000334000003230000036200000309
00000395000003360000031400000341000003460000033900000330000003590000034200000353
00000309000003640000033300000362000003300000029900000365000003530000031900000330
00000358000003510000032100000309000003370000034900000343000003470000032800000357
00000361000003270000034100000335000003600000034600000388000003710000037300000367
00000341000003340000034000000342000003640000032400000348000003300000034300000357
00000343000003490000033700000349000003750000034300000342000003600000034100000333
00000372000003710000034500000342000003520000032500000325000003640000030100000342
00000353000003570000037300000358000003460000035500000341000003300000035400000357
00000331000003340000033800000379000003150000035100000356000003420000031200000332
00000362000003190000033000000368000003610000036800000348000003420000036000000375
00000390000003040000034400000339000003240000032000000382000003300000032300000362
00000310000003640000033100000357000003190000036700000363000003510000035700000335
00000343000003260000033300000363000003570000033800000337000003710000033000000363
00000322000003690000037100000345000003330000032800000349000003670000030600000329
00000352000003940000032800000382000003400000033900000336000003610000036300000315
00000377000003730000036300000313000003660000036800000356000002960000034800000393
00000351000003410000032300000329000003250000038100000356000003590000033400000338
00000374000003490000035900000341000003580000036100000337000003690000034800000340
00000383000003450000035600000345000003410000035000000335000003760000036200000371
00000355000003630000036300000365000003250000035500000341000003420000034500000364
00000382000003580000035500000357000003660000033300000364000003660000034000000354
00000319000003740000036500000317000003970000037100000338000003210000035000000335
00000324000003690000034900000344000003670000034100000359000003460000032300000326
00000331000003600000038700000349000003410000036100000337000003250000032200000338
00000343000003530000032500000328000003170000032100000357000003620000035400000333
00000349000003830000033800000334000003740000032900000306000003190000033800000331
00000327000003540000032700000361000003410000035500000332000003070000035500000334
00000329000003500000030000000327000003230000035500000346000003340000033000000326
00000387000003500000034600000280000003430000030500000297000003380000034600000319
00000323000002950000032600000327000003240000037400000310000003550000033000000341
00000312000003510000034000000337000003380000033800000312000003550000032800000328
00000315000003020000032600000331000003110000032300000306000003070000032200000318
00000298000002960000030500000312000003100000032600000315000003310000033800000308
00000303000003260000035500000313000003310000033600000334000003110000033600000303
00000355000003530000030600000315000003110000032100000313000003300000029600000299
00000297000002880000027000000302000002900000030600000282000002870000027500000308
00000326000003200000030600000303000002980000029700000332000003260000029600000301
00000284000003090000033200000279000002980000031600000295000003030000031100000306
00000358000002920000032400000295000002760000029300000313000003160000027200000281
00000280000003160000029400000299000002930000027900000258000002980000027800000273
00000301000002940000029400000291000003070000029800000270000003000000030500000292
00000261000002840000026700000278000003110000031400000298000002810000026200000301
00000247000002900000025200000254000003120000027000000263000002940000026700000283
00000248000002590000027900000266000002760000027300000268000002780000023900000263
00000275000002550000028600000272000002690000026900000283000002660000026900000265
00000270000002580000025600000249000002750000027500000270000002360000025500000246
00000239000002520000023300000242000002300000025300000270000002570000024500000238
00000232000002600000023900000235000002450000024400000291000002330000028000000269
00000247000002560000023100000234000002550000024300000244000002510000020800000247
00000234000002340000026200000229000002430000024700000204000002100000026300000243
00000253000002080000022700000224000002340000023600000241000002250000022400000216
00000250000002240000023000000232000002710000020600000220000002180000021700000204
00000206000002150000021300000232000002220000018900000235000002320000019200000223
00000228000002030000020200000213000002180000021800000226000002100000022400000210
00000210000002110000020400000198000002030000020500000185000001910000022200000209
00000204000001950000019300000213000001860000020900000171000001930000018000000198
00000192000001910000018100000169000002080000018500000173000001760000019600000184
00000202000001760000018100000178000001890000015700000161000001590000018600000178
00000196000002030000017000000178000001820000016000000176000001780000019600000182
00000164000001450000016300000161000001780000016000000184000001610000015200000170
00000161000001940000015600000153000001490000016800000163000001580000015700000155
00000154000001570000014000000147000001510000013600000156000001430000017100000165
00000162000001770000014600000166000001670000015700000144000001370000013700000156
00000139000001520000014000000146000001590000014800000132000001550000014100000155
00000150000001460000015200000151000001610000014200000128000001590000012000000153
00000142000001310000014100000135000001350000012400000128000001270000013700000150
00000136000001480000013900000156000001350000013100000146000001380000013100000130
00000122000001200000013900000140000001300000012600000128000001290000013100000129
00000134000001240000014400000140000001520000014600000140000001520000013600000133
00000122000001380000012900000132000001380000013400000135000001460000014700000122
00000128000001330000013200000134000001400000011400000124000001290000012000000121
00000135000001370000012300000135000001330000012300000134000001400000012700000115
00000139000001270000014300000149000001220000012200000117000001350000013900000107
00000110000001360000012600000117000001380000011900000132000001190000011400000126
00000119000001130000011600000107000001140000013800000137000001310000013300000135
00000120000001400000013700000133000001160000012300000127000001020000010200000140
00000127000001230000013100000123000001230000012200000126000001350000011600000128
00000113000001190000012200000135000001020000011800000119000001410000010700000126
00000126000001350000015000000140000001250000013100000134000001320000013500000118
00000123000001320000011100000137000001060000012100000093000001350000011300000117
00000136000001400000012800000141000001290000012800000116000001100000012800000130
00000097000001140000012000000112000001230000012900000089000001260000012300000116
00000112000001140000009400000097000001180000009700000116000001150000013300000091
00000120000001200000012400000107000001150000012400000109000001040000010400000114
00000096000001060000012300000121000001160000010800000112000001330000010700000118
00000090000001140000011700000097000001240000010700000107000001190000011000000105
00000128000000990000009400000105000001090000010800000145000001190000013200000097
00000095000001150000010600000102000001140000011900000120000001100000010700000102
00000107000000990000010900000115000001060000010200000126000001270000010200000116
00000110000001220000008600000120000001210000010100000106000001130000012600000097
00000117000000980000011800000116000001410000011900000116000001010000010600000121
00000125000000980000010800000107000001280000013800000137000000940000010600000125
00000114000001220000014100000128000001050000011100000146000001150000010000000112
00000104000001170000012100000122000001230000011000000101000001310000012300000134
00000102000001140000012500000140000001220000010900000130000001340000012500000116
00000107000001090000011400000102000001310000013100000127000001210000011300000115
00000108000001310000011200000128000001320000011800000111000001160000013500000124
00000128000001440000012200000123000001270000011100000130000001300000013900000138
00000117000001330000011300000117000001350000012300000113000001050000012200000128
00000126000001380000012500000133000001280000016700000136000001480000013000000126
00000123000001310000012600000133000001290000012700000131000001180000012800000133
00000131000001150000010600000122000001290000013200000159000001480000013300000113
00000115000001390000011400000150000001370000011700000138000001300000012500000109
00000151000001310000014000000135000001340000013200000127000001360000013000000136
00000125000001520000013400000158000001480000013400000141000001240000015300000135
00000132000001600000014600000147000001480000014300000135000001250000014700000141
00000157000001380000016300000144000001350000014700000147000001430000013500000172
00000144000001470000013900000147000001320000017300000128000001780000013600000142
00000152000001870000014000000148000001460000016000000142000001620000014400000154
00000150000001370000015700000152000001520000015000000155000001570000013900000148
00000158000001360000016000000164000001390000017300000162000001520000016200000182
00000171000001600000015200000172000001680000018000000164000001690000015500000180
00000161000001620000016900000183000001540000017400000158000001760000018400000159
00000147000001680000017600000152000001700000017900000176000001740000017500000183
00000172000001810000017900000177000001850000017700000181000001520000014600000198
00000148000001900000018300000184000001940000017500000187000001950000019800000195
00000200000001790000017400000164000002010000020200000203000001860000017500000190
00000203000001820000022100000192000002140000018700000194000001740000020000000178
00000224000002110000021000000219000001980000019400000195000002100000019400000182
00000181000001960000021600000198000002140000020300000227000001890000020800000210
00000228000002160000019900000228000002130000022800000243000002590000024000000235
00000260000002460000026100000315000002850000033300000357000003620000038800000458
00000522000005880000061200000739000008260000102800001119000013880000154800001687
00001993000021780000242900002888000030580000342200003676000037520000422200004402
00004586000047500000488200005108000050720000517200005085000051620000506700004936
00004810000046810000432900004198000040100000370600003469000031740000305400002778
00002743000024810000222700002052000018770000175100001638000015110000141900001301
00001288000012000000112900001104000009670000089800000872000008140000078400000808
00000683000006120000065200000588000005990000054200000529000004880000044300000462
00000447000004380000043400000419000003830000038000000395000004250000040000000460
00000424000004890000050800000576000005950000064400000736000008750000098100001210
00001233000014800000171100001906000022620000255500002851000031340000339000003825
00004035000044050000477700005009000053940000569600005847000059830000622100006156
00006378000063400000632800006284000061990000610900005957000056840000556800005338
00005108000049900000464600004600000041870000400400003786000035460000329100003235
00002972000028040000272800002591000023410000215700002056000019190000186200001745
00001694000016040000149800001395000014070000137800001251000012440000117600001138
00001140000010750000104600001029000009770000097100000986000009550000093900000946
00000911000008600000089000000949000008720000090000000990000009140000089800000899
00000836000009000000087500000895000008600000083600000878000009410000090700000930
00000921000008620000088900000957000009320000092000000913000009460000092000000863
00000907000009400000093600000877000009260000088400000860000008910000080700000889
00000777000008090000075600000742000007420000073100000680000007130000072100000658
00000668000006450000062500000597000005560000057900000586000005400000056800000506
00000506000005180000050200000521000004800000048300000455000004450000043900000413
00000417000003860000038000000357000003570000034000000336000003600000032000000337
00000338000003430000032800000322000003270000028800000307000003030000028500000285
00000286000002730000029200000305000003050000029900000335000002730000030900000318
00000329000003250000032400000298000003990000038700000452000004390000049200000560
00000608000006720000078700000884000009220000105700001186000013370000153000001755
00001915000019880000226600002465000025820000272500002925000029870000316700003258
00003300000033820000337100003298000033900000322800003324000031250000304700002820
00002850000026830000244400002357000022100000216500001935000018030000168200001594
00001490000014030000122800001238000011760000106700001021000009650000084300000863
00000801000007540000076800000706000006830000060200000653000006420000062100000587
00000574000005060000046500000462000004690000044500000414000004240000039800000417
00000418000003540000039200000379000003380000034400000337000003380000033100000347
00000322000003120000029300000312000002980000031500000306000003250000026300000324
00000301000003190000029400000273000002890000033000000296000002790000029200000315
00000284000002870000027200000286000002720000031000000278000002780000029400000286
00000260000002940000026100000322000002980000028700000266000002670000027800000297
00000000000000000000000000000000000000000000000000000000000000000000000000000000
00000000000000000000000000000000000000000000000000000000000000000000000000000000
00000000000000000000000000000000000000000000000000000000000000000000000000000000
00000000000000000000000000000000000000000000000000000000000000000000000000000000
00000000000000000000000000000000000000000000000000000000000000000000000000000000
00000000000000000000000000000000000000000000000000000000000000000000000000000000
00000000000000000000000000000000000000000000000000000000000000000000000000000000
00000000000000000000000000000000000000000000000000000000000000000000000000000000
00000000000000000000000000000000000000000000000000000000000000000000000000000000
00000000000000000000000000000000000000000000000000000000000000000000000000000000
00000000000000000000000000000000000000000000000000000000000000000000000000000000
00000000000000000000000000000000000000000000000000000000000000000000000000000000
00000000000000000000000000000000000000000000000000000000000000000000000000000000
00000000000000000000000000000000000000000000000000000000000000000000000000000000
00000000000000000000000000000000000000000000000000000000000000000000000000000000
00000000000000000000000000000000000000000000000000000000000000000000000000000000
00000000000000000000000000000000000000000000000000000000000000000000000000000000
00000000000000000000000000000000000000000000000000000000000000000000000000000000
00000000000000000000000000000000000000000000000000000000000000000000000000000000
00000000000000000000000000000000000000000000000000000000000000000000000000000000
00000000000000000000000000000000000000000000000000000000000000000000000000000000
00000000000000000000000000000000000000000000000000000000000000000000000000000000
00000000000000000000000000000000000000000000000000000000000000000000000000000000
00000000000000000000000000000000000000000000000000000000000000000000000000000000
00000000000000000000000000000000000000000000000000000000000000000000000000000000
000000000000000000000000000000000000000000000000