 0006050 0000031 0000000 0004095 1041018 0061859
00000000000000000000000000000000000000000000000000000000000000000000000000000000
00000000000000000000000000000000000000000000000000000000000000000000000000000000
00000000000000000000000000000000000000000000000000000000000000000000000000000000
00000000000000000000000000000000000000000000000000000000000000000000000000000000
00000000000000000000000000000000000000000000000000000000000000000000000000000000
00000000000000000000000000000000000000000000000000000000000000000000000000000000
00000000000000000000000000000000000000000000000000000000000000000000000000000000
00000000000000000000000000000000000000000000000000000000000000000000000000000000
00000000000000000000000000000000000000000000000000000000000000000000000000000000
00000000000000000000000000000000000000000000000000000000000000000000000000000000
00000000000000000000000000000000000000000000000000000000000000000000000000000000
00000000000000000000000000000000000000000000000000000000000000000000000000000000
00000000000000000000000000000000000000000000000000000000000000000000000000000000
00000000000000000000000000000000000000000000000000000000000000000000000000000000
00000000000000000000000000000000000000000000000000000000000000000000000000000000
00000000000000000000000000000000000000000000000000000000000000000000000000000000
00000000000000000000000000000000000000000000000000000000000000000000000000000000
00000000000000000000000000000000000000000000000000000000000000000000000000000000
00000000000000000000000000000000000000000000000000000000000000000000000000000000
00000000000000000000000000000000000000000000000000000000000000000000000000000000
00000000000000000000000000000000000000000000000000000000000000000000000000000000
00000000000000000000000000000000000000000000000000000000000000000000000000000000
00000000000000000000000000000000000000000000000000000000000000000000000000000000
00000000000000000000000000000000000000000000000000000000000000000000000000000000
00000000000000000000000000000000000000000000000000000000000000000000000000000000
00000000000000000000000000000000000000000000000000000000000000000000000000000000
00000000000000000000000000000000000000000000000000000000000000000000000000000000
00000000000000000000000000000000000000000000000000000000000000000000000000000000
00000000000000000000000000000000000000000000000000000000000000000000000000000000
00000000000000000000000000000000000000000000000000000000000000000000000000000000
00000000000000000000000000000000000000000000000000000000000000000000000000000000
00000000000000000000000000000000000000000000000000000000000000000000000000000000
00000000000000000000000000000000000000000000000000000000000000000000000000000000
00000000000000000000000000000000000000000000000000000000000000000000000000000000
00000000000000000000000000000000000000000000000000000000000000000000000000000000
00000000000000000000000000000000000000000000000000000000000000000000000000000000
00000000000000000000000000000000000000000000000000000000000000000000000000000000
00000000000000000000000000000000000000000000000000000000000000000000000000000000
00000000000000000000000000000000000000000000000000000000000000000000000000000000
00000000000000000000000000000000000000000000000000000000000000000000000000000000
00000000000000000000000000000000000000000000000000000000000000000000000000000000
00000000000000000000000000000000000000000000000000000000000000000000000000000000
00000000000000000000000000000000000000000000000000000000000000000000000000000000
00000000000000000000000000000000000000000000000000000000000000000000000000000000
00000000000000000000000000000000000000000000000000000000000000000000000000000000
00000000000000000000000000000000000000000000000000000000000000000000000000000000
00000000000000000000000000000000000000000000000000000000000000000000000000000000
00000000000000000000000000000000000000000000000000000000000000000000000000000000
00000000000000000000000000000000000000000000000000000000000000000000000000000000
00000000000000000000000000000000000000000000000000000000000000000000000000000000
00000000000000000000000000000000000000000000000000000000000000000000000000000000
00000000000000000000000000000000000000000000000000000000000000000000000000000000
00000000000000000000000000000000000000000000000000000000000000000000000000000000
00000000000000000000000000000000000000000000000000000000000000000000000000000000
00000000000000000000000000000000000000000000000000000000000000000000000000000000
00000000000000000000000000000000000000000000000000000000000000000000000000000000
00000000000000000000000000000000000000000000000000000000000000000000000000000000
00000000000000000000000000000000000000000000000000000000000000000000000000000000
00000000000000000000000000000000000000000000000000000000000000000000000000000000
00000000000000000000000000000000000000000000000000000000000000000000000000000000
00000000000000000000000000000000000000000000000000000000000000000000000000000000
00000000000000000000000000000000000000000000000000000000000000000000000000000000
00000000000000000000000000000000000000000000000000000000000000000000000000000000
00000000000000000000000000000000000000000000000000000000000000000000000000000000
00000000000000000000000000000000000000000000000000000000000000000000000000000000
00000000000000000000000000000000000000000000000000000000000000000000000000000000
00000000000000000000000000000000000000000000000000000000000000000000000000000000
00000000000000000000000000000000000000000000000000000000000000000000000000000000
00000000000000000000000000000000000000000000000000000000000000000000000000000000
00000000000000000000000000000000000000000000000000000000000000000000000000000000
00000000000000000000000000000000000000000000000000000000000000000000000000000000
00000000000000000000000000000000000000000000000000000000000000000000000000000000
00000000000000000000000000000000000000000000000000000000000000000000000000000000
00000000000000000000000000000000000000000000000000000000000000000000000000000000
00000000000000000000000000000000000000000000000000000000000000000000000000000000
00000000000000000000000000000000000000000000000000000000000000000000000000000000
00000000000000000000000000000000000000000000000000000000000000000000000000000000
00000000000000000000000000000000000000000000000000000000000000000000000000000000
00000000000000000000000000000000000000000000000000000000000000000000000000000000
00000000000000000000000000000000000000000000000000000000000000000000000000000000
00000000000000000000000000000000000000000000000000000000000000000000000000000000
00000000000000000000000000000000000000000000000000000000000000000000000000000000
00000000000000000000000000000000000000000000000000000000000000000000000000000000
00000000000000000000000000000000000000000000000000000000000000000000000000000000
00000000000000000000000000000000000000000000000000000000000000000000000000000000
00000000000000000000000000000000000000000000000000000000000000000000000000000000
00000000000000000000000000000000000000000000000000000000000000000000000000000000
00000000000000000000000000000000000000000000000000000000000000000000000000000000
00000000000000000000000000000000000000000000000000000000000000000000000000000000
00000000000000000000000000000000000000000000000000000000000000000000000000000000
00000000000000000000000000000000000000000000000000000000000000000000000000000000
00000000000000000000000000000000000000000000000000000000000000000000000000000000
00000000000000000000000000000000000000000000000000000000000000000000000000000000
00000000000000000000000000000000000000000000000000000000000000000000000000000000
00000000000000000000000000000000000000000000000000000000000000000000000000000000
00000000000000000000000000000000000000000000000000000000000000000000000000000000
00000000000000000000000000000000000000000000000000000000000000000000000000000000
00000000000000000000000000000000000000000000000000000000000000000000000000000000
00000000000000000000000000000000000000000000000000000000000000000000000000000000
00000000000000000000000000000000000000000000000000000000000000000000000000000000
00000000000000000000000000000000000000000000000000000000000000000000000000000000
00000000000000000000000000000000000000000000000000000000000000000000000000000000
00000000000000000000000000000000000000000000000000000000000000000000000000000000
00000000000000000000000000000000000000000000000000000000000000000000000000000000
00000000000000000000000000000000000000000000000000000000000000000000000000000000
00000000000000000000000000000000000000000000000000000000000000000000000000000000
00000000000000000000000000000000000000000000000000000000000000000000000000000000
00000000000000000000000000000000000000000000000000000000000000000000000000000000
00000000000000000000000000000000000000000000000000000000000000000000000000000000
00000000000000000000000000000000000000000000000000000000000000000000000000000000
00000000000000000000000000000000000000000000000000000000000000000000000000000000
00000000000000000000000000000000000000000000000000000000000000000000000000000000
00000000000000000000000000000000000000000000000000000000000000000000000000000000
00000000000000000000000000000000000000000000000000000000000000000000000000000000
00000000000000000000000000000000000000000000000000000000000000000000000000000000
00000000000000000000000000000000000000000000000000000000000000000000000000000000
00000000000000000000000000000000000000000000000000000000000000000000000000000000
00000000000000000000000000000000000000000000000000000000000000000000000000000000
00000000000000000000000000000000000000000000000000000000000000000000000000000000
00000000000000000000000000000000000000000000000000000000000000000000000000000000
00000000000000000000000000000000000000000000000000000000000000000000000000000000
00000000000000000000000000000000000000000000000000000000000000000000000000000000
00000000000000000000000000000000000000000000000000000000000000000000000000000000
00000000000000000000000000000000000000000000000000000000000000000000000000000000
00000000000000000000000000000000000000000000000000000000000000000000000000000000
00000000000000000000000000000000000000000000000000000000000000000000000000000000
00000000000000000000000000000000000000000000000000000000000000000000000000000000
00000000000000000000000000000000000000000000000000000000000000000000000000000000
00000000000000000000000000000000000000000000000000000000000000000000000000000000
00000000000000000000000000000000000000000000000000000000000000000000000000000000
00000000000000000000000000000000000000000000000000000000000000000000000000000000
00000000000000000000000000000000000000000000000000000000000000000000000000000000
00000000000000000000000000000000000000000000000000000000000000000000000000000000
00000000000000000000000000000000000000000000000000000000000000000000000000000000
00000000000000000000000000000000000000000000000000000000000000000000000000000000
00000000000000000000000000000000000000000000000000000000000000000000000000000000
00000000000000000000000000000000000000000000000000000000000000000000000000000000
00000000000000000000000000000000000000000000000000000000000000000000000000000000
00000000000000000000000000000000000000000000000000000000000000000000000000000000
00000000000000000000000000000000000000000000000000000000000000000000000000000000
00000000000000000000000000000000000000000000000000000000000000000000000000000000
00000000000000000000000000000000000000000000000000000000000000000000000000000000
00000000000000000000000000000000000000000000000000000000000000000000000000000000
00000000000000000000000000000000000000000000000000000000000000000000000000000000
00000000000000000000000000000000000000000000000000000000000000000000000000000000
00000000000000000000000000000000000000000000000000000000000000000000000000000000
00000000000000000000000000000000000000000000000000000000000000000000000000000000
00000000000000000000000000000000000000000000000000000000000000000000000000000000
00000000000000000000000000000000000000000000000000000000000000000000000000000000
00000000000000000000000000000000000000000000000000000000000000000000000000000000
00000000000000000000000000000000000000000000000000000000000000000000000000000000
00000000000000000000000000000000000000000000000000000000000000000000000000000000
00000000000000000000000000000000000000000000000000000000000000000000000000000000
00000000000000000000000000000000000000000000000000000000000000000000000000000000
00000000000000000000000000000000000000000000000000000000000000000000000000000000
00000000000000000000000000000000000000000000000000000000000000000000000000000000
00000000000000000000000000000000000000000000000000000000000000000000000000000000
00000000000000000000000000000000000000000000000000000000000000000000000000000000
00000000000000000000000000000000000000000000000000000000000000000000000000000000
00000000000000000000000000000000000000000000000000000001000000020000000900000022
00000077000002870000094900002314000041960000567200006523000071090000726800007358
00007842000077660000791000008222000083280000826400008487000083160000858400008237
00008262000083200000827400008084000082470000806600008016000078610000761200007428
00007262000071680000690900006811000064710000633300006033000059790000586200005461
00005354000052360000493800004722000045350000440800004230000040730000383700003686
00003564000034430000322800003121000030230000287700002823000026290000252100002330
00002258000022660000211900002009000019790000184500001816000016400000158200001509
00001512000014390000125300001311000012500000118400001114000010470000108500000928
00000933000009270000088700000804000007790000079300000702000007150000064500000599
00000600000005660000052000000532000005130000048500000456000004490000044200000437
00000426000004170000035700000349000003160000032100000356000003460000031400000326
00000300000002750000030600000247000002700000022800000220000002230000022000000222
00000208000002300000020000000179000001940000017200000165000001550000016800000155
00000133000001570000014700000120000001300000013200000125000001010000015100000107
00000118000001290000010400000096000000840000011700000094000000830000008500000085
00000106000000900000008900000090000000920000007300000082000000800000008400000089
00000078000000750000005800000063000000700000006300000083000000720000007700000078
00000073000000720000007200000067000000700000006100000066000000680000006600000076
00000067000000490000006100000071000000690000006600000058000000640000006800000049
00000046000000620000006400000052000000520000006100000055000000670000006000000059
00000063000000490000006400000080000000700000006500000059000000600000007200000070
00000072000000690000007200000079000000570000007600000079000000610000007600000085
00000088000000890000008300000077000000720000007500000094000000820000009600000101
00000091000000980000009100000093000000990000009600000080000000990000010700000117
00000108000001140000009200000116000001370000010400000105000001290000012600000119
00000137000001170000012500000141000001340000012400000130000001330000013200000144
00000145000001340000015400000152000001660000016700000158000001650000017400000192
00000174000001840000018900000169000001830000019800000192000002120000017300000198
00000197000001940000020300000167000001960000020700000216000001990000022400000220
00000241000002040000021200000233000002220000024600000252000002260000025400000219
00000257000002660000026200000235000002850000023500000278000002680000025100000239
00000259000002870000030900000276000002710000024100000266000003040000027100000254
00000289000003000000030900000276000003220000029100000306000003220000030500000286
00000315000003040000031500000322000003540000033900000341000003310000033600000312
00000316000003320000033700000371000003690000035300000359000003440000032700000402
00000354000003330000034200000371000003420000039400000340000003390000033700000371
00000384000003530000039900000356000003690000038300000360000003680000037100000385
00000363000003570000037100000369000003740000036100000398000003700000036000000384
00000384000004090000037900000405000003880000042000000365000004050000040400000391
00000401000003890000039100000400000003640000037400000402000003850000037000000398
00000405000003960000040100000407000003510000035600000400000003730000041600000409
00000420000004030000040700000383000004120000042200000342000003620000039100000359
00000403000003670000035800000371000003930000037700000411000004010000036500000366
00000379000003680000039000000387000004060000039100000376000003710000037200000392
00000399000003730000039500000403000003720000034500000371000003870000033100000417
00000369000003920000039100000356000003500000036600000354000003670000039800000381
00000323000003710000033900000345000003630000033500000396000003670000036600000359
00000336000003750000033900000339000003630000036200000374000003590000034000000386
00000354000003400000034500000359000003260000034300000326000003450000032700000296
00000293000003400000030000000302000003260000035000000302000002760000031300000321
00000305000002710000033100000309000003180000032800000336000002930000034100000301
00000311000002750000030500000306000003120000029300000298000002830000029300000309
00000295000002970000029900000271000003180000027200000266000002710000029000000262
00000261000002760000026100000287000002580000024000000259000002830000028400000261
00000233000002360000026600000258000002600000023900000290000002630000024800000245
00000270000002530000023400000206000002490000024100000244000002550000024800000241
00000227000002230000024600000189000002450000022100000205000002310000024300000220
00000215000002250000022900000208000002150000021100000225000002370000020500000218
00000234000001850000020600000204000002250000019500000227000002180000020300000209
00000207000001990000020100000157000001800000019000000246000001920000021300000176
00000190000002050000018300000172000001830000017100000195000001750000016600000184
00000176000001640000017500000178000001540000016600000163000001880000015900000183
00000168000001440000017900000162000001450000017400000144000001480000016700000167
00000157000001610000015300000137000001400000014400000174000001210000014600000131
00000156000001340000014300000131000001310000015300000137000001620000014300000155
00000142000001400000014400000129000001500000013900000126000001480000012700000137
00000116000001450000012500000140000001300000014000000130000001130000012100000125
00000108000001230000011800000105000001300000010600000126000001430000014100000125
00000128000001230000010200000106000001150000010800000109000001040000012600000111
00000122000001240000009600000116000001080000012700000112000001060000011900000097
00000117000001180000010100000110000001020000009800000095000001050000009800000109
00000094000000980000009600000101000000880000009500000098000001010000008400000087
00000098000000850000009400000087000000900000011000000079000000840000009600000083
00000104000000830000009200000070000000900000009900000098000000820000009300000086
00000100000000880000009700000071000000970000008500000080000000820000008300000078
00000074000000820000009400000076000000860000006900000076000000930000007400000082
00000057000000910000006600000081000000750000005900000074000000660000006700000064
00000070000000660000007700000068000000620000008000000065000000730000008200000069
00000066000000780000006600000069000000730000006000000071000000470000007500000056
00000065000000580000005300000064000000720000005800000057000000550000008200000066
00000061000000610000006000000067000000640000005900000057000000520000006200000052
00000035000000620000007000000059000000450000004900000053000000600000005600000054
00000064000000530000004100000054000000460000004700000060000000500000005600000056
00000048000000600000004600000049000000440000005500000048000000600000004900000046
00000059000000510000004100000043000000460000003700000049000000420000004000000052
00000032000000440000003900000055000000430000004900000053000000470000004400000033
00000037000000440000003900000049000000430000003400000042000000350000004400000041
00000038000000260000004500000061000000370000004200000036000000350000004700000057
00000033000000440000003500000044000000340000003800000036000000450000003900000025
00000037000000390000003300000035000000340000004100000032000000330000004200000041
00000035000000250000002500000027000000350000003200000028000000320000003000000034
00000033000000340000003300000027000000360000003500000034000000390000003300000037
00000034000000330000002300000026000000370000003600000032000000390000003100000028
00000030000000300000002900000027000000270000003300000023000000300000003200000038
00000033000000230000003500000027000000250000002100000021000000270000002600000023
00000029000000260000002900000025000000250000003300000021000000240000003400000030
00000022000000280000002900000029000000310000002500000028000000310000002100000029
00000025000000210000002600000020000000320000003200000015000000220000001800000019
00000025000000180000002000000020000000200000002500000019000000200000001800000014
00000032000000180000002100000023000000260000001500000023000000190000003700000018
00000022000000190000002400000020000000250000002300000021000000310000001700000026
00000025000000210000001200000025000000210000002400000023000000240000001500000020
00000018000000270000002500000021000000280000001900000017000000160000001700000020
00000018000000140000001500000020000000220000001800000015000000160000001900000015
00000026000000260000001900000018000000200000001000000027000000220000001800000017
00000011000000190000001800000017000000130000001900000022000000160000001700000024
00000017000000100000001700000013000000290000001800000024000000210000001500000018
00000016000000170000002000000018000000100000001900000018000000200000002300000017
00000012000000190000001500000020000000200000001100000017000000150000001300000009
00000011000000170000001500000014000000120000001700000012000000150000000600000014
00000014000000130000001400000009000000140000001700000020000000140000001000000023
00000018000000150000001400000016000000140000001800000015000000190000001500000011
00000013000000140000001100000015000000140000000800000009000000130000001400000012
00000015000000120000000800000015000000090000001300000010000000160000002200000012
00000014000000170000000800000015000000150000001300000012000000140000001700000017
00000007000000210000000700000013000000080000001800000010000000090000001200000015
00000009000000130000001700000024000000100000000900000007000000100000001100000008
00000010000000120000001500000014000000140000000400000016000000130000001300000010
00000013000000080000001900000015000000090000001200000017000000100000001100000004
00000010000000150000001000000009000000140000001000000005000000100000001200000014
00000011000000100000002000000013000000110000001200000008000000070000000900000007
00000006000000130000000700000008000000160000001900000012000000140000000900000009
00000010000000130000001000000006000000130000000800000015000000100000001200000010
00000013000000080000000900000008000000160000001300000009000000090000000900000012
00000004000000100000000200000011000000120000000400000002000000120000001500000010
00000010000000080000000400000006000000120000001100000007000000080000000900000011
00000008000000080000000600000007000000020000001000000014000000100000001200000010
00000008000000070000000300000015000000100000000000000016000000120000001300000007
00000007000000060000000700000013000000070000001000000005000000070000000800000005
00000005000000110000000700000005000000090000000600000011000000040000000600000013
00000009000000110000000600000007000000070000001000000012000000060000000700000004
00000011000000090000000700000007000000120000000800000008000000070000000800000008
00000005000000050000000800000007000000080000000300000009000000070000000400000005
00000009000000080000001200000002000000120000001100000005000000080000000700000008
00000008000000070000001100000005000000060000000300000010000000080000000900000011
00000010000000010000000700000005000000100000000500000001000000070000000400000008
00000013000000100000000800000005000000040000000600000007000000080000000500000011
00000005000000060000000600000004000000100000000600000006000000080000000600000004
00000011000000030000001000000009000000070000000500000009000000110000000600000007
00000004000000050000001300000006000000070000001500000005000000080000001100000009
00000004000000090000000900000009000000050000001100000005000000060000000200000009
00000008000000080000000600000010000000030000000700000007000000030000001200000003
00000011000000070000000900000008000000070000000400000007000000060000000300000007
00000007000000060000000200000004000000030000000800000005000000080000000500000004
00000007000000050000000400000010000000060000000300000007000000100000000800000005
00000009000000030000000800000007000000070000001100000005000000020000000300000007
00000006000000060000000500000009000000090000000900000013000000070000000800000000
00000005000000120000000900000002000000060000000300000003000000070000000600000011
00000009000000040000000400000003000000040000000200000008000000070000000400000005
00000004000000070000000500000007000000050000000700000006000000040000000600000007
00000006000000070000000200000005000000050000000600000003000000060000000400000009
00000005000000030000000500000005000000040000000400000003000000050000000400000004
00000006000000010000000400000004000000040000000700000003000000030000000200000007
00000004000000040000000400000008000000040000000400000004000000050000000300000014
00000003000000060000000500000008000000070000000700000003000000070000000400000005
00000010000000070000000600000004000000080000000400000010000000040000000500000006
00000004000000050000000300000006000000080000000200000003000000030000000500000005
00000005000000030000000700000006000000050000000200000002000000040000000400000002
00000005000000010000000300000004000000110000000700000003000000030000000800000005
00000006000000060000000300000002000000040000000500000003000000040000000500000004
00000005000000060000000200000004000000020000000400000004000000060000000800000005
00000005000000090000000200000001000000030000000800000004000000060000000300000004
00000004000000070000000200000005000000060000000300000002000000010000000200000008
00000006000000050000000600000003000000030000000600000006000000070000000200000002
00000005000000030000000600000011000000020000000600000002000000060000000200000003
00000005000000070000000500000004000000090000000300000001000000040000000500000006
00000004000000070000000600000000000000050000000400000008000000060000000100000005
00000005000000040000000600000002000000050000000600000003000000010000000200000004
00000003000000060000000200000001000000020000000400000002000000030000000900000005
00000004000000060000000700000005000000020000000400000004000000050000000500000008
00000002000000020000000200000003000000050000000100000001000000040000000600000004
00000008000000040000000200000003000000020000000800000002000000020000000300000005
00000006000000080000000500000005000000040000000400000005000000030000000300000001
00000005000000070000000200000009000000030000000500000001000000050000000600000005
00000005000000020000000100000007000000020000000100000005000000040000000300000001
00000004000000010000000500000003000000010000000800000003000000040000000200000004
00000008000000010000000300000002000000020000000300000001000000040000000200000007
00000000000000020000000300000003000000010000000400000005000000030000000200000000
00000002000000030000000300000003000000030000000300000002000000060000000700000003
00000004000000050000000400000000000000030000000500000010000000010000000500000002
00000005000000030000000100000003000000030000000200000005000000020000000600000000
00000002000000040000000300000003000000050000000200000001000000010000000500000004
00000003000000060000000100000005000000030000000600000001000000010000000500000003
00000007000000020000000400000002000000030000000300000003000000020000000400000003
00000001000000040000000600000000000000020000000100000005000000050000000100000006
00000005000000020000000600000002000000040000000300000003000000020000000400000004
00000006000000000000000100000006000000030000000100000005000000010000000500000001
00000002000000040000000600000005000000070000000200000001000000060000000300000003
00000004000000050000000400000004000000020000000600000002000000030000000400000004
00000003000000040000000300000000000000020000000200000007000000030000000200000000
00000000000000030000000300000003000000050000000100000004000000040000000500000001
00000002000000030000000300000005000000040000000200000003000000010000000300000004
00000006000000040000000400000005000000060000000100000004000000020000000300000001
00000006000000030000000200000002000000040000000500000001000000020000000300000003
00000004000000030000000300000002000000030000000200000005000000020000000300000000
00000002000000040000000700000004000000040000000800000000000000060000000000000002
00000006000000000000000300000001000000010000000500000003000000010000000100000003
00000005000000030000000300000004000000010000000300000003000000020000000200000001
00000004000000040000000600000004000000020000000000000002000000020000000300000002
00000003000000030000000200000001000000050000000100000001000000040000000000000002
00000003000000020000000200000003000000060000000200000002000000020000000400000006
00000004000000020000000300000004000000030000000200000001000000020000000500000001
00000005000000010000000200000007000000010000000300000004000000030000000000000000
00000002000000020000000300000002000000000000000200000002000000030000000100000004
00000001000000040000000000000003000000030000000000000003000000010000000300000001
00000003000000040000000600000006000000030000000300000004000000020000000100000002
00000000000000040000000200000003000000010000000000000004000000010000000100000002
00000002000000030000000400000003000000010000000600000000000000030000000200000002
00000002000000020000000300000001000000020000000200000001000000040000000200000004
00000000000000030000000200000003000000020000000300000004000000000000000000000002
00000002000000030000000200000002000000020000000200000003000000020000000200000001
00000005000000020000000200000002000000020000000000000001000000020000000100000004
00000003000000020000000600000003000000020000000200000003000000000000000300000003
00000001000000010000000100000001000000040000000300000001000000010000000100000002
00000003000000030000000100000004000000030000000100000001000000020000000200000005
00000000000000010000000300000003000000020000000300000001000000020000000400000003
00000001000000040000000200000000000000050000000100000005000000020000000200000001
00000003000000020000000200000003000000020000000400000001000000040000000200000002
00000001000000010000000200000001000000020000000000000003000000040000000300000002
00000001000000020000000100000002000000040000000100000002000000060000000400000000
00000003000000020000000300000006000000020000000200000003000000020000000200000000
00000002000000010000000300000002000000020000000000000002000000070000000000000001
00000001000000010000000400000002000000010000000100000002000000040000000200000005
00000001000000000000000100000004000000000000000200000001000000000000000200000003
00000000000000000000000000000000000000000000000000000000000000000000000000000000
00000000000000000000000000000000000000000000000000000000000000000000000000000000
00000000000000000000000000000000000000000000000000000000000000000000000000000000
00000000000000000000000000000000000000000000000000000000000000000000000000000000
00000000000000000000000000000000000000000000000000000000000000000000000000000000
00000000000000000000000000000000000000000000000000000000000000000000000000000000
00000000000000000000000000000000000000000000000000000000000000000000000000000000
00000000000000000000000000000000000000000000000000000000000000000000000000000000
00000000000000000000000000000000000000000000000000000000000000000000000000000000
00000000000000000000000000000000000000000000000000000000000000000000000000000000
00000000000000000000000000000000000000000000000000000000000000000000000000000000
00000000000000000000000000000000000000000000000000000000000000000000000000000000
00000000000000000000000000000000000000000000000000000000000000000000000000000000
00000000000000000000000000000000000000000000000000000000000000000000000000000000
00000000000000000000000000000000000000000000000000000000000000000000000000000000
00000000000000000000000000000000000000000000000000000000000000000000000000000000
00000000000000000000000000000000000000000000000000000000000000000000000000000000
00000000000000000000000000000000000000000000000000000000000000000000000000000000
00000000000000000000000000000000000000000000000000000000000000000000000000000000
00000000000000000000000000000000000000000000000000000000000000000000000000000000
00000000000000000000000000000000000000000000000000000000000000000000000000000000
00000000000000000000000000000000000000000000000000000000000000000000000000000000
00000000000000000000000000000000000000000000000000000000000000000000000000000000
00000000000000000000000000000000000000000000000000000000000000000000000000000000
00000000000000000000000000000000000000000000000000000000000000000000000000000000
000000000000000000000000000000000000000000000000