 0006050 0000001 0000000 0004095 1041018 0061859
00000000000000000000000000000000000000000000000000000000000000000000000000000000
00000000000000000000000000000000000000000000000000000000000000000000000000000000
00000000000000000000000000000000000000000000000000000000000000000000000000000000
00000000000000000000000000000000000000000000000000000000000000000000000000000000
00000000000000000000000000000000000000000000000000000000000000000000000000000000
00000000000000000000000000000000000000000000000000000000000000000000000000000000
00000000000000000000000000000000000000000000000000000000000000000000000000000000
00000000000000000000000000000000000000000000000000000000000000000000000000000000
00000000000000000000000000000000000000000000000000000000000000000000000000000000
00000000000000000000000000000000000000000000000000000000000000000000000000000000
00000000000000000000000000000000000000000000000000000000000000000000000000000000
00000000000000000000000000000000000000000000000000000000000000000000000000000000
00000000000000000000000000000000000000000000000000000000000000000000000000000000
00000000000000000000000000000000000000000000000000000000000000000000000000000000
00000000000000000000000000000000000000000000000000000000000000000000000000000000
00000000000000000000000000000000000000000000000000000000000000000000000000000000
00000000000000000000000000000000000000000000000000000000000000000000000000000000
00000000000000000000000000000000000000000000000000000000000000000000000000000000
00000000000000000000000000000000000000000000000000000000000000000000000000000000
00000000000000000000000000000000000000000000000000000000000000000000000000000000
00000000000000000000000000000000000000000000000000000000000000000000000000000000
00000000000000000000000000000000000000000000000000000000000000000000000000000000
00000000000000000000000000000000000000000000000000000000000000000000000000000000
00000000000000000000000000000000000000000000000000000000000000000000000000000000
00000000000000000000000000000000000000000000000000000000000000000000000000000000
00000000000000000000000000000000000000000000000000000000000000000000000000000000
00000000000000000000000000000000000000000000000000000000000000000000000000000000
00000000000000000000000000000000000000000000000000000000000000000000000000000000
00000000000000000000000000000000000000000000000000000000000000000000000000000000
00000000000000000000000000000000000000000000000000000000000000000000000000000000
00000000000000000000000000000000000000000000000000000000000000000000000000000000
00000000000000000000000000000000000000000000000000000000000000000000000000000000
00000000000000000000000000000000000000000000000000000000000000000000000000000000
00000000000000000000000000000000000000000000000000000000000000000000000000000000
00000000000000000000000000000000000000000000000000000000000000000000000000000000
00000000000000000000000000000000000000000000000000000000000000000000000000000000
00000000000000000000000000000000000000000000000000000000000000000000000000000000
00000000000000000000000000000000000000000000000000000000000000000000000000000000
00000000000000000000000000000000000000000000000000000000000000000000000000000000
00000000000000000000000000000000000000000000000000000000000000000000000000000000
00000000000000000000000000000000000000000000000000000000000000000000000000000000
00000000000000000000000000000000000000000000000000000000000000000000000000000000
00000000000000000000000000000000000000000000000000000000000000000000000000000000
00000000000000000000000000000000000000000000000000000000000000000000000000000000
00000000000000000000000000000000000000000000000000000000000000000000000000000000
00000000000000000000000000000000000000000000000000000000000000000000000000000000
00000000000000000000000000000000000000000000000000000000000000000000000000000000
00000000000000000000000000000000000000000000000000000000000000000000000000000000
00000000000000000000000000000000000000000000000000000000000000000000000000000000
00000000000000000000000000000000000000000000000000000000000000000000000000000000
00000000000000000000000000000000000000000000000000000000000000000000000000000000
00000000000000000000000000000000000000000000000000000000000000000000000000000000
00000000000000000000000000000000000000000000000000000000000000000000000000000000
00000000000000000000000000000000000000000000000000000000000000000000000000000000
00000000000000000000000000000000000000000000000000000000000000000000000000000000
00000000000000000000000000000000000000000000000000000000000000000000000000000000
00000000000000000000000000000000000000000000000000000000000000000000000000000000
00000000000000000000000000000000000000000000000000000000000000000000000000000000
00000000000000000000000000000000000000000000000000000000000000000000000000000000
00000000000000000000000000000000000000000000000000000000000000000000000000000000
00000000000000000000000000000000000000000000000000000000000000000000000000000000
00000000000000000000000000000000000000000000000000000000000000000000000000000000
00000000000000000000000000000000000000000000000000000000000000000000000000000000
00000000000000000000000000000000000000000000000000000000000000000000000000000000
00000000000000000000000000000000000000000000000000000000000000000000000000000000
00000000000000000000000000000000000000000000000000000000000000000000000000000000
00000000000000000000000000000000000000000000000000000000000000000000000000000000
00000000000000000000000000000000000000000000000000000000000000000000000000000000
00000000000000000000000000000000000000000000000000000000000000000000000000000000
00000000000000000000000000000000000000000000000000000000000000000000000000000000
00000000000000000000000000000000000000000000000000000000000000000000000000000000
00000000000000000000000000000000000000000000000000000000000000000000000000000000
00000000000000000000000000000000000000000000000000000000000000000000000000000000
00000000000000000000000000000000000000000000000000000000000000000000000000000000
00000000000000000000000000000000000000000000000000000000000000000000000000000000
00000000000000000000000000000000000000000000000000000000000000000000000000000000
00000000000000000000000000000000000000000000000000000000000000000000000000000000
00000000000000000000000000000000000000000000000000000000000000000000000000000000
00000000000000000000000000000000000000000000000000000000000000000000000000000000
00000000000000000000000000000000000000000000000000000000000000000000000000000000
00000000000000000000000000000000000000000000000000000000000000000000000000000000
00000000000000000000000000000000000000000000000000000000000000000000000000000000
00000000000000000000000000000000000000000000000000000000000000000000000000000000
00000000000000000000000000000000000000000000000000000000000000000000000000000000
00000000000000000000000000000000000000000000000000000000000000000000000000000000
00000000000000000000000000000000000000000000000000000000000000000000000000000000
00000000000000000000000000000000000000000000000000000000000000000000000000000000
00000000000000000000000000000000000000000000000000000000000000000000000000000000
00000000000000000000000000000000000000000000000000000000000000000000000000000000
00000000000000000000000000000000000000000000000000000000000000000000000000000000
00000000000000000000000000000000000000000000000000000000000000000000000000000000
00000000000000000000000000000000000000000000000000000000000000000000000000000000
00000000000000000000000000000000000000000000000000000000000000000000000000000000
00000000000000000000000000000000000000000000000000000000000000000000000000000000
00000000000000000000000000000000000000000000000000000000000000000000000000000000
00000000000000000000000000000000000000000000000000000000000000000000000000000000
00000000000000000000000000000000000000000000000000000000000000000000000000000000
00000000000000000000000000000000000000000000000000000000000000000000000000000000
00000000000000000000000000000000000000000000000000000000000000000000000000000000
00000000000000000000000000000000000000000000000000000000000000000000000000000000
00000000000000000000000000000000000000000000000000000000000000000000000000000000
00000000000000000000000000000000000000000000000000000000000000000000000000000000
00000000000000000000000000000000000000000000000000000000000000000000000000000000
00000000000000000000000000000000000000000000000000000000000000000000000000000000
00000000000000000000000000000000000000000000000000000000000000000000000000000000
00000000000000000000000000000000000000000000000000000000000000000000000000000000
00000000000000000000000000000000000000000000000000000000000000000000000000000000
00000000000000000000000000000000000000000000000000000000000000000000000000000000
00000000000000000000000000000000000000000000000000000000000000000000000000000000
00000000000000000000000000000000000000000000000000000000000000000000000000000000
00000000000000000000000000000000000000000000000000000000000000000000000000000000
00000000000000000000000000000000000000000000000000000000000000000000000000000000
00000000000000000000000000000000000000000000000000000000000000000000000000000000
00000000000000000000000000000000000000000000000000000000000000000000000000000000
00000000000000000000000000000000000000000000000000000000000000000000000000000000
00000000000000000000000000000000000000000000000000000000000000000000000000000000
00000000000000000000000000000000000000000000000000000000000000000000000000000000
00000000000000000000000000000000000000000000000000000000000000000000000000000000
00000000000000000000000000000000000000000000000000000000000000000000000000000000
00000000000000000000000000000000000000000000000000000000000000000000000000000000
00000000000000000000000000000000000000000000000000000000000000000000000000000000
00000000000000000000000000000000000000000000000000000000000000000000000000000000
00000000000000000000000000000000000000000000000000000000000000000000000000000000
00000000000000000000000000000000000000000000000000000000000000000000000000000000
00000000000000000000000000000000000000000000000000000000000000000000000000000000
00000000000000000000000000000000000000000000000000000000000000000000000000000000
00000000000000000000000000000000000000000000000000000000000000000000000000000000
00000000000000000000000000000000000000000000000000000000000000000000000000000000
00000000000000000000000000000000000000000000000000000000000000000000000000000000
00000000000000000000000000000000000000000000000000000000000000000000000000000000
00000000000000000000000000000000000000000000000000000000000000000000000000000000
00000000000000000000000000000000000000000000000000000000000000000000000000000000
00000000000000000000000000000000000000000000000000000000000000000000000000000000
00000000000000000000000000000000000000000000000000000000000000000000000000000000
00000000000000000000000000000000000000000000000000000000000000000000000000000000
00000000000000000000000000000000000000000000000000000000000000000000000000000000
00000000000000000000000000000000000000000000000000000000000000000000000000000000
00000000000000000000000000000000000000000000000000000000000000000000000000000000
00000000000000000000000000000000000000000000000000000000000000000000000000000000
00000000000000000000000000000000000000000000000000000000000000000000000000000000
00000000000000000000000000000000000000000000000000000000000000000000000000000000
00000000000000000000000000000000000000000000000000000000000000000000000000000000
00000000000000000000000000000000000000000000000000000000000000000000000000000000
00000000000000000000000000000000000000000000000000000000000000000000000000000000
00000000000000000000000000000000000000000000000000000000000000000000000000000000
00000000000000000000000000000000000000000000000000000000000000000000000000000000
00000000000000000000000000000000000000000000000000000000000000000000000000000000
00000000000000000000000000000000000000000000000000000000000000000000000000000000
00000000000000000000000000000000000000000000000000000000000000000000000000000000
00000000000000000000000000000000000000000000000000000000000000000000000000000000
00000000000000000000000000000000000000000000000000000000000000000000000000000000
00000000000000000000000000000000000000000000000000000000000000000000000000000000
00000000000000000000000000000000000000000000000000000000000000000000000000000000
00000000000000000000000000000000000000000000000000000000000000000000000000000000
00000000000000000000000000000000000000000000000000000000000000000000000000000000
00000000000000000000000000000000000000000000000000000000000000000000000000000000
00000000000000000000000000000000000000000000000000000000000000000000000000000000
00000000000000000000000000000000000000000000000000000000000000000000000000000000
00000000000000000000000000000000000000000000000000000000000000000000000000000000
00000000000000000000000000000000000000000000000000000000000000000000000000000003
00000001000000080000002500000088000001770000027600000373000004130000044200000431
00000432000004240000041500000431000004290000043100000460000004160000043500000423
00000409000004040000038100000381000003800000037100000362000003720000035300000372
00000353000003410000030500000315000002840000030900000299000002550000025200000252
00000244000002580000022500000256000002320000019600000210000001970000019300000194
00000199000001740000017800000162000001610000016900000135000001300000012000000133
00000110000001250000011900000103000000990000009700000106000000860000007100000073
00000071000000660000007700000066000000820000006200000056000000580000006300000040
00000043000000430000005200000041000000450000004300000046000000280000002900000037
00000030000000330000003600000038000000260000003200000036000000260000002500000026
00000024000000170000001500000025000000220000002400000013000000190000000900000018
00000019000000200000003100000015000000180000001000000019000000180000001200000016
00000017000000110000001600000014000000140000001100000012000000150000001400000006
00000012000000120000001500000009000000100000001000000015000000070000000900000016
00000007000000050000001900000012000000060000000800000011000000140000000700000007
00000016000000050000000600000007000000120000000500000011000000080000000700000008
00000007000000070000001300000008000000130000000600000005000000120000000700000007
00000008000000080000000600000007000000080000000500000015000000040000000700000009
00000006000000090000000800000009000000100000001300000011000000070000000800000005
00000006000000150000000900000009000000060000001100000005000000130000000800000016
00000003000000100000001200000011000000100000001000000013000000120000000700000008
00000004000000110000001000000010000000120000000800000008000000100000000800000013
00000014000000100000001000000011000000140000001400000014000000060000001500000014
00000009000000160000000500000008000000080000000800000013000000080000002400000012
00000015000000090000001600000008000000170000001400000020000000110000001900000020
00000020000000110000001400000019000000240000002000000009000000240000001300000015
00000017000000170000001100000012000000210000001500000022000000160000002300000019
00000024000000330000002500000017000000290000002600000027000000220000002400000027
00000022000000280000002500000036000000270000002500000024000000260000001600000021
00000029000000210000003100000020000000230000001600000025000000300000003200000026
00000027000000290000002600000028000000280000003300000023000000350000002500000028
00000027000000280000002700000032000000300000003000000032000000380000003100000023
00000030000000280000003800000033000000320000003500000030000000280000003200000032
00000028000000140000004100000041000000300000004100000022000000310000004300000044
00000040000000360000003900000032000000340000003100000033000000240000004300000043
00000035000000380000003800000036000000360000003500000033000000380000002600000025
00000032000000320000003500000033000000320000003500000034000000330000003900000038
00000036000000380000003300000036000000500000003200000043000000560000003300000043
00000033000000330000003600000041000000420000003300000038000000340000002800000032
00000029000000310000003200000034000000430000004200000032000000310000004100000037
00000028000000370000004600000048000000290000002300000031000000380000003800000028
00000033000000370000002800000036000000310000003700000022000000380000004200000030
00000037000000320000004500000025000000280000004200000034000000270000002800000035
00000022000000250000002800000035000000260000003100000026000000330000002300000023
00000026000000290000002900000036000000320000002900000035000000260000002400000030
00000030000000190000003100000029000000250000002600000033000000370000003000000037
00000024000000270000002600000031000000230000002900000030000000300000003200000034
00000025000000200000003200000033000000250000002800000033000000290000003400000032
00000025000000240000001800000026000000240000001700000023000000220000001900000014
00000025000000250000002600000020000000200000002700000017000000270000002400000015
00000021000000270000001900000017000000190000002200000019000000270000002000000019
00000026000000190000002200000018000000220000001900000022000000170000002100000014
00000020000000250000002400000015000000160000001400000027000000260000002700000023
00000017000000200000002100000019000000230000001900000021000000200000001700000017
00000014000000190000001500000014000000100000001800000016000000180000002000000014
00000017000000090000001200000021000000160000002200000019000000120000000700000014
00000024000000160000001900000018000000140000000700000023000000170000002300000012
00000012000000140000001500000012000000140000001400000012000000190000001100000018
00000007000000120000001900000008000000170000001400000015000000150000000300000016
00000016000000140000000800000013000000100000000800000012000000150000001200000009
00000010000000070000000900000009000000090000001400000011000000140000001100000016
00000007000000090000001500000007000000090000001400000008000000100000000800000009
00000012000000090000001100000013000000130000001500000013000000090000001300000013
00000007000000130000001300000010000000110000001000000008000000060000001000000009
00000006000000130000001200000007000000060000001500000006000000090000001600000010
00000004000000060000000900000015000000110000000600000011000000070000001000000007
00000006000000120000000900000012000000040000000500000015000000040000001200000007
00000008000000030000000600000010000000050000000700000010000000110000001000000005
00000009000000040000001100000012000000060000000400000007000000110000001200000008
00000009000000060000000600000001000000110000000400000007000000080000000400000008
00000005000000080000001200000010000000040000000200000003000000060000000700000008
00000011000000060000001000000005000000050000000300000008000000070000000500000007
00000005000000020000000300000006000000030000000400000009000000030000000500000007
00000006000000060000000300000005000000030000000500000007000000090000000500000002
00000004000000030000000200000004000000030000000400000006000000010000000700000004
00000009000000050000000300000005000000070000000500000004000000030000000300000004
00000002000000040000000300000009000000060000000600000005000000020000000000000004
00000003000000090000000200000002000000040000000800000004000000080000000500000004
00000008000000070000000200000004000000050000000500000005000000030000000200000004
00000002000000050000000000000003000000020000000400000004000000050000000100000007
00000006000000070000000300000005000000040000000200000003000000030000000500000005
00000004000000040000000300000000000000020000000000000002000000000000000100000005
00000005000000070000000500000003000000020000000200000002000000050000000300000001
00000006000000040000000300000003000000030000000200000005000000020000000300000004
00000001000000010000000100000002000000060000000400000001000000040000000200000001
00000002000000030000000200000007000000010000000200000002000000020000000500000001
00000004000000020000000300000005000000060000000300000003000000050000000200000002
00000004000000030000000500000000000000030000000300000004000000020000000400000003
00000000000000010000000300000003000000020000000400000005000000030000000200000003
00000002000000010000000200000000000000030000000100000002000000020000000500000003
00000000000000000000000000000003000000030000000100000003000000010000000200000002
00000003000000040000000100000002000000000000000300000000000000030000000400000001
00000003000000020000000000000002000000030000000000000001000000020000000200000004
00000000000000010000000100000002000000020000000600000002000000000000000100000001
00000002000000040000000100000005000000020000000300000001000000010000000300000001
00000002000000020000000000000001000000040000000300000002000000020000000000000002
00000000000000020000000300000003000000030000000100000002000000020000000100000003
00000002000000000000000000000002000000000000000000000000000000020000000000000000
00000003000000000000000300000000000000010000000400000000000000020000000000000002
00000000000000020000000200000003000000010000000100000000000000000000000200000001
00000000000000010000000200000002000000000000000100000000000000000000000200000001
00000003000000010000000000000001000000020000000100000001000000010000000000000002
00000000000000020000000200000000000000050000000100000000000000000000000000000000
00000000000000010000000000000001000000020000000400000001000000000000000200000000
00000001000000010000000100000001000000000000000100000000000000030000000100000003
00000000000000010000000100000001000000020000000200000000000000030000000200000002
00000000000000000000000200000003000000000000000000000002000000010000000000000000
00000001000000020000000200000001000000010000000400000001000000010000000100000000
00000001000000010000000000000001000000010000000000000001000000010000000100000000
00000001000000000000000100000002000000000000000200000001000000010000000200000001
00000001000000000000000200000001000000000000000100000000000000020000000100000001
00000002000000000000000100000000000000010000000200000000000000030000000000000000
00000001000000000000000200000000000000010000000000000002000000000000000100000002
00000000000000020000000000000001000000020000000000000000000000010000000100000000
00000001000000010000000100000001000000000000000100000002000000000000000100000000
00000000000000010000000100000001000000020000000100000001000000020000000000000001
00000001000000000000000100000001000000000000000100000001000000000000000000000002
00000001000000000000000100000001000000000000000300000000000000010000000100000001
00000000000000010000000100000000000000000000000000000000000000000000000000000000
00000000000000000000000100000000000000000000000100000002000000010000000000000003
00000000000000000000000000000000000000000000000100000000000000000000000000000001
00000000000000030000000100000001000000000000000300000000000000010000000000000001
00000000000000010000000000000000000000010000000100000000000000000000000000000000
00000001000000000000000000000001000000010000000100000000000000000000000100000001
00000000000000000000000000000000000000000000000000000000000000010000000000000001
00000000000000010000000000000000000000000000000000000000000000000000000000000001
00000000000000000000000000000000000000000000000000000000000000000000000100000001
00000001000000000000000000000001000000010000000000000000000000000000000000000000
00000000000000000000000000000002000000010000000000000000000000000000000100000000
00000000000000000000000100000000000000000000000000000000000000000000000100000001
00000001000000010000000000000000000000010000000000000000000000010000000100000000
00000000000000000000000000000001000000000000000000000000000000000000000000000000
00000000000000000000000000000001000000000000000000000000000000000000000100000000
00000000000000000000000000000001000000000000000000000000000000010000000100000000
00000001000000010000000100000002000000000000000000000000000000000000000000000001
00000001000000000000000000000000000000000000000000000000000000010000000000000001
00000000000000000000000000000000000000000000000000000000000000000000000000000001
00000000000000010000000100000001000000000000000000000000000000010000000000000000
00000000000000000000000100000000000000010000000000000000000000000000000000000002
00000000000000000000000000000000000000000000000000000001000000000000000000000000
00000000000000000000000000000001000000020000000100000000000000000000000000000000
00000000000000000000000000000000000000000000000100000000000000000000000000000000
00000000000000000000000100000001000000000000000200000001000000000000000000000000
00000001000000020000000000000002000000010000000000000001000000000000000000000000
00000000000000000000000100000000000000000000000000000000000000020000000100000000
00000000000000000000000000000002000000020000000000000000000000000000000000000000
00000000000000000000000100000000000000000000000000000000000000000000000000000000
00000000000000010000000100000000000000000000000000000000000000000000000000000000
00000000000000030000000000000002000000000000000000000001000000000000000000000000
00000000000000000000000100000000000000000000000000000000000000000000000100000001
00000000000000000000000000000000000000000000000000000000000000000000000000000000
00000000000000010000000000000000000000000000000000000000000000000000000000000000
00000000000000000000000000000000000000000000000000000000000000010000000000000000
00000000000000000000000000000000000000000000000000000000000000000000000000000000
00000000000000000000000000000000000000000000000000000000000000000000000000000000
00000000000000000000000000000000000000000000000000000000000000000000000000000000
00000001000000010000000100000000000000000000000000000000000000000000000000000000
00000000000000010000000100000000000000000000000000000001000000000000000000000000
00000000000000010000000000000000000000000000000000000001000000000000000000000000
00000000000000000000000000000001000000000000000100000000000000000000000000000000
00000002000000000000000000000001000000000000000000000000000000000000000000000000
00000000000000010000000100000001000000000000000000000000000000000000000000000001
00000000000000000000000000000000000000000000000000000001000000000000000000000000
00000001000000000000000000000000000000010000000100000000000000000000000000000000
00000001000000000000000000000000000000010000000100000000000000000000000000000000
00000001000000000000000000000000000000000000000000000000000000000000000100000001
00000000000000000000000100000000000000010000000000000001000000000000000000000000
00000000000000000000000000000000000000000000000000000000000000000000000000000000
00000000000000000000000000000000000000000000000000000000000000000000000000000000
00000000000000000000000000000000000000000000000100000000000000000000000000000002
00000000000000010000000000000000000000000000000000000001000000000000000100000000
00000000000000000000000000000001000000000000000100000000000000000000000000000000
00000000000000000000000000000000000000000000000100000000000000010000000000000001
00000000000000000000000000000000000000000000000000000000000000010000000000000000
00000000000000000000000000000000000000000000000000000000000000000000000000000000
00000001000000000000000100000000000000000000000000000000000000000000000000000000
00000000000000010000000000000000000000000000000000000000000000000000000000000001
00000000000000000000000100000000000000010000000000000000000000000000000000000000
00000000000000010000000100000000000000000000000100000000000000010000000100000001
00000000000000000000000000000000000000000000000000000001000000010000000000000000
00000000000000000000000000000000000000000000000100000000000000000000000000000001
00000000000000000000000000000000000000000000000000000000000000000000000000000001
00000000000000000000000100000001000000010000000000000000000000010000000000000000
00000000000000000000000200000000000000020000000000000000000000000000000000000000
00000000000000000000000000000000000000010000000000000001000000000000000000000000
00000000000000010000000000000000000000000000000000000000000000000000000100000000
00000000000000000000000000000001000000000000000100000000000000000000000000000001
00000000000000000000000000000000000000000000000000000000000000000000000000000000
00000000000000000000000000000002000000000000000100000000000000000000000000000000
00000000000000000000000000000001000000000000000000000000000000000000000000000000
00000000000000000000000000000000000000000000000000000000000000000000000000000000
00000000000000000000000000000001000000000000000000000000000000000000000000000000
00000000000000000000000000000000000000010000000000000000000000000000000100000000
00000000000000000000000000000000000000000000000000000000000000000000000100000002
00000000000000000000000100000000000000000000000100000000000000010000000000000000
00000000000000000000000000000000000000010000000000000000000000010000000000000000
00000000000000000000000000000000000000000000000100000000000000000000000000000000
00000000000000000000000000000000000000000000000000000000000000010000000100000000
00000000000000000000000100000000000000000000000000000000000000000000000000000000
00000000000000000000000000000000000000000000000000000000000000000000000000000000
00000000000000000000000000000000000000000000000000000000000000000000000000000000
00000000000000000000000000000000000000000000000000000000000000010000000000000000
00000000000000000000000000000001000000000000000000000000000000000000000000000000
00000000000000010000000000000001000000000000000000000001000000000000000000000000
00000000000000000000000000000000000000000000000000000000000000000000000100000000
00000000000000000000000000000000000000000000000100000000000000000000000000000001
00000000000000000000000000000001000000000000000100000000000000000000000000000000
00000000000000000000000100000000000000000000000000000000000000000000000000000000
00000000000000000000000000000000000000000000000000000000000000000000000100000000
00000000000000000000000000000000000000000000000000000000000000000000000000000000
00000000000000000000000000000000000000010000000000000000000000000000000000000001
00000000000000010000000000000000000000010000000000000000000000010000000000000001
00000000000000000000000000000001000000000000000000000000000000000000000000000000
00000000000000000000000000000000000000000000000000000000000000000000000000000002
00000000000000000000000000000001000000000000000100000002000000000000000100000000
00000001000000000000000000000001000000000000000000000000000000000000000000000000
00000000000000010000000000000000000000000000000100000000000000000000000000000000
00000000000000000000000000000000000000000000000100000001000000000000000000000000
00000001000000000000000000000000000000000000000000000000000000020000000000000001
00000000000000000000000000000000000000000000000000000000000000010000000000000000
00000000000000000000000000000000000000000000000000000000000000000000000000000000
00000000000000000000000000000000000000000000000000000001000000000000000000000000
00000000000000000000000000000000000000000000000100000000000000000000000000000000
00000000000000000000000000000000000000000000000000000000000000000000000000000001
00000000000000000000000000000000000000000000000000000000000000000000000000000000
00000000000000000000000000000000000000000000000000000000000000000000000000000000
00000000000000000000000000000000000000000000000000000000000000000000000000000000
00000000000000000000000000000000000000000000000000000000000000000000000000000000
00000000000000000000000000000000000000000000000000000000000000000000000000000000
00000000000000000000000000000000000000000000000000000000000000000000000000000000
00000000000000000000000000000000000000000000000000000000000000000000000000000000
00000000000000000000000000000000000000000000000000000000000000000000000000000000
00000000000000000000000000000000000000000000000000000000000000000000000000000000
00000000000000000000000000000000000000000000000000000000000000000000000000000000
00000000000000000000000000000000000000000000000000000000000000000000000000000000
00000000000000000000000000000000000000000000000000000000000000000000000000000000
00000000000000000000000000000000000000000000000000000000000000000000000000000000
00000000000000000000000000000000000000000000000000000000000000000000000000000000
00000000000000000000000000000000000000000000000000000000000000000000000000000000
00000000000000000000000000000000000000000000000000000000000000000000000000000000
00000000000000000000000000000000000000000000000000000000000000000000000000000000
00000000000000000000000000000000000000000000000000000000000000000000000000000000
00000000000000000000000000000000000000000000000000000000000000000000000000000000
00000000000000000000000000000000000000000000000000000000000000000000000000000000
00000000000000000000000000000000000000000000000000000000000000000000000000000000
00000000000000000000000000000000000000000000000000000000000000000000000000000000
00000000000000000000000000000000000000000000000000000000000000000000000000000000
00000000000000000000000000000000000000000000000000000000000000000000000000000000
00000000000000000000000000000000000000000000000000000000000000000000000000000000
000000000000000000000000000000000000000000000000