 0006050 0000030 0000000 0004095 1041018 0061859
00000002000000000000000000000000000000020000000100000000000000010000000100000002
00000000000000000000000300000001000000030000000200000000000000010000000200000001
00000000000000010000000000000000000000020000000400000000000000000000000100000000
00000002000000010000000100000000000000000000000100000000000000010000000100000001
00000000000000020000000200000001000000000000000300000002000000020000000200000000
00000002000000000000000100000003000000030000000200000000000000020000000100000005
00000004000000030000000200000004000000000000000000000002000000010000000500000004
00000004000000030000000300000004000000050000000100000007000000040000000300000003
00000002000000030000000100000004000000000000000300000006000000020000000400000003
00000005000000070000000400000007000000060000000600000002000000010000000500000008
00000005000000020000000600000006000000040000001000000006000000100000000900000010
00000009000000030000000400000007000000050000001200000008000000080000001000000015
00000015000000100000001500000014000000130000001200000012000000080000000200000015
00000013000000100000001700000011000000160000001400000017000000150000001600000012
00000013000000160000002100000024000000190000001500000015000000210000002400000025
00000024000000230000001800000020000000130000002500000023000000210000002100000026
00000038000000270000001600000039000000250000003600000035000000530000004400000054
00000051000000530000005800000063000000510000008100000060000000760000008800000087
00000092000000930000010100000114000001330000012500000165000002080000025300000337
00000400000005280000060800000771000009210000112100001270000013880000153400001545
00001647000016970000163400001686000016450000165700001625000016880000156300001691
00001620000016560000167800001600000015160000147600001553000015040000166200001447
00001486000014760000150100001474000014550000151500001455000014500000140700001392
00001363000014380000135200001445000013490000131600001359000013010000130100001357
00001324000013020000135800001340000013190000132900001238000012690000131400001282
00001238000012120000121200001184000012710000122200001202000011290000118800001151
00001129000011380000112400001148000011690000110900001119000010990000111000001105
00001004000011030000106500001073000011110000111100001012000010400000102700001031
00000999000010160000097700000989000010250000098800000974000009620000098200000983
00000992000009240000094100000925000009840000094300000923000009850000096400000968
00000915000009110000092800000953000009220000091100000954000009570000091000000933
00000880000009290000090300000887000009550000089900000894000009380000094500000951
00000879000009500000091800000918000008960000089500000836000009110000091500000855
00000822000008850000084600000883000008470000087900000856000008300000091800000883
00000840000008970000083000000843000008790000084500000844000008660000086400000876
00000802000008470000087100000821000008000000080700000879000008320000085100000891
00000818000008080000081400000882000008300000083500000786000008520000082500000838
00000862000008220000080500000881000008190000087100000799000008110000080700000824
00000812000008450000083000000874000008220000081700000822000008030000075000000741
00000794000008200000087000000838000007920000073800000801000008220000078900000826
00000810000008370000076100000784000007870000080400000770000007740000077600000760
00000775000007640000076900000799000007790000080500000745000007810000082200000756
00000755000007360000078100000729000007660000073800000726000007910000073200000724
00000700000006880000066900000702000006940000074600000651000006950000071100000708
00000677000007270000070500000694000006390000066400000645000006570000066400000666
00000630000006550000069200000634000006460000064400000616000006230000065100000626
00000584000006520000062400000676000006130000060800000579000006530000057600000579
00000649000006730000058400000587000006530000062100000611000006330000056100000576
00000586000005800000057600000591000006340000053200000558000006060000064500000588
00000552000005160000060500000607000005770000057300000596000005410000057500000563
00000574000005680000057500000598000005600000057400000602000005850000056600000606
00000596000005580000058700000606000005580000058300000561000005950000053600000556
00000585000005490000057700000590000005510000055500000553000005680000053700000589
00000544000005740000056800000571000005590000060400000582000005290000056800000530
00000555000005490000060100000567000005620000054600000580000005940000052300000565
00000527000005650000054400000518000005540000060200000541000005770000052700000549
00000565000005570000057600000514000005470000053300000517000005230000054200000539
00000567000005050000053700000600000005350000051900000541000005490000058200000551
00000542000005340000057100000532000005450000053100000531000005440000056600000516
00000529000005380000056100000530000005450000052300000546000005340000056700000568
00000534000005080000055800000552000005430000054900000533000005170000054100000511
00000531000005480000054700000520000005460000050700000495000005510000053400000533
00000567000005050000053200000541000005350000055300000588000005500000057200000549
00000560000005700000054600000549000005840000055100000544000005090000053700000525
00000566000005840000059000000601000005570000058300000578000005770000055100000579
00000553000005510000054100000602000005900000055500000591000005670000053000000531
00000553000005610000062800000598000005750000056100000591000005900000055800000634
00000603000005900000058600000592000005780000056700000596000005760000057400000610
00000564000005790000061200000576000005670000061800000609000006340000059300000564
00000556000005670000058100000588000006170000056500000563000006260000058400000591
00000525000005720000059400000561000005470000058300000575000005370000057000000588
00000536000005180000054500000504000005100000058800000550000005140000054500000520
00000505000005260000048500000492000005180000047700000475000004520000046600000467
00000465000004790000043900000429000004050000041000000426000004050000039200000395
00000400000004030000042400000431000004030000041700000394000003850000039400000366
00000346000003420000034600000362000003260000032700000331000003430000031900000312
00000344000003360000032200000272000002950000032000000323000002940000030200000267
00000285000002980000025100000278000002780000025500000274000002470000026600000256
00000279000002580000024600000263000002370000023800000246000002450000023500000221
00000246000002210000022300000244000002210000021900000244000002380000021900000211
00000206000001870000022800000216000002380000020700000222000002140000019600000203
00000214000001980000018900000192000002000000021200000181000001890000020800000175
00000199000001680000018600000191000001950000017900000192000002170000018700000185
00000182000001890000019900000179000001720000016700000188000002010000017700000176
00000170000001940000017500000198000001750000015900000193000002010000017900000199
00000164000001760000017100000194000001770000017000000180000001840000019800000178
00000175000001850000016200000182000001790000018500000180000001590000018000000165
00000164000002100000015400000207000001640000013400000184000001680000019100000160
00000175000001590000019700000159000001720000016800000155000001710000017700000164
00000178000001820000016100000166000001720000015900000160000001780000018100000170
00000174000001720000015600000156000001600000015600000153000001440000015900000151
00000136000001330000017200000150000001610000014500000157000001650000014100000148
00000150000001450000014000000145000001530000014500000136000001370000014200000150
00000151000001410000013500000145000001440000015600000143000001260000012400000134
00000133000001370000013100000134000001420000013800000145000001410000014200000162
00000120000001550000015400000131000001290000015500000126000001410000012700000153
00000130000001570000014100000136000001340000015300000148000001540000012300000131
00000115000001430000013400000124000001290000014700000130000001230000015000000124
00000129000001280000013600000135000001090000013500000128000001380000013000000120
00000136000001470000011500000115000001080000013000000133000001180000015300000116
00000100000001310000011400000124000001060000013800000121000001250000013600000132
00000128000001300000012300000113000001150000012600000124000001090000013700000122
00000130000001200000013700000130000001180000014200000104000001210000011700000128
00000114000001290000010700000121000001380000014900000132000001330000012400000130
00000129000001220000012200000133000001130000010000000111000001260000013700000129
00000113000001370000011200000116000001210000012500000128000001160000013000000120
00000119000001080000012900000127000001200000011000000115000001220000009700000105
00000108000001120000010700000109000001070000011300000111000001090000012600000103
00000126000001100000012200000116000001060000011100000119000001030000012100000104
00000107000000910000010700000119000000990000010200000103000001130000011200000120
00000111000001010000011700000137000000980000010500000100000001140000012800000104
00000127000001130000010900000102000001120000010400000106000001060000010600000124
00000102000001220000011200000113000001180000012000000095000001160000011300000116
00000121000000970000010500000109000001040000009300000111000000930000011400000108
00000107000001210000011000000106000000880000009700000074000001040000011700000092
00000099000001000000010100000107000001060000011500000101000000970000008600000098
00000108000000910000008600000110000001080000009100000112000000790000010000000097
00000083000000950000010000000078000001000000008300000090000001140000010000000094
00000086000000980000009100000091000000870000008400000087000000940000009100000085
00000073000000840000008900000086000000860000007800000087000000870000008800000072
00000091000000930000010100000092000000830000008700000101000000730000007700000081
00000074000000880000009200000089000000810000007000000094000000910000009200000072
00000100000000870000008500000092000001100000007300000088000000890000009300000086
00000074000000740000008800000096000000950000007100000078000000930000009100000069
00000083000000780000008800000089000000760000008100000076000000960000007900000082
00000080000000570000008300000076000000980000009100000100000000970000007500000102
00000083000000680000008100000090000000750000009400000078000000890000008800000091
00000080000000840000008400000084000000990000008200000083000000780000008900000073
00000068000000770000007800000061000000780000006700000085000000710000007800000072
00000093000000740000008100000065000000780000008500000081000000680000007600000087
00000061000000690000008300000082000000640000008500000073000000850000006800000063
00000073000000760000008200000065000000760000006500000080000000710000006500000081
00000078000000700000008800000064000000750000007100000072000000660000006800000069
00000074000000840000008000000063000000790000007300000073000000610000007000000066
00000087000000650000008200000070000000780000007600000060000000800000006300000064
00000070000000660000005400000062000000810000006800000082000000650000007500000071
00000080000000700000006900000065000000750000007400000072000000510000007600000072
00000066000000560000006900000080000000600000008500000075000000750000006900000075
00000078000000740000007100000063000000820000006800000078000000820000007000000079
00000082000000710000008500000062000000780000007500000068000000680000004100000063
00000071000000730000007100000060000000600000007100000069000000710000006800000062
00000080000000550000005400000076000000660000006000000074000000520000006600000061
00000058000000620000006300000067000000370000007900000058000000740000006800000058
00000061000000590000005800000057000000670000004900000075000000450000006200000061
00000056000000410000006100000079000000730000005700000056000000650000006500000066
00000054000000620000005500000074000000740000006100000051000000520000005900000076
00000060000000600000006900000055000000580000005300000050000000610000005800000056
00000056000000690000005100000060000000570000004600000052000000570000006400000053
00000045000000720000006600000052000000560000005600000056000000540000005200000069
00000059000000730000006400000069000000520000005600000056000000550000005500000053
00000065000000570000004100000050000000750000005900000053000000510000005900000051
00000067000000490000005100000056000000650000005300000060000000510000005600000062
00000061000000630000004300000054000000640000006800000040000000530000006300000053
00000045000000540000006300000075000000600000004900000051000000650000006300000057
00000065000000540000004500000052000000570000005400000049000000620000004500000052
00000045000000560000005400000058000000670000005800000051000000510000005000000056
00000049000000460000005100000067000000550000005600000056000000660000006200000061
00000061000000630000005600000045000000650000005100000071000000510000004200000043
00000060000000470000006200000066000000430000005000000038000000610000006800000037
00000045000000620000005400000053000000470000004700000069000000580000004500000053
00000047000000440000004900000042000000600000004300000074000000560000005100000054
00000059000000530000005800000054000000370000004600000056000000400000003900000045
00000055000000520000005300000036000000510000004900000040000000420000004800000043
00000067000000500000004100000041000000560000005300000056000000580000004300000064
00000044000000480000004800000051000000510000004000000051000000460000005200000043
00000071000000460000004100000050000000460000003800000054000000550000004300000040
00000040000000410000006400000052000000610000004000000058000000370000004300000063
00000056000000420000004000000052000000390000005800000039000000460000005300000044
00000044000000450000005500000044000000390000005800000049000000440000003600000039
00000048000000400000005400000049000000380000004000000039000000360000004400000038
00000055000000380000005200000039000000380000004700000046000000410000005200000030
00000045000000420000003800000036000000450000003900000029000000440000004300000052
00000053000000500000004600000043000000570000004800000044000000440000003700000042
00000032000000390000003400000040000000410000003300000041000000470000004300000033
00000046000000450000003800000046000000350000004400000033000000520000002900000040
00000045000000420000005500000035000000350000004700000055000000400000003300000039
00000033000000390000003900000038000000330000004700000036000000360000004200000043
00000039000000300000003500000040000000410000004900000045000000400000004600000034
00000042000000450000004100000042000000350000004400000041000000420000002600000040
00000034000000300000004200000042000000410000003800000032000000460000003700000025
00000044000000280000002600000042000000300000003400000031000000440000004200000042
00000031000000390000004700000021000000420000003800000034000000430000002900000035
00000030000000390000003700000030000000390000003300000033000000310000003500000033
00000026000000440000003900000039000000320000003100000031000000310000002600000032
00000029000000250000002200000029000000360000002500000033000000320000003200000022
00000027000000330000003400000027000000340000003500000037000000370000003100000028
00000037000000350000003400000029000000320000002400000032000000280000002700000034
00000022000000380000002900000030000000270000003400000037000000190000003100000031
00000026000000470000003000000036000000230000002800000031000000290000002900000038
00000025000000300000003300000027000000290000002300000026000000260000003600000025
00000028000000230000001600000020000000200000002200000024000000250000002300000028
00000026000000200000002700000024000000190000002500000027000000290000002600000020
00000022000000160000002900000019000000270000003200000017000000250000003100000025
00000022000000170000004000000025000000320000002900000022000000150000002500000031
00000031000000190000003000000021000000170000002600000027000000240000002600000029
00000031000000300000002600000026000000220000002700000024000000210000002800000018
00000014000000260000002000000025000000260000002400000014000000240000002800000025
00000018000000200000002200000029000000230000002500000014000000230000002500000026
00000021000000180000002600000024000000300000002800000023000000240000001800000015
00000020000000220000002300000013000000220000001900000018000000180000002100000016
00000015000000170000001700000015000000210000001800000018000000180000001600000022
00000016000000230000001800000016000000260000001900000033000000170000002000000016
00000015000000220000001600000016000000150000002600000021000000160000001500000027
00000025000000220000001600000022000000270000001700000017000000160000001500000013
00000018000000240000002100000020000000190000002300000014000000090000002200000015
00000027000000160000001700000026000000160000001500000016000000130000002000000019
00000017000000220000002100000012000000210000002200000024000000160000001900000018
00000020000000160000001500000017000000180000001600000014000000140000001300000019
00000021000000210000001900000021000000130000001700000016000000150000001600000015
00000021000000170000000800000013000000100000001300000014000000140000001600000019
00000015000000080000002000000017000000130000001800000012000000160000001100000015
00000015000000120000001300000021000000200000002200000015000000190000001700000017
00000017000000160000001000000014000000150000001600000014000000140000001500000022
00000012000000190000001100000009000000230000001300000016000000180000001100000017
00000021000000170000001300000016000000170000001400000017000000120000001000000015
00000018000000250000000800000019000000190000001500000024000000180000001400000015
00000022000000160000001500000013000000210000001600000013000000100000001300000020
00000012000000150000001300000014000000180000001400000014000000140000000800000020
00000013000000100000001300000014000000160000001100000013000000200000001400000012
00000008000000200000001100000010000000130000001000000010000000080000001600000016
00000010000000170000001100000013000000140000001100000016000000140000000800000008
00000013000000080000001500000013000000130000001300000010000000100000001300000011
00000014000000110000001200000015000000140000001100000014000000160000001200000011
00000013000000170000001700000014000000120000000800000020000000100000000700000007
00000011000000130000001300000011000000140000000700000007000000060000000900000017
00000011000000110000000800000016000000030000001300000010000000100000000900000013
00000008000000190000000800000012000000150000001200000016000000070000000700000011
00000011000000060000001100000012000000160000001800000004000000120000000600000008
00000008000000040000001300000008000000090000001000000005000000100000000900000005
00000009000000060000001000000009000000100000001400000012000000130000000700000009
00000007000000060000001100000009000000170000001100000011000000100000000900000008
00000016000000080000000700000009000000140000001400000010000000120000000800000013
00000010000000040000000900000005000000110000000900000014000000100000001600000007
00000013000000110000001200000012000000020000001300000013000000050000000900000008
00000011000000090000001100000014000000090000000800000006000000110000000700000009
00000005000000070000000800000009000000100000000600000008000000080000000600000006
00000005000000070000000700000010000000120000000700000012000000080000001200000014
00000007000000040000001700000007000000120000001200000010000000060000000500000008
00000007000000080000000500000010000000100000001000000010000000080000000900000007
00000010000000110000001100000007000000040000001300000009000000130000000900000008
00000008000000090000001100000010000000040000000900000004000000060000000900000005
00000007000000040000000500000006000000050000001200000005000000090000000500000005
00000007000000040000000800000011000000070000000600000008000000050000000400000005
00000002000000060000000300000009000000030000000500000009000000040000000600000005
00000008000000120000000800000010000000140000001100000008000000060000001000000011
00000004000000090000000600000009000000040000000900000009000000100000000700000007
00000003000000090000000600000005000000040000000500000008000000090000000700000007
00000005000000040000000500000003000000100000000800000004000000100000000700000006
00000004000000040000000400000006000000020000000500000007000000030000000500000009
00000005000000010000000700000005000000070000000400000009000000050000000700000003
00000012000000030000000100000014000000010000000300000004000000030000000500000005
00000008000000080000000600000004000000060000001000000006000000050000000500000004
00000005000000060000000300000002000000060000000500000004000000040000000600000008
00000009000000060000000400000005000000040000000500000004000000030000000400000004
00000005000000030000000300000002000000060000000200000011000000060000000100000007
00000009000000020000000400000004000000060000000500000003000000030000000500000004
00000004000000050000000700000006000000070000000300000005000000040000000700000003
00000004000000020000000600000010000000040000000500000003000000020000000400000004
00000001000000070000000400000003000000040000000400000005000000030000000200000004
00000005000000050000000700000001000000040000000400000003000000030000000300000002
00000003000000020000000400000003000000000000000500000004000000020000000200000005
00000004000000050000000200000003000000040000000200000003000000010000000200000001
00000002000000030000000300000008000000060000000100000004000000020000000600000003
00000004000000040000000300000001000000030000000600000001000000020000000300000004
00000001000000030000000300000005000000060000000500000000000000040000000100000004
00000003000000030000000200000002000000030000000200000002000000020000000100000002
00000003000000020000000300000006000000020000000100000004000000050000000600000003
00000004000000020000000300000007000000020000000400000002000000050000000200000001
00000000000000030000000400000000000000040000000000000003000000010000000300000001
00000003000000000000000000000005000000020000000500000003000000000000000000000004
00000002000000030000000300000001000000000000000300000001000000020000000200000000
00000003000000010000000000000001000000020000000200000001000000060000000500000003
00000003000000000000000100000003000000000000000200000005000000020000000200000003
00000001000000020000000100000002000000010000000100000002000000020000000200000003
00000002000000020000000300000002000000010000000000000003000000010000000300000000
00000000000000020000000200000002000000000000000100000001000000020000000100000003
00000001000000020000000200000001000000030000000300000003000000000000000200000001
00000002000000030000000000000001000000000000000000000000000000050000000300000001
00000001000000000000000000000001000000010000000000000001000000010000000300000003
00000003000000000000000100000000000000010000000100000003000000010000000200000002
00000001000000010000000100000001000000020000000200000002000000010000000100000002
00000001000000000000000000000003000000040000000000000002000000020000000100000000
00000001000000000000000100000001000000000000000300000001000000000000000000000002
00000000000000030000000100000001000000000000000200000004000000010000000400000002
00000003000000010000000300000001000000000000000100000003000000000000000100000001
00000001000000020000000100000002000000040000000000000004000000000000000000000001
00000001000000010000000200000002000000000000000100000001000000030000000400000002
00000002000000000000000000000003000000000000000000000003000000020000000300000003
00000002000000010000000100000003000000010000000100000001000000020000000000000001
00000001000000020000000200000001000000010000000200000001000000010000000200000002
00000003000000030000000300000001000000010000000100000001000000020000000100000001
00000000000000020000000100000001000000000000000000000005000000000000000200000001
00000000000000040000000200000000000000000000000000000000000000020000000100000002
00000002000000000000000200000003000000000000000100000001000000000000000100000000
00000001000000020000000000000000000000000000000200000000000000010000000100000000
00000002000000030000000100000000000000010000000000000000000000030000000100000002
00000000000000030000000100000000000000000000000000000002000000010000000200000000
00000005000000010000000100000001000000000000000300000000000000010000000000000001
00000000000000020000000100000001000000010000000200000000000000020000000100000001
00000001000000050000000000000002000000010000000300000000000000000000000200000002
00000001000000010000000100000000000000020000000200000002000000000000000300000000
00000002000000010000000200000002000000000000000000000000000000000000000100000001
00000001000000000000000100000000000000010000000100000001000000020000000000000000
00000000000000010000000200000000000000000000000000000000000000010000000100000001
00000001000000000000000200000000000000000000000100000001000000010000000000000000
00000001000000000000000000000000000000000000000000000001000000030000000100000001
00000000000000010000000000000000000000000000000000000001000000020000000200000000
00000002000000000000000000000000000000010000000000000000000000000000000000000001
00000000000000030000000000000000000000010000000000000000000000000000000100000003
00000000000000020000000100000000000000000000000100000002000000000000000000000001
00000001000000010000000000000000000000000000000100000002000000010000000100000000
00000001000000010000000100000001000000000000000100000000000000000000000000000000
00000001000000010000000100000000000000000000000200000000000000000000000000000001
00000000000000010000000000000000000000000000000000000000000000010000000000000000
00000000000000010000000100000000000000000000000000000000000000000000000000000000
00000000000000000000000000000000000000000000000200000000000000000000000100000000
00000001000000000000000000000001000000000000000000000000000000000000000000000001
00000003000000020000000100000001000000000000000000000000000000000000000100000000
00000001000000010000000000000001000000010000000100000000000000000000000000000001
00000000000000000000000100000000000000000000000000000000000000020000000000000000
00000000000000000000000200000001000000010000000100000000000000000000000000000000
00000001000000000000000000000001000000000000000200000001000000000000000000000000
00000000000000010000000000000000000000010000000100000000000000000000000000000000
00000001000000000000000100000001000000010000000100000000000000010000000000000000
00000000000000000000000000000000000000010000000000000000000000010000000000000000
00000001000000000000000000000000000000000000000100000001000000000000000000000000
00000000000000010000000000000000000000010000000000000000000000000000000000000001
00000000000000000000000000000000000000000000000000000000000000000000000100000000
00000000000000000000000000000000000000000000000000000000000000000000000000000000
00000000000000000000000100000000000000000000000000000000000000000000000000000001
00000000000000000000000000000000000000000000000000000000000000000000000000000000
00000000000000010000000000000000000000000000000000000000000000000000000200000000
00000000000000000000000000000000000000000000000100000000000000000000000000000001
00000000000000000000000000000000000000000000000000000000000000000000000000000000
00000000000000000000000000000000000000000000000000000001000000000000000000000000
00000000000000000000000000000000000000000000000000000000000000010000000000000000
00000000000000010000000000000000000000000000000000000000000000000000000000000000
00000000000000000000000000000000000000000000000000000000000000000000000000000000
00000000000000000000000100000000000000000000000100000000000000000000000000000000
00000001000000000000000000000000000000000000000100000000000000000000000000000001
00000000000000000000000000000000000000000000000000000000000000000000000000000000
00000000000000000000000000000000000000000000000000000000000000000000000100000000
00000000000000010000000000000000000000000000000000000000000000000000000000000000
00000000000000010000000000000000000000000000000000000000000000000000000000000001
00000000000000000000000000000000000000000000000000000000000000000000000000000000
00000000000000000000000000000000000000000000000000000000000000000000000000000000
00000000000000000000000000000000000000000000000000000000000000000000000100000000
00000000000000000000000000000002000000000000000000000001000000000000000000000000
00000000000000000000000100000000000000000000000000000001000000000000000100000002
00000001000000000000000000000000000000020000000200000000000000000000000000000000
00000000000000000000000000000000000000000000000000000000000000000000000000000000
00000000000000000000000000000000000000000000000000000000000000000000000000000000
00000000000000000000000000000000000000000000000000000000000000000000000000000000
00000000000000000000000000000000000000000000000000000000000000000000000000000000
00000000000000000000000000000000000000000000000100000000000000000000000000000000
00000000000000000000000000000000000000000000000000000000000000000000000000000001
00000000000000010000000000000000000000000000000000000000000000000000000000000000
00000000000000010000000000000000000000000000000000000001000000000000000000000000
00000000000000000000000000000000000000000000000000000000000000000000000100000001
00000000000000010000000000000001000000000000000200000000000000020000000000000000
00000000000000000000000000000000000000000000000000000000000000000000000000000000
00000000000000000000000000000000000000000000000000000000000000000000000000000000
00000000000000000000000000000000000000000000000000000000000000000000000000000000
00000000000000000000000000000000000000000000000000000000000000000000000000000000
00000000000000000000000000000000000000000000000000000000000000000000000000000000
00000000000000000000000000000000000000000000000000000000000000000000000000000000
00000000000000000000000000000000000000000000000000000000000000000000000000000000
00000000000000000000000000000000000000000000000000000000000000000000000000000000
00000000000000000000000000000000000000000000000000000000000000000000000000000000
00000000000000000000000000000000000000000000000000000000000000000000000000000000
00000000000000000000000000000000000000000000000000000000000000000000000000000000
00000000000000000000000000000000000000000000000000000000000000000000000000000000
00000000000000000000000000000000000000000000000000000000000000000000000000000000
00000000000000000000000000000000000000000000000000000000000000000000000000000000
00000000000000000000000000000000000000000000000000000000000000000000000000000000
00000000000000000000000000000000000000000000000000000000000000000000000000000000
00000000000000000000000000000000000000000000000000000000000000000000000000000000
00000000000000000000000000000000000000000000000000000000000000000000000000000000
00000000000000000000000000000000000000000000000000000000000000000000000000000000
00000000000000000000000000000000000000000000000000000000000000000000000000000000
00000000000000000000000000000000000000000000000000000000000000000000000000000000
00000000000000000000000000000000000000000000000000000000000000000000000000000000
00000000000000000000000000000000000000000000000000000000000000000000000000000000
00000000000000000000000000000000000000000000000000000000000000000000000000000000
00000000000000000000000000000000000000000000000000000000000000000000000000000000
00000000000000000000000000000000000000000000000000000000000000000000000000000000
00000000000000000000000000000000000000000000000000000000000000000000000000000000
00000000000000000000000000000000000000000000000000000000000000000000000000000000
00000000000000000000000000000000000000000000000000000000000000000000000000000000
00000000000000000000000000000000000000000000000000000000000000000000000000000000
00000000000000000000000000000000000000000000000000000000000000000000000000000000
00000000000000000000000000000000000000000000000000000000000000000000000000000000
00000000000000000000000000000000000000000000000000000000000000000000000000000000
00000000000000000000000000000000000000000000000000000000000000000000000000000000
00000000000000000000000000000000000000000000000000000000000000000000000000000000
00000000000000000000000000000000000000000000000000000000000000000000000000000000
00000000000000000000000000000000000000000000000000000000000000000000000000000000
00000000000000000000000000000000000000000000000000000000000000000000000000000000
00000000000000000000000000000000000000000000000000000000000000000000000000000000
00000000000000000000000000000000000000000000000000000000000000000000000000000000
00000000000000000000000000000000000000000000000000000000000000000000000000000000
00000000000000000000000000000000000000000000000000000000000000000000000000000000
00000000000000000000000000000000000000000000000000000000000000000000000000000000
00000000000000000000000000000000000000000000000000000000000000000000000000000000
00000000000000000000000000000000000000000000000000000000000000000000000000000000
00000000000000000000000000000000000000000000000000000000000000000000000000000000
00000000000000000000000000000000000000000000000000000000000000000000000000000000
00000000000000000000000000000000000000000000000000000000000000000000000000000000
00000000000000000000000000000000000000000000000000000000000000000000000000000000
000000000000000000000000000000000000000000000000