 0006050 0000054 0000000 0004095 1041018 0061900
00000000000000000000000000000000000000000000000000000000000000000000000000000000
00000000000000000000000000000000000000000000000000000000000000000000000000000000
00000000000000000000000000000000000000000000000000000000000000000000000000000000
00000000000000000000000000000000000000000000000000000000000000000000000000000000
00000000000000000000000000000000000000000000000000000000000000000000000000000000
00000000000000000000000000000000000000000000000000000000000000000000000000000000
00000000000000000000000000000000000000000000000000000000000000000000000000000000
00000000000000000000000000000000000000000000000000000000000000000000000000000000
00000000000000000000000000000000000000000000000000000000000000000000000000000000
00000000000000000000000000000000000000000000000000000000000000000000000000000000
00000000000000000000000000000000000000000000000000000000000000000000000000000000
00000000000000000000000000000000000000000000000000000000000000000000000000000000
00000000000000000000000000000000000000000000000000000000000000000000000000000000
00000000000000000000000000000000000000000000000000000000000000000000000000000000
00000000000000000000000000000000000000000000000000000000000000000000000000000000
00000000000000000000000000000000000000000000000000000000000000000000000000000000
00000000000000000000000000000000000000000000000000000000000000000000000000000000
00000000000000000000000000000000000000000000000000000000000000000000000000000000
00000000000000000000000000000000000000000000000000000000000000000000000000000000
00000000000000000000000000000000000000000000000000000000000000000000000000000000
00000000000000000000000000000000000000000000000000000000000000000000000000000000
00000000000000000000000000000000000000000000000000000000000000000000000000000000
00000000000000000000000000000000000000000000000000000000000000000000000000000000
00000000000000000000000000000000000000000000000000000000000000000000000000000000
00000000000000000000000000000000000000000000000000000000000000000000000000000000
00000000000000000000000000000000000000000000000000000000000000000000000000000000
00000000000000000000000000000000000000000000000000000000000000000000000000000000
00000000000000000000000000000000000000000000000000000000000000000000000000000000
00000000000000000000000000000000000000000000000000000000000000000000000000000000
00000000000000000000000000000000000000000000000000000000000000000000000000000000
00000000000000000000000000000000000000000000000000000000000000000000000000000000
00000000000000000000000000000000000000000000000000000000000000000000000000000000
00000000000000000000000000000000000000000000000000000000000000000000000000000000
00000000000000000000000000000000000000000000000000000000000000000000000000000000
00000000000000000000000000000000000000000000000000000000000000000000000000000000
00000000000000000000000000000000000000000000000000000000000000000000000000000000
00000000000000000000000000000000000000000000000000000000000000000000000000000000
00000000000000000000000000000000000000000000000000000000000000000000000000000000
00000000000000000000000000000000000000000000000000000000000000000000000000000000
00000000000000000000000000000000000000000000000000000000000000000000000000000000
00000000000000000000000000000000000000000000000000000000000000000000000000000000
00000000000000000000000000000000000000000000000000000000000000000000000000000000
00000000000000000000000000000000000000000000000000000000000000000000000000000000
00000000000000000000000000000000000000000000000000000000000000000000000000000000
00000000000000000000000000000000000000000000000000000000000000000000000000000000
00000000000000000000000000000000000000000000000000000000000000000000000000000000
00000000000000000000000000000000000000000000000000000000000000000000000000000000
00000000000000000000000000000000000000000000000000000000000000000000000000000000
00000000000000000000000000000000000000000000000000000000000000000000000000000000
00000000000000000000000000000000000000000000000000000000000000000000000000000000
00000000000000000000000000000000000000000000000000000000000000000000000000000000
00000000000000000000000000000000000000000000000000000000000000000000000000000000
00000000000000000000000000000000000000000000000000000000000000000000000000000000
00000000000000000000000000000000000000000000000000000000000000000000000000000000
00000000000000000000000000000000000000000000000000000000000000000000000000000000
00000000000000000000000000000000000000000000000000000000000000000000000000000000
00000000000000000000000000000000000000000000000000000000000000000000000000000000
00000000000000000000000000000000000000000000000000000000000000000000000000000000
00000000000000000000000000000000000000000000000000000000000000000000000000000000
00000000000000000000000000000000000000000000000000000000000000000000000000000000
00000000000000000000000000000000000000000000000000000000000000000000000000000000
00000000000000000000000000000000000000000000000000000000000000000000000000000000
00000000000000000000000000000000000000000000000000000000000000000000000000000000
00000000000000000000000000000000000000000000000000000000000000000000000000000000
00000000000000000000000000000000000000000000000000000000000000000000000000000000
00000000000000000000000000000000000000000000000000000000000000000000000000000000
00000000000000000000000000000000000000000000000000000000000000000000000000000000
00000000000000000000000000000000000000000000000000000000000000000000000000000000
00000000000000000000000000000000000000000000000000000000000000000000000000000000
00000000000000000000000000000000000000000000000000000000000000000000000000000000
00000000000000000000000000000000000000000000000000000000000000000000000000000000
00000000000000000000000000000000000000000000000000000000000000000000000000000000
00000000000000000000000000000000000000000000000000000000000000000000000000000000
00000000000000000000000000000000000000000000000000000000000000000000000000000000
00000000000000000000000000000000000000000000000000000000000000000000000000000000
00000000000000000000000000000000000000000000000000000000000000000000000000000000
00000000000000000000000000000000000000000000000000000000000000000000000000000000
00000000000000000000000000000000000000000000000000000000000000000000000000000000
00000000000000000000000000000000000000000000000000000000000000000000000000000000
00000000000000000000000000000000000000000000000000000000000000000000000000000000
00000000000000000000000000000000000000000000000000000000000000000000000000000000
00000000000000000000000000000000000000000000000000000000000000000000000000000000
00000000000000000000000000000000000000000000000000000000000000000000000000000000
00000000000000000000000000000000000000000000000000000000000000000000000000000000
00000000000000000000000000000000000000000000000000000000000000000000000000000000
00000000000000000000000000000000000000000000000000000000000000000000000000000000
00000000000000000000000000000000000000000000000000000000000000000000000000000000
00000000000000000000000000000000000000000000000000000000000000000000000000000000
00000000000000000000000000000000000000000000000000000000000000000000000000000000
00000000000000000000000000000000000000000000000000000000000000000000000000000000
00000000000000000000000000000000000000000000000000000000000000000000000000000000
00000000000000000000000000000000000000000000000000000000000000000000000000000000
00000000000000000000000000000000000000000000000000000000000000000000000000000000
00000000000000000000000000000000000000000000000000000000000000000000000000000000
00000000000000000000000000000000000000000000000000000000000000000000000000000000
00000000000000000000000000000000000000000000000000000000000000000000000000000000
00000000000000000000000000000000000000000000000000000000000000000000000000000000
00000000000000000000000000000000000000000000000000000000000000000000000000000000
00000000000000000000000000000000000000000000000000000000000000000000000000000000
00000000000000000000000000000000000000000000000000000000000000000000000000000000
00000000000000000000000000000000000000000000000000000000000000000000000000000000
00000000000000000000000000000000000000000000000000000000000000000000000000000000
00000000000000000000000000000000000000000000000000000000000000000000000000000000
00000000000000000000000000000000000000000000000000000000000000000000000000000000
00000000000000000000000000000000000000000000000000000000000000000000000000000000
00000000000000000000000000000000000000000000000000000000000000000000000000000000
00000000000000000000000000000000000000000000000000000000000000000000000000000000
00000000000000000000000000000000000000000000000000000000000000000000000000000000
00000000000000000000000000000000000000000000000000000000000000000000000000000000
00000000000000000000000000000000000000000000000000000000000000000000000000000000
00000000000000000000000000000000000000000000000000000000000000000000000000000000
00000000000000000000000000000000000000000000000000000000000000000000000000000000
00000000000000000000000000000000000000000000000000000000000000000000000000000000
00000000000000000000000000000000000000000000000000000000000000000000000000000000
00000000000000000000000000000000000000000000000000000000000000000000000000000000
00000000000000000000000000000000000000000000000000000000000000000000000000000000
00000000000000000000000000000000000000000000000000000000000000000000000000000000
00000000000000000000000000000000000000000000000000000000000000000000000000000000
00000000000000000000000000000000000000000000000000000000000000000000000000000000
00000000000000000000000000000000000000000000000000000000000000000000000000000000
00000000000000000000000000000000000000000000000000000000000000000000000000000000
00000000000000000000000000000000000000000000000000000000000000000000000000000000
00000000000000000000000000000000000000000000000000000000000000000000000000000000
00000000000000000000000000000000000000000000000000000000000000000000000000000000
00000000000000000000000000000000000000000000000000000000000000000000000000000000
00000000000000000000000000000000000000000000000000000000000000000000000000000000
00000000000000000000000000000000000000000000000000000000000000000000000000000000
00000000000000000000000000000000000000000000000000000000000000000000000000000000
00000000000000000000000000000000000000000000000000000000000000000000000000000000
00000000000000000000000000000000000000000000000000000000000000000000000000000000
00000000000000000000000000000000000000000000000000000000000000000000000000000000
00000000000000000000000000000000000000000000000000000000000000000000000000000000
00000000000000000000000000000000000000000000000000000000000000000000000000000000
00000000000000000000000000000000000000000000000000000000000000000000000000000000
00000000000000000000000000000000000000000000000000000000000000000000000000000000
00000000000000000000000000000000000000000000000000000000000000000000000000000000
00000000000000000000000000000000000000000000000000000000000000000000000000000000
00000000000000000000000000000000000000000000000000000000000000000000000000000000
00000000000000000000000000000000000000000000000000000000000000000000000000000000
00000000000000000000000000000000000000000000000000000000000000000000000000000000
00000000000000000000000000000000000000000000000000000000000000000000000000000000
00000000000000000000000000000000000000000000000000000000000000000000000000000000
00000000000000000000000000000000000000000000000000000000000000000000000000000000
00000000000000000000000000000000000000000000000000000000000000000000000000000000
00000000000000000000000000000000000000000000000000000000000000000000000000000000
00000000000000000000000000000000000000000000000000000000000000000000000000000000
00000000000000000000000000000000000000000000000000000000000000000000000000000000
00000000000000000000000000000000000000000000000000000000000000000000000000000000
00000000000000000000000000000000000000000000000000000000000000000000000000000000
00000000000000000000000000000000000000000000000000000000000000000000000000000000
00000000000000000000000000000000000000000000000000000000000000000000000000000000
00000000000000000000000000000000000000000000000000000000000000000000000000000000
00000000000000010000000000000000000000000000000000000000000000000000000000000000
00000000000000000000000000000000000000000000000000000000000000000000000000000000
00000000000000000000000000000000000000000000000000000000000000000000000000000000
00000000000000000000000000000000000000000000000000000000000000000000000000000000
00000000000000000000000000000000000000000000000000000000000000000000000000000000
00000000000000000000000000000000000000000000000000000000000000000000000000000000
00000000000000000000000000000000000000000000000000000000000000000000000000000000
00000000000000000000000000000000000000000000000000000001000000090000003000000111
00000378000013180000412500010289000184070002488200028217000301440003013500030066
00030380000299780002983600029915000296810002947300029369000288850002870900027921
00027143000270010002668700026078000259960002542800024758000243540002352300022982
00022579000219220002120900020723000200470001946300018550000181870001777900016881
00016456000158710001518100014800000142620001347300013099000124400001189500011598
00011194000107600001042400009797000095070000915000008847000083550000805200007516
00007420000071430000687300006490000063290000592500005837000055290000534500005070
00004933000047240000447300004237000041540000409800003892000036880000368500003253
00003248000031450000307200002903000028550000280000002583000025740000249800002357
00002256000022280000204500002105000021000000199000001861000018860000183000001749
00001751000017010000156200001547000014970000145800001439000014280000135200001348
00001307000012630000125400001178000011530000109700001110000009750000101900001105
00000999000010350000098500000977000009410000093800000869000008670000080700000800
00000816000008670000078500000760000007380000072500000740000006550000071100000685
00000683000006750000066300000665000006320000062600000626000006100000059700000571
00000633000005870000060900000609000006270000056500000571000005600000055800000577
00000546000005660000054000000484000005380000049900000530000005260000050600000526
00000514000005030000052200000521000005230000054900000468000004700000051400000530
00000537000005370000049800000555000005010000055300000487000005030000049500000514
00000482000005360000054000000533000005460000051400000518000006160000057100000576
00000542000005270000055800000550000005780000057900000565000005740000059700000657
00000589000005900000062300000616000006370000064900000621000006690000061000000675
00000694000006740000070900000737000007300000072800000753000007060000076400000769
00000790000008170000080100000794000008290000079800000823000008520000085800000859
00000857000009400000091100000919000009580000099200000952000009480000106400001016
00000994000010330000106700001083000010730000105200001093000010910000106500001130
00001105000011630000119600001214000011940000118600001253000012500000136100001245
00001298000012830000141000001279000013780000135200001370000014610000147300001456
00001459000015290000149400001448000014210000154600001463000015730000155200001598
00001645000015520000156000001659000016060000163500001655000017360000171100001683
00001759000017390000179000001716000018970000179300001798000017870000178200001801
00001765000017970000185400001944000018700000185800001864000019210000186900001978
00002028000019420000196400001973000020670000198300001905000019760000203400001976
00002031000019890000200200002097000020670000213300002086000020430000204600002119
00002152000021230000215900002134000021810000209900002137000020970000221500002249
00002172000021360000214800002222000021840000219600002212000022190000220600002211
00002287000021790000226400002180000022620000219200002124000021240000223300002159
00002149000021800000219700002192000021770000218800002239000020870000214900002181
00002111000022650000216900002209000022150000226000002201000022160000217600002232
00002115000021810000222600002125000021270000221400002176000021720000215300002143
00002135000021850000217200002082000020680000216800002095000020940000209800002100
00002060000020910000204700002024000021320000204200001968000020700000202200001973
00002060000019390000197900001966000019990000199000001981000020090000199900001984
00001935000019460000201200001910000019160000184700001963000018350000193700001826
00001909000018980000189600001885000019220000181700001791000018230000178700001886
00001801000017950000179200001801000017720000175500001814000017530000177900001845
00001670000017240000173600001735000017280000173800001778000017060000167800001631
00001691000016910000161800001661000016160000163600001714000017430000162300001671
00001667000015500000158800001564000015520000154900001526000015500000154100001579
00001483000014880000151300001477000014760000146700001432000014070000145000001458
00001425000014380000144200001385000014210000140400001449000013230000140200001329
00001429000013540000134100001356000013670000129200001320000013600000129100001306
00001277000013020000129800001297000013260000129000001299000012560000122100001249
00001117000012160000122700001204000011580000114700001213000011600000118700001170
00001105000011340000118300001132000011420000109000001121000011020000112400001067
00001116000010920000101600001025000011100000107300001065000010610000105400001110
00001094000010360000106200000992000010600000103700001001000009910000103000000955
00000950000009910000097000000973000009970000096400000962000009980000092900000971
00000932000009160000090300000941000009450000090500000926000008890000088800000936
00000889000009060000082700000834000008200000079500000941000008740000084700000824
00000815000008820000083500000751000007770000081900000785000007440000073700000816
00000782000007780000073200000770000007340000074500000756000007380000068400000725
00000699000007130000071100000703000007000000073900000691000007130000068600000673
00000686000006720000066400000641000006880000062300000664000006180000063900000626
00000666000006150000062100000610000006340000060500000597000006240000061300000590
00000616000006010000060200000594000006110000055600000558000005840000060300000589
00000529000005550000059300000573000005440000055900000561000005420000050200000563
00000528000004940000052900000500000005200000049000000529000005300000051100000514
00000493000005120000048400000489000004730000044000000477000004860000048300000493
00000493000004580000045400000463000004770000048400000470000004480000046200000449
00000478000004710000043600000430000004340000046300000435000004490000041500000455
00000406000004380000038400000428000003700000041600000376000004320000038400000432
00000387000003930000037100000391000003660000040800000359000003630000036600000370
00000403000003870000036200000363000003620000037900000376000003560000038800000377
00000359000003640000038100000322000003500000031800000304000003500000037000000338
00000359000003310000035200000346000003360000030800000345000003200000032900000320
00000284000003560000029900000325000003060000027600000311000003000000029300000278
00000292000003080000033300000307000002760000031100000294000002890000028900000291
00000294000002850000030400000266000002930000025800000263000002610000028000000261
00000246000002680000024300000287000002630000025300000233000002510000028800000258
00000250000002680000027900000271000002650000025200000259000002780000025800000254
00000236000002470000027300000256000002350000024400000239000002450000023800000226
00000235000002360000022400000217000002290000021600000242000002370000023400000219
00000219000002230000022900000229000002020000022700000228000002280000020100000212
00000222000002220000019900000217000001870000019300000196000002100000020000000210
00000184000002000000019200000215000001790000022100000204000001870000020600000203
00000181000001670000018200000210000002140000016800000208000001680000018700000186
00000162000001790000019000000208000002060000018600000172000001720000019700000204
00000185000001740000017300000170000001650000018000000201000001680000016500000160
00000162000001530000016700000157000001680000016100000166000001550000015200000189
00000159000001340000013700000148000001570000015900000142000001520000015600000143
00000155000001410000014500000143000001430000015300000128000001470000014600000142
00000130000001420000015000000118000001480000014600000148000001380000013800000137
00000134000001280000011900000146000001510000013900000127000001240000011700000138
00000132000001170000012000000123000001210000012300000095000001350000009600000121
00000121000001100000011500000097000001120000011500000116000001190000010100000128
00000091000001120000011100000106000001090000010700000105000001170000009700000130
00000110000000950000010300000099000000950000011100000092000001120000009300000107
00000099000000850000008800000107000000700000010800000084000001040000007900000076
00000087000000900000008500000090000000910000008000000101000000900000010500000091
00000114000000820000008800000087000000940000008600000081000001000000008500000083
00000086000000840000006200000093000000870000008400000073000000810000007400000085
00000086000000980000009800000084000000870000008300000086000000790000008000000077
00000081000000800000006700000089000000730000008400000069000000810000007400000065
00000074000000800000007600000081000000830000006400000086000000670000008500000079
00000059000000900000006300000077000000520000008500000070000000710000006400000087
00000072000000620000008700000071000000720000007900000071000000680000006000000074
00000071000000730000006200000073000000630000006500000067000000790000006900000061
00000066000000800000006000000076000000580000006900000059000000560000006700000053
00000059000000640000006400000063000000520000006900000066000000830000005400000057
00000069000000520000005700000063000000650000006800000063000000580000005800000065
00000068000000530000005400000062000000510000005100000055000000690000006000000053
00000068000000560000004300000057000000590000004500000053000000470000004900000050
00000060000000460000004800000057000000460000005200000051000000600000005800000044
00000056000000640000004500000049000000540000006400000046000000550000005500000058
00000044000000610000003700000060000000460000006000000042000000550000005000000048
00000042000000480000005000000063000000430000005100000043000000530000004400000054
00000039000000440000006000000057000000500000004800000050000000400000006100000044
00000048000000330000005700000054000000530000004100000052000000480000003800000040
00000038000000390000005600000041000000510000004300000035000000440000004400000058
00000048000000420000004600000048000000470000004100000032000000370000003400000048
00000044000000520000004900000037000000530000005400000044000000440000003400000042
00000043000000570000004800000040000000400000003400000041000000360000004700000035
00000046000000490000004100000042000000460000005400000040000000330000004400000046
00000037000000450000003400000044000000440000002300000034000000370000004900000040
00000049000000430000004100000036000000420000003600000037000000230000003700000038
00000035000000350000003000000027000000230000002700000046000000350000004500000041
00000039000000370000002400000050000000310000002700000044000000410000003800000028
00000032000000340000004000000037000000340000003800000038000000270000003900000035
00000023000000380000003100000032000000230000002300000033000000330000004000000041
00000042000000270000002900000037000000250000003200000032000000280000002700000031
00000031000000350000002600000029000000390000003400000026000000320000002300000039
00000028000000250000003100000040000000420000002600000031000000300000002600000027
00000028000000350000003400000025000000390000002700000030000000290000002900000029
00000031000000290000003400000025000000320000002300000030000000250000002500000032
00000034000000260000003000000021000000310000002500000018000000350000001900000030
00000034000000320000002700000025000000180000002900000033000000320000002200000028
00000025000000250000003300000029000000260000002500000030000000290000003300000026
00000029000000200000003200000025000000340000002300000029000000280000001400000028
00000021000000270000003300000023000000250000003500000030000000240000002600000018
00000023000000340000003600000023000000320000002600000034000000210000002200000027
00000024000000320000002100000027000000210000002500000023000000190000002800000018
00000026000000280000002500000031000000200000002700000031000000290000002000000024
00000026000000210000001800000020000000180000002600000020000000270000002100000022
00000019000000230000002800000034000000230000001700000026000000320000002300000021
00000020000000230000002300000025000000230000002400000018000000170000001000000019
00000017000000250000002100000022000000290000002500000033000000210000003000000015
00000020000000320000002200000017000000210000001900000027000000230000002600000025
00000027000000220000002600000020000000220000001600000023000000210000002400000021
00000028000000260000002300000024000000250000002800000021000000140000002300000025
00000020000000240000002000000016000000150000001500000023000000210000001500000031
00000015000000260000002100000020000000140000001900000018000000180000001200000012
00000027000000120000001600000022000000190000002800000023000000140000000900000031
00000017000000140000002100000021000000230000002400000018000000170000002100000025
00000016000000270000002500000026000000240000002200000016000000220000001600000015
00000021000000190000001700000014000000200000001300000025000000310000002400000020
00000017000000220000001400000018000000230000001100000020000000210000003100000009
00000018000000150000002000000019000000200000002000000015000000190000001700000008
00000026000000230000001200000022000000280000001400000024000000200000002000000019
00000024000000240000001400000014000000260000001900000011000000170000001500000023
00000019000000220000001800000022000000140000001000000018000000270000001800000022
00000016000000210000001900000023000000170000001900000014000000180000001800000017
00000016000000230000001300000014000000190000001900000018000000130000002100000020
00000015000000180000001900000012000000170000002500000020000000210000001300000015
00000022000000140000001600000029000000180000001900000013000000150000001300000014
00000012000000170000001500000014000000230000001800000013000000130000001700000020
00000019000000240000001200000010000000270000001300000023000000210000002100000022
00000018000000190000001600000014000000180000001600000020000000180000001600000012
00000018000000250000001000000020000000130000002000000012000000120000002100000018
00000015000000110000001500000013000000120000001900000014000000170000002200000022
00000017000000160000002300000019000000100000000900000013000000160000002300000012
00000015000000100000001900000011000000130000002400000013000000170000002100000015
00000015000000200000002200000021000000130000001900000019000000150000001300000012
00000015000000180000001100000022000000160000001600000017000000140000002300000019
00000014000000160000001300000017000000120000001200000014000000170000001300000015
00000017000000100000002900000014000000140000001800000017000000170000001000000019
00000019000000110000001500000018000000150000001600000011000000150000001400000027
00000009000000130000001100000018000000090000001400000017000000110000001600000009
00000012000000150000002100000022000000180000001000000018000000170000001900000015
00000018000000110000001100000016000000150000000900000022000000110000002200000016
00000020000000160000002000000009000000120000000700000020000000120000001700000008
00000010000000160000001600000008000000130000001000000013000000180000001100000012
00000010000000210000001300000015000000100000002000000013000000090000001400000016
00000018000000180000001900000015000000150000002100000011000000050000001900000013
00000009000000120000001600000016000000220000001300000015000000110000001200000016
00000027000000200000001900000015000000130000001600000011000000100000001600000011
00000013000000050000001000000019000000140000001700000013000000090000001800000012
00000015000000140000001400000012000000210000001500000009000000160000001800000014
00000015000000150000001400000025000000150000001600000016000000120000001600000014
00000010000000140000001200000012000000090000001700000019000000130000001100000011
00000012000000150000001200000016000000110000001700000017000000120000001600000011
00000019000000110000001100000017000000160000001200000016000000140000001300000010
00000018000000100000001600000017000000200000000800000016000000160000001700000007
00000013000000180000001300000008000000190000001700000008000000110000000800000019
00000013000000080000001500000017000000150000001600000018000000110000001300000010
00000007000000100000001600000017000000160000002200000011000000170000001200000014
00000015000000160000001400000007000000120000001400000014000000170000001300000012
00000020000000110000001400000013000000080000001300000012000000130000001500000016
00000017000000130000001800000013000000110000001200000011000000130000001600000012
00000011000000100000000800000009000000160000001300000012000000120000000900000009
00000009000000160000001200000010000000170000001900000014000000110000001700000014
00000012000000130000001500000015000000200000001000000009000000130000001900000012
00000016000000110000001800000022000000120000001100000009000000080000001400000008
00000017000000170000001600000012000000100000002100000016000000180000000600000012
00000007000000110000001700000014000000060000000900000012000000100000001700000012
00000012000000120000001900000020000000130000001400000014000000090000001000000009
00000007000000210000001800000014000000130000000900000017000000130000001100000011
00000015000000140000001300000015000000100000002400000011000000090000001100000013
00000011000000130000001100000014000000180000000700000016000000190000001100000012
00000010000000190000001400000011000000250000000900000012000000140000001400000013
00000011000000140000001100000015000000160000001200000016000000090000001400000010
00000018000000090000001200000008000000140000000900000011000000130000001700000015
00000011000000170000001900000016000000180000001300000010000000070000001600000018
00000006000000090000001600000014000000150000001600000013000000120000001600000013
00000015000000130000001200000010000000120000001400000025000000130000000900000015
00000014000000040000001500000018000000090000001400000014000000110000002100000014
00000012000000130000001200000012000000140000001500000018000000110000001500000017
00000013000000110000001800000014000000100000001600000017000000100000001500000014
00000016000000140000001100000010000000130000001200000011000000120000001500000017
00000009000000140000000800000012000000100000001500000015000000190000001900000016
00000009000000160000001600000015000000120000001700000016000000070000001000000005
00000013000000120000001500000013000000060000001000000009000000130000001700000010
00000008000000090000001200000016000000120000001200000015000000130000000700000012
00000011000000110000001000000011000000110000001300000018000000050000000800000017
00000000000000000000000000000000000000000000000000000000000000000000000000000000
00000000000000000000000000000000000000000000000000000000000000000000000000000000
00000000000000000000000000000000000000000000000000000000000000000000000000000000
00000000000000000000000000000000000000000000000000000000000000000000000000000000
00000000000000000000000000000000000000000000000000000000000000000000000000000000
00000000000000000000000000000000000000000000000000000000000000000000000000000000
00000000000000000000000000000000000000000000000000000000000000000000000000000000
00000000000000000000000000000000000000000000000000000000000000000000000000000000
00000000000000000000000000000000000000000000000000000000000000000000000000000000
00000000000000000000000000000000000000000000000000000000000000000000000000000000
00000000000000000000000000000000000000000000000000000000000000000000000000000000
00000000000000000000000000000000000000000000000000000000000000000000000000000000
00000000000000000000000000000000000000000000000000000000000000000000000000000000
00000000000000000000000000000000000000000000000000000000000000000000000000000000
00000000000000000000000000000000000000000000000000000000000000000000000000000000
00000000000000000000000000000000000000000000000000000000000000000000000000000000
00000000000000000000000000000000000000000000000000000000000000000000000000000000
00000000000000000000000000000000000000000000000000000000000000000000000000000000
00000000000000000000000000000000000000000000000000000000000000000000000000000000
00000000000000000000000000000000000000000000000000000000000000000000000000000000
00000000000000000000000000000000000000000000000000000000000000000000000000000000
00000000000000000000000000000000000000000000000000000000000000000000000000000000
00000000000000000000000000000000000000000000000000000000000000000000000000000000
00000000000000000000000000000000000000000000000000000000000000000000000000000000
00000000000000000000000000000000000000000000000000000000000000000000000000000000
000000000000000000000000000000000000000000000000