 0006050 0000034 0000000 0004095 1041018 0061859
00000720000008060000091100001104000012480000151500001680000018890000209500002203
00002362000023920000261500002663000027050000264400002598000025750000249100002410
00002296000020820000187600001705000014810000137900001116000009570000083100000661
00000575000004970000035500000243000002410000018300000130000001190000006800000063
00000044000000310000002000000011000000150000000800000004000000020000000100000001
00000001000000000000000000000000000000000000000100000000000000000000000000000000
00000000000000010000000000000000000000000000000000000000000000000000000000000000
00000000000000000000000000000000000000000000000000000000000000000000000000000000
00000000000000000000000000000000000000000000000000000000000000000000000000000000
00000000000000000000000000000000000000000000000000000000000000000000000000000000
00000000000000010000000000000000000000000000000000000000000000000000000000000000
00000000000000000000000000000000000000000000000000000000000000000000000000000000
00000000000000000000000000000000000000000000000000000000000000000000000000000000
00000000000000000000000000000000000000000000000000000000000000000000000000000000
00000000000000000000000000000000000000000000000000000000000000000000000000000000
00000000000000000000000000000000000000000000000000000000000000000000000000000000
00000000000000000000000000000000000000000000000000000000000000000000000000000000
00000000000000010000000000000000000000000000000000000000000000000000000000000000
00000000000000000000000000000001000000000000000300000001000000010000000100000001
00000003000000100000000700000006000000080000001700000016000000310000003100000041
00000047000000530000007200000069000001130000014600000138000001680000019600000212
00000279000002660000030800000314000003450000031900000358000003900000037100000353
00000387000003700000038200000424000003860000037000000346000003760000034100000283
00000264000002210000019000000233000001860000016300000168000001380000014000000134
00000110000001240000010400000099000000830000009900000087000000820000008500000091
00000092000000730000009300000083000000940000007300000083000000760000007100000091
00000076000000680000008700000087000000920000008000000088000000810000008600000085
00000078000000740000009100000092000000850000007100000081000000990000008800000081
00000084000000690000009600000090000000840000008100000084000000990000008700000086
00000095000000770000009500000086000000970000007600000075000000870000009600000083
00000078000000820000006800000069000000940000009400000078000000770000008500000083
00000088000000930000008400000072000000960000009000000086000000930000009700000100
00000102000000970000009200000086000000870000008700000078000000990000009200000082
00000070000000910000009400000076000000760000007600000068000000850000007200000094
00000111000000790000008400000076000000840000006900000085000000760000007600000089
00000096000000980000009300000105000000920000009900000075000000830000009400000081
00000101000000900000010500000094000000730000009100000090000000930000008400000098
00000088000000970000010300000085000000810000010000000083000000940000007900000098
00000100000000960000008000000081000000890000011000000079000000990000007100000080
00000084000000780000009200000094000000800000009000000088000000800000009400000095
00000098000000850000009900000092000000900000009100000098000000920000009800000113
00000113000000820000008400000098000000870000008900000089000000980000009500000097
00000098000000870000009000000092000000660000009800000083000000850000008900000084
00000095000000840000009700000096000000930000009400000073000000940000008600000095
00000085000000900000009200000113000000950000008900000093000000840000011000000103
00000090000001080000010100000077000000850000008500000081000000740000009400000101
00000096000000940000008700000085000000700000009500000116000001140000010100000086
00000094000000830000007800000088000000780000009000000081000000910000009400000093
00000095000001040000008000000111000001070000009000000094000000850000009300000087
00000100000001020000007900000088000000980000008700000125000001020000007800000086
00000083000001020000009600000091000000780000009000000084000000890000008400000080
00000085000000990000010100000105000000970000010300000098000000980000010600000092
00000109000001020000008200000103000001090000009300000108000000950000009100000079
00000095000000860000009800000095000001030000008600000098000000800000008600000090
00000088000000790000010000000096000000850000009300000106000000940000008300000085
00000084000000930000010600000092000000880000009500000081000001020000009200000096
00000085000000930000009500000104000001020000010400000102000000720000009000000064
00000099000000990000009200000093000000920000009700000117000000900000008400000097
00000089000001080000010500000109000000740000009400000101000000930000007600000093
00000095000000720000009600000083000000980000010000000092000000870000008700000104
00000087000000960000010200000082000000900000010400000101000001080000010000000087
00000089000000910000009400000105000000900000008200000081000000970000009300000097
00000103000000900000008500000085000000970000009000000078000000860000010000000097
00000096000001000000009300000101000000910000009400000103000000900000011500000085
00000095000000860000010300000093000000690000008700000097000001100000009500000082
00000087000000820000009500000088000000910000008900000086000000830000007700000092
00000078000000950000010200000085000001060000008400000125000000720000010300000081
00000085000000790000008600000091000000900000007900000100000000840000007000000089
00000094000000970000009200000110000000910000010800000094000000560000009900000076
00000063000001090000007400000081000000920000008300000092000000980000010100000089
00000093000000920000008700000097000000920000009500000076000000940000008600000081
00000077000000810000009700000083000000910000008400000088000000840000007700000100
00000082000000840000007600000101000000930000010300000087000000820000007500000075
00000079000000730000008100000084000000860000007300000090000000930000008400000078
00000089000000890000007800000075000000680000007800000086000000790000007700000086
00000085000000660000009100000085000000580000009000000056000000900000006200000067
00000065000000700000007500000089000000650000006300000074000000760000007600000073
00000088000000700000007400000074000000630000008100000084000000820000009100000059
00000087000000690000007000000083000000750000007400000078000000800000007500000078
00000087000000810000007500000070000000750000007700000067000000640000007700000088
00000074000000800000007200000068000001000000008200000086000000740000007500000075
00000076000000790000006400000063000000630000006400000063000000790000007100000059
00000065000000580000007400000082000000620000007900000081000000850000006100000071
00000073000000690000007900000072000000870000007300000073000000700000007100000072
00000077000000760000006700000072000000720000006300000071000000700000006900000060
00000078000000570000007700000063000000790000007500000051000000730000007300000075
00000068000000700000007400000065000000580000005000000054000000610000006200000062
00000071000000690000006400000076000000530000006800000059000000620000007100000071
00000058000000770000005500000070000000620000007000000055000000500000005000000059
00000068000000610000006500000067000000500000006300000041000000510000006100000057
00000055000000490000005000000055000000530000005500000059000000470000007100000051
00000058000000510000006600000070000000570000005500000050000000580000005800000060
00000069000000510000005000000052000000520000006400000061000000500000004400000043
00000054000000540000005600000043000000460000004700000052000000420000004600000059
00000062000000380000004400000046000000430000004500000047000000420000004900000051
00000051000000400000004000000042000000350000005200000042000000530000005400000035
00000049000000420000004400000041000000430000004200000046000000370000005000000054
00000042000000240000004200000047000000400000004400000046000000360000005200000028
00000049000000540000004700000046000000380000003400000047000000320000004000000039
00000035000000380000004600000033000000430000005500000037000000340000005200000035
00000037000000410000004100000049000000360000004800000033000000440000004300000038
00000042000000280000003300000029000000420000004300000041000000420000004400000034
00000034000000490000003300000033000000440000003300000038000000360000003200000037
00000033000000250000004100000027000000290000003800000031000000340000005000000032
00000037000000300000004200000033000000340000003300000033000000270000003200000039
00000039000000390000004300000038000000410000002800000040000000350000003200000041
00000042000000320000003100000038000000410000003800000045000000310000003600000034
00000031000000240000003600000045000000360000003200000034000000260000004100000035
00000039000000360000003500000034000000480000004800000039000000470000001800000032
00000047000000230000002600000028000000260000004000000040000000420000002600000031
00000027000000360000003500000022000000330000003700000038000000370000004000000030
00000027000000360000003300000026000000400000002900000041000000430000002800000035
00000029000000330000004000000037000000230000003200000031000000320000004700000034
00000041000000440000003400000026000000360000003700000034000000370000003400000039
00000038000000330000003700000031000000280000002500000032000000350000003300000031
00000030000000220000002500000031000000310000003100000025000000290000002400000035
00000029000000250000003700000033000000250000002500000028000000370000003400000026
00000033000000240000002700000034000000270000003600000027000000330000002900000022
00000026000000330000002400000030000000280000002600000036000000250000003000000028
00000033000000320000002700000027000000320000002200000021000000190000002700000024
00000036000000200000002800000020000000190000002500000028000000260000002900000030
00000030000000220000002600000025000000250000003000000031000000160000002700000030
00000029000000240000002300000028000000230000002400000024000000260000003700000024
00000029000000340000002700000032000000280000002700000024000000270000003100000026
00000016000000290000003200000030000000330000003200000029000000250000003000000027
00000025000000240000003100000016000000220000003500000022000000310000002700000023
00000023000000310000002700000019000000290000002600000029000000190000003200000034
00000027000000250000002700000030000000260000002700000028000000270000002500000024
00000022000000250000003600000028000000360000003200000031000000220000002500000023
00000033000000330000002000000027000000260000002600000034000000290000003300000032
00000030000000200000002800000032000000260000002400000025000000360000002000000034
00000027000000290000002800000027000000270000001700000029000000230000002900000028
00000028000000340000002600000029000000260000003600000029000000320000003600000034
00000029000000320000002800000032000000280000002500000021000000290000002800000040
00000030000000290000002700000032000000310000003100000028000000250000002400000031
00000032000000280000003200000026000000350000003500000034000000240000002700000021
00000038000000370000002700000025000000370000003500000028000000420000002300000033
00000037000000240000003200000028000000370000004000000032000000270000003100000030
00000025000000360000003000000036000000330000001600000032000000360000003000000042
00000039000000190000002800000039000000390000003300000034000000330000003300000036
00000029000000370000002700000026000000340000003300000022000000340000003100000035
00000023000000210000002900000032000000230000003000000026000000410000002800000029
00000039000000280000004200000032000000320000002100000025000000540000003800000031
00000036000000340000005000000041000000240000002800000026000000290000003200000030
00000033000000320000004500000040000000320000002700000036000000330000002200000035
00000031000000270000003200000031000000300000002800000037000000360000003000000031
00000042000000370000002000000033000000350000003100000032000000360000004300000035
00000036000000280000002900000028000000370000003500000037000000270000003700000026
00000037000000430000003500000030000000390000003200000034000000290000004300000035
00000044000000280000003900000038000000240000003600000035000000400000003700000033
00000035000000380000003900000032000000350000003000000034000000450000003300000038
00000030000000280000004600000042000000330000004000000037000000440000004000000046
00000041000000350000003500000033000000290000003300000035000000400000003700000049
00000034000000390000003500000030000000430000003800000034000000420000003600000031
00000038000000430000003900000044000000370000004000000046000000300000004100000049
00000049000000400000004100000038000000450000003700000052000000410000004000000049
00000049000000500000003800000050000000410000003700000049000000400000003800000042
00000035000000480000003600000041000000430000003900000048000000410000005300000044
00000042000000530000003800000060000000320000004900000037000000520000004300000043
00000049000000450000004500000048000000460000004700000040000000440000004800000050
00000047000000550000004600000045000000530000005100000058000000400000004300000051
00000051000000460000005400000054000000530000004600000064000000520000005300000063
00000042000000430000005800000059000000490000004600000051000000570000006400000055
00000054000000600000006000000060000000580000006600000057000000840000006400000067
00000072000000900000007100000086000000850000009200000109000001230000016400000144
00000199000002290000027900000335000003950000050500000626000006680000080500000958
00001152000012680000150400001697000019270000216200002396000026690000293200003206
00003499000035900000397300004046000041090000436600004424000043640000440000004245
00004363000042760000407400003978000037400000360900003429000031960000301600002760
00002590000023910000220500002011000018080000167900001594000014500000131000001245
00001139000010360000094100000922000008370000074400000773000006560000065900000584
00000541000005150000045900000438000003930000037900000346000003410000030100000289
00000298000002540000023300000232000001960000018900000177000001560000013600000144
00000124000000950000013300000114000000930000010100000097000000970000007100000079
00000087000000720000006700000080000000770000007700000069000000670000007800000057
00000076000000430000005400000053000000580000004100000073000000630000006100000056
00000050000000660000004600000058000000400000007100000075000000650000006400000051
00000057000000600000005500000049000000570000005800000061000000490000006500000048
00000053000000620000006300000057000000640000005900000053000000590000005800000069
00000072000000590000004900000056000000620000004900000064000000600000005900000062
00000065000000620000006200000043000000550000006500000048000000620000005900000058
00000057000000660000006200000052000000580000006000000059000000450000004700000049
00000067000000580000005400000057000000700000006000000082000000550000006000000054
00000065000000580000006800000058000000490000007200000053000000680000006000000073
00000069000000640000006800000045000000660000007800000074000000680000005800000058
00000067000000770000006100000069000000660000007400000048000000500000007200000065
00000066000000760000006400000056000000790000007000000074000000680000005800000057
00000077000000660000004800000073000000610000007500000077000000620000006300000074
00000066000000770000006300000061000000610000006900000056000000650000007100000071
00000069000000660000007200000061000000690000006300000077000000640000006600000070
00000061000000850000007100000059000000720000007000000069000000770000005700000059
00000076000000750000007300000071000000570000007300000051000000720000007300000069
00000064000000620000008500000075000000690000006700000063000000740000009500000072
00000064000000690000005700000070000000720000006800000078000000910000007200000082
00000071000000670000006600000070000000590000008100000071000000770000007000000075
00000091000000750000006700000079000000660000008700000084000000620000006900000058
00000070000000950000005800000062000000720000007600000079000000850000009100000084
00000077000000710000008300000072000000900000006300000065000000740000006800000064
00000064000000640000007600000072000000870000006800000083000000790000006600000069
00000079000000810000008000000088000000770000008400000075000000680000007400000066
00000069000000760000007100000077000000940000007800000079000000710000008700000087
00000080000000770000007500000075000000770000007900000088000000620000007800000093
00000073000000700000007100000079000000800000007400000057000000580000009500000069
00000082000000680000007400000090000000680000008500000078000000740000009800000073
00000096000000770000007100000085000000770000008800000071000000800000008600000074
00000076000000840000008600000077000000850000007800000068000000940000007900000087
00000075000000940000009100000076000000860000008600000089000000810000007700000073
00000083000000660000008300000076000001060000007700000069000000770000006400000082
00000081000000810000005700000077000000930000009000000072000000720000009600000084
00000089000000690000008100000082000000570000007100000072000000680000008300000070
00000090000000840000008700000083000000810000008100000074000000850000007300000071
00000070000000930000008500000083000000790000008900000082000000990000006500000080
00000077000000840000008800000079000000850000008500000077000000830000008100000094
00000074000000900000007000000077000000880000007000000087000000820000006400000070
00000060000000850000009100000077000000730000008000000080000000940000006500000071
00000088000000800000007800000079000000860000008400000094000000910000008600000085
00000082000000690000007900000085000000750000008300000100000000830000008800000084
00000075000000770000007100000078000000780000008700000090000000690000009100000088
00000085000000900000008100000090000000890000007600000087000000840000009100000094
00000076000000760000007500000066000000760000006300000084000000780000009900000096
00000081000000760000010400000089000000890000008300000084000000700000010400000089
00000076000001070000008600000077000000800000009300000110000000960000007200000088
00000102000000860000008200000081000000840000008800000082000000910000008800000082
00000101000000900000009900000088000000970000009600000078000000930000009100000094
00000070000000950000008500000096000000970000007300000075000000850000008500000082
00000093000000890000008300000078000000780000008200000093000000950000007700000088
00000104000001040000010600000081000001010000009300000093000000940000009800000096
00000083000000850000011000000104000000850000006400000100000000850000008600000095
00000085000000910000008900000087000000890000008000000090000000810000010100000092
00000098000001030000008900000086000000870000007600000081000000910000007100000096
00000093000000930000009700000088000000790000008700000075000000950000008000000100
00000091000000860000009000000108000000910000009300000100000000950000007200000079
00000081000000850000008600000084000001000000009100000085000000860000009600000097
00000097000000750000010300000086000001000000008400000101000000890000008900000085
00000083000000900000009000000107000000750000011100000100000000920000010200000098
00000088000000840000008300000083000001010000007800000094000001100000009600000082
00000088000000870000008600000098000000810000008900000107000001040000009000000088
00000093000001020000009000000105000000900000008300000095000000980000009900000081
00000107000000960000010200000090000000960000009200000099000000820000009700000123
00000116000000970000008000000095000000870000009000000087000001040000009500000082
00000115000000930000008900000092000000980000009800000101000001080000008300000093
00000107000001000000009700000100000000980000010000000101000001060000009900000101
00000098000000910000010400000094000000850000011100000089000000950000008600000107
00000089000001060000009400000085000000990000008500000104000001060000010600000101
00000094000000860000008700000086000000920000010200000097000000940000008400000086
00000087000000910000009900000103000001240000009300000096000000970000008400000079
00000082000001040000010000000089000000780000008500000093000000860000008300000102
00000099000000930000008300000079000000720000008300000088000000940000009500000096
00000086000001020000009800000086000000970000010500000087000000890000009300000077
00000103000000900000009000000107000001010000008200000094000000860000010900000099
00000099000000830000007800000083000000930000010600000102000000880000008500000098
00000105000001010000009500000076000000820000007900000096000000960000010600000098
00000090000000770000008800000087000000980000009100000075000000840000010300000089
00000091000001130000009200000093000000940000009900000094000000900000009300000097
00000088000000850000009200000091000000850000009200000089000000900000010200000094
00000102000000830000008500000104000000970000009900000089000000910000008400000091
00000085000000890000010800000081000001150000009800000103000000960000007100000087
00000099000000900000007400000089000000730000008900000086000001030000008500000087
00000084000000830000007600000087000000710000008000000080000000810000007300000092
00000084000000910000009200000078000000950000008600000102000000870000007700000094
00000086000000900000010100000080000000750000008200000086000000900000007900000084
00000101000000810000009200000079000000800000007800000086000000870000007900000085
00000073000000820000007200000102000000980000007100000072000000800000007700000066
00000082000000870000008100000082000000760000008100000071000000840000008700000077
00000074000000800000007600000083000000870000009400000087000000660000007600000096
00000092000000840000007300000065000000850000006700000067000000860000007200000067
00000070000000750000007800000073000000760000008600000076000000790000006900000081
00000082000000710000006700000083000000840000008800000077000000890000008400000076
00000087000000700000007900000081000000820000008800000090000000500000007100000073
00000070000000770000006100000068000000670000006500000082000000820000007500000069
00000061000000800000007100000066000000700000007100000082000000660000009000000070
00000067000000830000007200000057000000790000007000000063000000670000006600000076
00000065000000680000007400000075000000750000007600000058000000620000008700000066
00000078000000600000006700000067000000770000007200000077000000820000006700000071
00000071000000650000006800000067000000780000006000000067000000640000005900000062
00000061000000700000006100000076000000680000005700000074000000740000005100000069
00000078000000560000006100000058000000710000006100000059000000640000008000000061
00000060000000540000006600000062000000720000005100000055000000470000007200000066
00000051000000540000005600000060000000510000005800000053000000590000006300000065
00000062000000590000005400000063000000770000004700000047000000540000005800000059
00000065000000520000005300000057000000550000004600000051000000480000006600000054
00000070000000480000005000000050000000620000003800000052000000520000006000000054
00000048000000430000005100000046000000690000004600000048000000460000005000000061
00000044000000620000004400000042000000380000005300000042000000520000004300000039
00000049000000400000004500000042000000460000004000000036000000420000004600000043
00000037000000550000003700000052000000490000004500000044000000390000003800000048
00000041000000580000004000000037000000350000003500000045000000440000004600000049
00000040000000370000004200000039000000380000004200000036000000340000003200000040
00000035000000400000004300000036000000350000003000000027000000410000004300000033
00000032000000370000005200000051000000340000004100000033000000440000003300000033
00000029000000350000002500000039000000370000003100000039000000360000003900000027
00000034000000370000003600000039000000330000005100000039000000380000003600000034
00000032000000470000003300000030000000400000003300000043000000330000004500000033
00000043000000330000002700000032000000340000003200000024000000380000003100000037
00000040000000440000004100000032000000380000002800000037000000400000003900000029
00000043000000380000003800000042000000380000003200000030000000430000003600000028
00000033000000300000003800000029000000310000003300000032000000400000002600000043
00000028000000320000002800000033000000310000003700000046000000390000003800000038
00000037000000360000003600000045000000330000003700000037000000310000003400000048
00000035000000330000003500000037000000350000003100000024000000370000002800000028
00000031000000290000002500000050000000320000003700000032000000430000002800000035
00000037000000390000003800000040000000300000003400000040000000450000003600000033
00000024000000340000003200000034000000270000003000000028000000360000002800000028
00000035000000360000003100000044000000410000003100000031000000380000002800000033
00000021000000310000003600000031000000350000004400000028000000340000002500000030
00000034000000320000002300000025000000310000002900000028000000320000003700000020
00000039000000290000003200000030000000340000003700000023000000210000002400000025
00000020000000290000004500000039000000320000002700000030000000270000002800000029
00000017000000360000002900000021000000270000002400000029000000230000002800000018
00000034000000270000003300000026000000220000003100000031000000310000003200000022
00000024000000370000002300000034000000290000002500000032000000310000002700000026
00000021000000220000002400000042000000240000002200000026000000180000001300000025
00000030000000260000002000000032000000240000002800000028000000180000003500000017
00000031000000170000003500000026000000310000002800000030000000260000002700000021
00000031000000210000003200000028000000370000003900000026000000190000002200000032
00000026000000310000003600000024000000230000002700000039000000240000001600000013
00000028000000290000002400000023000000300000002400000024000000330000002700000036
00000024000000240000003500000032000000310000002600000033000000270000003700000017
00000022000000220000002700000024000000280000003000000038000000310000002000000029
00000020000000310000002800000026000000290000002000000031000000260000003300000033
00000034000000300000002400000028000000290000002300000032000000320000003100000033
00000023000000260000002900000019000000260000002400000024000000210000002300000026
00000032000000330000002600000035000000240000003600000038000000330000003300000026
00000028000000290000002500000034000000260000002700000024000000270000003300000038
00000022000000250000002300000023000000250000003000000033000000380000002500000027
00000030000000350000002600000038000000270000002700000030000000250000002700000019
00000035000000230000002800000032000000320000003300000041000000260000002900000027
00000033000000340000002300000030000000250000002300000024000000310000003400000029
00000032000000310000003900000030000000340000003600000030000000220000003900000027
00000026000000230000003000000024000000230000002400000029000000350000003500000032
00000031000000290000003000000019000000170000004000000029000000470000002400000034
00000037000000410000002900000035000000310000003500000026000000340000003300000036
00000031000000310000004000000029000000240000002900000031000000250000003600000028
00000038000000290000004100000039000000230000003100000032000000290000003500000037
00000022000000370000003900000036000000440000003300000038000000350000004400000036
00000033000000350000004600000039000000230000003700000040000000350000003900000029
00000032000000250000003800000044000000360000003400000044000000280000004100000035
00000030000000300000004400000039000000360000003300000038000000320000002700000044
00000025000000420000003600000043000000300000003700000032000000390000004100000027
00000046000000380000002800000028000000480000003700000036000000250000003200000037
00000040000000350000003900000037000000430000003500000038000000360000002400000029
00000039000000450000003500000044000000380000003100000038000000330000004000000027
00000031000000240000004400000045000000430000003400000041000000260000004900000032
00000049000000360000003400000028000000340000003700000036000000350000003900000031
00000043000000380000003000000056000000390000004900000048000000400000004300000036
00000049000000390000003800000038000000420000004400000038000000380000004100000044
00000042000000440000005200000048000000400000005600000055000000460000003200000042
00000042000000450000004600000036000000380000004400000042000000520000004600000055
00000039000000480000005100000043000000560000003900000043000000470000004100000044
00000051000000750000004500000048000000500000005400000056000000500000004000000046
00000051000000520000004600000055000000570000005700000044000000540000004800000077
00000040000000530000006500000044000000600000006600000063000000700000005700000066
00000066000000820000007700000079000000700000007300000112000001020000012800000146
00000131000002010000020100000267000003050000034700000427000004980000061100000794
00000791000010140000115300001305000015950000182400002054000022410000246900002756
00002916000032030000342900003588000038870000411100004113000042840000432000004255
00004291000042370000415000004159000039680000388900003647000033690000325300003038
00002799000026190000238000002324000020530000188900001729000015600000142400001328
00001204000011520000106400001033000009460000084500000748000006770000067900000604
00000601000005710000052400000466000004660000043200000411000003770000035800000333
00000304000002620000025200000234000002330000019800000196000002030000017200000172
00000148000001560000013200000127000001080000010800000114000000860000008600000099
00000067000000780000008200000068000000570000007300000067000000790000005700000056
00000059000000500000006000000054000000590000005600000060000000660000005300000058
00000054000000550000005900000053000000730000005600000054000000650000005200000060
00000052000000560000004500000061000000590000006800000040000000670000007400000056
00000057000000660000005600000063000000450000005700000051000000610000005900000058
00000061000000660000005500000069000000490000005100000068000000570000006300000052
00000059000000510000005900000049000000540000006500000059000000530000005600000054
00000051000000580000007100000058000000650000005900000065000000600000005500000060
00000066000000410000006100000063000000580000005600000059000000540000005400000068
00000056000000620000005900000049000000820000006100000086000000610000007800000049
00000069000000590000006600000063000000640000005900000068000000640000005700000078
00000059000000620000007000000075000000670000007100000071000000500000006700000073
00000072000000580000005300000057000000630000006300000049000000780000007400000073
00000079000000700000005900000072000000630000005800000067000000870000006400000061
00000066000000620000007200000074000000760000006300000071000000670000005500000079
00000068000000810000006400000075000000760000004700000065000000590000007000000064
00000065000000600000005600000070000000690000006700000068000000680000008300000078
00000076000000570000008000000063000000800000006900000083000000790000008100000075
00000077000000640000006400000087000000610000008800000073000000910000005000000074
00000073000000780000007000000064000000670000006800000069000000640000007100000076
00000084000000850000005900000076000000750000007400000072000000680000007300000070
00000067000000810000005800000067000000780000008300000076000000650000006700000073
00000000000000000000000000000000000000000000000000000000000000000000000000000000
00000000000000000000000000000000000000000000000000000000000000000000000000000000
00000000000000000000000000000000000000000000000000000000000000000000000000000000
00000000000000000000000000000000000000000000000000000000000000000000000000000000
00000000000000000000000000000000000000000000000000000000000000000000000000000000
00000000000000000000000000000000000000000000000000000000000000000000000000000000
00000000000000000000000000000000000000000000000000000000000000000000000000000000
00000000000000000000000000000000000000000000000000000000000000000000000000000000
00000000000000000000000000000000000000000000000000000000000000000000000000000000
00000000000000000000000000000000000000000000000000000000000000000000000000000000
00000000000000000000000000000000000000000000000000000000000000000000000000000000
00000000000000000000000000000000000000000000000000000000000000000000000000000000
00000000000000000000000000000000000000000000000000000000000000000000000000000000
00000000000000000000000000000000000000000000000000000000000000000000000000000000
00000000000000000000000000000000000000000000000000000000000000000000000000000000
00000000000000000000000000000000000000000000000000000000000000000000000000000000
00000000000000000000000000000000000000000000000000000000000000000000000000000000
00000000000000000000000000000000000000000000000000000000000000000000000000000000
00000000000000000000000000000000000000000000000000000000000000000000000000000000
00000000000000000000000000000000000000000000000000000000000000000000000000000000
00000000000000000000000000000000000000000000000000000000000000000000000000000000
00000000000000000000000000000000000000000000000000000000000000000000000000000000
00000000000000000000000000000000000000000000000000000000000000000000000000000000
00000000000000000000000000000000000000000000000000000000000000000000000000000000
00000000000000000000000000000000000000000000000000000000000000000000000000000000
000000000000000000000000000000000000000000000000