 0006050 0000040 0000000 0004095 1041018 0061900
00000001000000000000000000000000000000000000000000000000000000000000000000000000
00000001000000010000000100000000000000000000000000000000000000010000000000000000
00000000000000010000000000000000000000000000000200000000000000010000000200000001
00000001000000010000000000000001000000000000000100000000000000000000000000000000
00000000000000010000000100000001000000000000000000000000000000010000000100000000
00000000000000000000000200000000000000000000000000000000000000000000000000000002
00000002000000010000000100000001000000000000000000000000000000010000000000000000
00000001000000000000000000000001000000010000000100000000000000010000000000000000
00000000000000020000000000000000000000000000000200000000000000000000000000000002
00000001000000020000000000000000000000010000000100000001000000000000000200000001
00000001000000010000000100000002000000010000000000000002000000010000000200000000
00000000000000000000000200000001000000020000000200000002000000000000000000000001
00000000000000040000000100000001000000010000000100000001000000020000000200000001
00000002000000010000000500000000000000010000000300000001000000000000000000000001
00000000000000010000000700000004000000020000000100000001000000000000000300000003
00000002000000000000000100000001000000040000000100000002000000010000000200000002
00000002000000040000000100000005000000020000000100000003000000020000000200000005
00000010000000030000000300000009000000070000001100000008000000100000001100000006
00000009000000100000000500000004000000080000000800000007000000050000001000000004
00000007000000070000000300000007000000100000000500000014000000080000000900000015
00000009000000090000001700000005000000050000001500000014000000040000000900000003
00000010000000100000001000000007000000130000001100000010000000120000000600000008
00000011000000070000000300000005000000110000001100000011000000110000001000000016
00000016000000080000001000000009000000120000002000000012000000120000001400000011
00000008000000150000000800000015000000060000001200000017000000140000000900000016
00000009000000160000001500000012000000100000002600000016000000230000002100000020
00000022000000310000003000000059000000490000006100000056000000950000011300000137
00000145000001780000021800000299000002950000036900000428000004640000054800000573
00000615000007170000070600000766000007870000080900000832000008430000080900000835
00000843000008310000084500000847000008360000083700000793000008840000082900000792
00000848000008520000086100000851000008320000080900000809000008260000078500000842
00000785000008310000076600000751000008350000085600000783000008260000086200000835
00000855000008560000088500000923000009190000095400000894000009350000092100000915
00001031000010210000103100001032000009900000101300001061000011240000102400001066
00001018000011150000105300001097000010730000108100000990000010760000112200001079
00001077000010520000102300001058000010430000105700001029000010070000100300000967
00001002000009630000105100000935000009580000099700000999000009950000099100000976
00000919000009020000100900000938000009400000097600000922000008830000088300000932
00000919000008880000085700000894000008970000081400000861000008420000087900000852
00000834000008730000078800000817000008030000083300000833000008010000079100000830
00000744000007730000083300000789000007860000075900000778000007830000076800000735
00000762000007820000073400000763000007250000075000000723000006760000071700000739
00000682000007040000066900000679000006480000067800000648000006370000065500000657
00000668000006960000065100000658000006740000062700000688000006910000064600000639
00000691000006030000061400000621000005830000063400000612000006220000060600000590
00000593000006240000064600000622000005860000062700000580000006220000058100000560
00000541000005520000052400000562000005420000056900000525000005560000051900000541
00000588000005610000052800000539000005470000054800000528000005100000053200000543
00000535000004890000050700000494000004870000051900000486000004950000053800000516
00000518000005180000048000000479000004730000051100000475000004980000048200000459
00000500000004600000046200000505000004890000046300000459000004540000046400000465
00000461000004190000047900000434000004650000045200000413000004540000045400000392
00000472000004300000045800000404000004030000039400000451000004480000041400000409
00000408000003990000042500000442000004290000039200000390000004170000042200000366
00000406000003860000039300000406000003800000039900000401000003690000038900000387
00000376000004000000043500000386000003900000036600000329000003580000035400000339
00000404000003580000033000000386000003430000035400000348000003740000034200000365
00000379000003660000038300000375000003760000038400000373000003810000034800000341
00000342000003630000033600000315000003400000033700000323000003340000035500000344
00000354000003600000032200000356000003420000034700000343000003270000032800000352
00000331000003350000029300000332000003300000034000000316000002940000034900000332
00000345000003060000030400000325000002780000033600000320000003070000029500000330
00000282000002940000029200000328000003240000030000000286000003260000030500000301
00000308000002860000027900000288000002990000029500000276000002520000026400000306
00000272000002920000027200000277000002600000026500000275000002610000028200000270
00000266000002370000027400000259000002740000027500000254000002400000025200000203
00000266000002150000024600000236000002290000025800000235000002250000021200000224
00000247000002340000019600000228000002180000021500000216000002380000019400000208
00000190000002430000020500000153000001950000018400000201000002000000020400000173
00000183000001870000018500000196000001960000016300000178000001900000017000000170
00000164000002030000016900000159000001640000015600000183000001610000014400000197
00000175000001700000017600000163000001740000016000000157000001530000016900000159
00000146000001550000015200000126000001580000016900000147000001540000014700000144
00000151000001610000017200000154000001480000016400000135000001360000014300000161
00000157000001480000016300000150000001520000011800000133000001300000013400000137
00000139000001410000013400000153000001350000015800000142000001550000016000000152
00000123000001400000015200000155000001290000014200000130000001420000012600000148
00000164000001260000011200000156000001430000014200000122000001300000014000000145
00000140000001460000013300000114000001290000015000000146000001310000013300000134
00000150000001250000013300000115000001410000012200000149000001280000010900000109
00000128000001390000012400000124000001190000014800000125000001200000011300000140
00000113000001220000011700000128000001220000011700000120000000930000011700000134
00000136000001190000011700000121000001180000011000000124000001350000013700000117
00000121000001220000009400000113000001220000011300000129000001310000013500000094
00000111000001320000011600000134000001270000012700000121000001080000011900000126
00000132000001020000011000000129000001160000011200000127000001060000011900000121
00000103000001010000012400000131000000970000009200000111000001070000013100000113
00000108000001160000012400000117000001230000011100000113000001160000011800000110
00000135000001180000011500000115000001310000012600000123000001270000012800000118
00000116000001120000011600000113000001120000012600000126000001130000012100000116
00000096000001000000011400000109000001120000013500000116000001070000011100000125
00000120000001120000012200000128000001320000012000000111000001000000009400000127
00000114000001110000009700000111000001190000011000000107000001030000010900000115
00000116000001140000011100000104000000990000011000000106000001160000012200000093
00000107000001070000011400000099000001220000011300000095000001050000011300000108
00000105000001150000011800000106000001070000012600000107000000890000010500000109
00000105000001060000008700000106000000980000010700000104000001150000010800000115
00000107000001010000009600000105000001080000009700000103000001040000010800000105
00000095000000880000010700000119000001080000010400000108000000970000010900000116
00000102000001110000010700000106000001060000010100000113000001070000010200000106
00000105000001000000010400000103000000980000008200000109000001010000010900000098
00000099000000930000009600000090000000990000009900000118000001040000009700000097
00000121000000820000009400000117000000870000008900000104000000940000009800000097
00000116000001010000011600000101000001050000009500000100000000920000010600000105
00000090000000970000009600000113000000970000009900000089000000970000008900000091
00000106000001080000010700000093000000990000009100000103000000950000008800000102
00000089000001090000011200000089000000820000009200000109000001110000008900000093
00000081000001150000011200000116000001030000010300000097000001010000008600000093
00000104000000940000010300000099000000980000010100000092000001020000012100000103
00000115000001140000008400000104000001040000008200000118000000930000010300000110
00000088000000810000009800000106000001120000010200000099000000890000009900000097
00000099000001040000009500000089000000960000010200000105000000960000009300000104
00000095000000980000010700000106000000920000010800000090000000950000008700000083
00000097000001010000008700000099000000980000009800000082000000880000009400000086
00000097000001110000010100000099000000790000010100000103000000960000010300000109
00000090000000780000008100000099000001010000009600000102000001050000008900000100
00000099000001080000010000000083000000820000010900000100000001020000009700000098
00000084000000940000008900000099000001000000010100000105000000780000009500000090
00000077000000960000008900000087000000840000008800000105000001020000008700000083
00000086000000890000008700000079000000810000010200000079000000900000010700000095
00000088000000950000009500000103000000850000009700000109000001110000008600000088
00000092000000840000009100000091000000980000008700000098000000780000008900000074
00000090000000950000007600000096000000770000009500000089000000990000009300000086
00000077000000900000008800000088000000840000010700000071000000880000009900000079
00000083000000860000008800000097000000910000008100000069000000880000008700000093
00000101000000840000008400000070000000870000006400000078000000820000006600000065
00000071000000770000007400000092000000900000007000000085000000820000007800000083
00000080000000830000007300000068000000770000008900000080000000700000007000000084
00000068000000860000007200000071000000730000006400000088000000670000007300000072
00000074000000900000006800000076000000640000006700000074000000690000006700000069
00000075000000720000006700000064000000640000006200000058000000760000006100000058
00000087000000870000006300000078000000660000006500000062000000440000007100000072
00000066000000550000007300000068000000640000006100000065000000590000005900000043
00000062000000600000005100000050000000670000006600000059000000600000005900000054
00000059000000790000006700000060000000640000004700000050000000300000006100000047
00000058000000590000004800000064000000520000005500000064000000520000005700000058
00000058000000470000005900000055000000600000004500000054000000620000006000000043
00000062000000640000005800000060000000470000005200000055000000470000003900000055
00000037000000520000005400000056000000600000004400000050000000440000003700000043
00000039000000530000003700000043000000410000005200000042000000430000003200000037
00000039000000350000003900000049000000510000004100000042000000390000004700000046
00000047000000440000004500000039000000410000003800000037000000400000005100000046
00000038000000390000003800000040000000270000003600000035000000470000004200000029
00000041000000340000003500000044000000310000003800000036000000390000004800000043
00000046000000350000004600000031000000290000003200000030000000330000003900000034
00000035000000330000003400000031000000290000004100000038000000330000003100000031
00000039000000240000002600000036000000290000003000000033000000290000002700000029
00000037000000230000002300000020000000350000004200000028000000310000002000000031
00000028000000220000002400000032000000290000002400000017000000320000001900000019
00000025000000240000002000000028000000220000002900000024000000280000003200000023
00000032000000200000002800000026000000250000001700000025000000190000002400000027
00000028000000210000002600000020000000260000001900000022000000200000001800000021
00000025000000270000002400000016000000170000002500000020000000130000001600000021
00000014000000210000001600000012000000200000001400000027000000180000002100000016
00000014000000220000001600000021000000080000002300000016000000110000001600000017
00000019000000160000001100000020000000150000001500000016000000170000001500000017
00000012000000190000001100000010000000170000002100000011000000120000001500000011
00000023000000080000000900000018000000160000001100000017000000150000001600000023
00000014000000250000001600000012000000210000001400000012000000140000001200000012
00000010000000120000001100000016000000100000000800000014000000120000001600000016
00000013000000120000001300000013000000200000000700000009000000090000001000000010
00000013000000060000001200000013000000120000000700000014000000120000001400000009
00000009000000130000001600000013000000160000001100000011000000020000000700000014
00000008000000070000001000000011000000040000001300000012000000190000001400000009
00000013000000080000001400000005000000070000000800000012000000050000000700000014
00000012000000100000000700000013000000070000001100000012000000100000001200000007
00000010000000070000000900000012000000100000000300000008000000080000000100000005
00000018000000020000000800000006000000070000000800000007000000060000000700000009
00000007000000060000000800000010000000040000001000000014000000040000000700000006
00000007000000080000000700000008000000080000000500000004000000050000000500000008
00000006000000060000000700000009000000060000000200000005000000070000000700000009
00000007000000040000000700000009000000070000000400000005000000050000000200000009
00000006000000030000000400000003000000030000000200000003000000030000000200000009
00000004000000020000000500000002000000010000000200000001000000060000000200000003
00000003000000050000000300000004000000030000000700000003000000030000000200000002
00000001000000010000000100000005000000050000000200000002000000030000000200000002
00000002000000050000000600000002000000050000000300000004000000030000000300000003
00000002000000030000000300000004000000040000000100000003000000020000000300000004
00000004000000020000000400000004000000050000000400000003000000040000000200000003
00000000000000010000000300000005000000040000000300000003000000040000000200000002
00000004000000020000000000000005000000030000000200000002000000060000000400000002
00000001000000020000000400000004000000040000000600000001000000020000000200000004
00000006000000030000000100000000000000020000000300000001000000020000000000000005
00000001000000010000000200000003000000020000000100000000000000030000000300000002
00000002000000010000000200000001000000030000000100000001000000030000000300000001
00000001000000010000000300000002000000060000000100000004000000020000000000000003
00000003000000020000000300000001000000020000000400000004000000000000000200000000
00000000000000010000000200000002000000010000000300000002000000010000000000000001
00000003000000040000000100000002000000030000000000000002000000060000000100000003
00000002000000010000000100000001000000000000000100000002000000010000000100000001
00000001000000010000000100000001000000000000000000000001000000000000000000000000
00000002000000000000000000000000000000000000000300000001000000010000000000000001
00000001000000000000000300000000000000000000000300000000000000020000000100000000
00000001000000010000000000000001000000020000000000000001000000010000000000000000
00000005000000000000000100000001000000010000000300000001000000010000000100000001
00000000000000000000000200000001000000000000000100000000000000010000000000000001
00000001000000010000000000000000000000010000000000000001000000010000000300000001
00000002000000010000000100000000000000040000000100000002000000020000000100000001
00000000000000020000000000000000000000000000000000000000000000010000000000000003
00000001000000010000000000000000000000010000000000000000000000020000000200000001
00000001000000000000000100000000000000000000000100000001000000010000000000000000
00000001000000000000000100000001000000000000000100000000000000010000000100000001
00000001000000000000000000000002000000000000000000000000000000010000000000000001
00000000000000010000000000000000000000000000000000000001000000000000000000000002
00000000000000010000000100000000000000000000000100000000000000000000000000000001
00000000000000000000000000000000000000010000000000000000000000010000000000000001
00000000000000010000000100000000000000010000000100000000000000000000000000000000
00000000000000000000000000000002000000000000000000000000000000000000000000000000
00000000000000000000000000000000000000000000000100000001000000000000000100000000
00000000000000010000000000000000000000010000000000000001000000000000000000000001
00000000000000000000000100000000000000010000000100000001000000000000000000000000
00000000000000000000000000000000000000000000000000000000000000000000000000000000
00000000000000000000000000000000000000000000000100000000000000000000000000000000
00000000000000000000000000000000000000000000000000000000000000000000000000000000
00000000000000000000000000000001000000000000000000000000000000000000000000000000
00000001000000000000000000000000000000000000000000000000000000010000000000000000
00000000000000000000000000000000000000000000000000000000000000000000000000000000
00000000000000000000000000000000000000000000000000000001000000000000000000000000
00000000000000000000000000000000000000000000000100000000000000000000000000000000
00000000000000000000000000000000000000000000000000000000000000000000000000000000
00000000000000000000000000000000000000000000000000000001000000000000000000000000
00000000000000000000000000000000000000000000000000000000000000000000000000000000
00000000000000000000000000000000000000000000000000000002000000000000000000000000
00000000000000000000000100000000000000000000000000000000000000000000000000000001
00000000000000000000000000000000000000000000000100000000000000000000000000000000
00000001000000000000000000000001000000000000000000000001000000000000000000000000
00000000000000000000000000000000000000010000000000000000000000000000000000000000
00000000000000000000000000000001000000000000000000000000000000000000000000000000
00000000000000000000000000000000000000000000000000000000000000000000000000000000
00000000000000000000000000000000000000000000000000000000000000000000000000000000
00000001000000000000000000000000000000000000000000000000000000000000000000000000
00000000000000000000000000000000000000000000000000000000000000000000000100000000
00000000000000000000000000000000000000000000000000000000000000000000000100000000
00000000000000000000000000000000000000000000000000000000000000000000000000000000
00000000000000000000000000000000000000000000000000000000000000000000000000000000
00000000000000000000000000000000000000000000000000000000000000000000000000000000
00000000000000010000000000000000000000000000000000000000000000000000000000000000
00000000000000000000000000000000000000000000000100000000000000000000000000000000
00000000000000000000000000000000000000000000000000000000000000000000000000000000
00000000000000000000000000000000000000000000000000000000000000000000000000000000
00000000000000000000000000000000000000000000000000000000000000000000000000000000
00000000000000000000000100000000000000010000000000000000000000000000000000000000
00000000000000000000000000000000000000000000000000000000000000000000000000000000
00000000000000000000000000000000000000000000000000000000000000000000000000000001
00000000000000000000000000000000000000000000000000000000000000000000000000000000
00000000000000000000000000000000000000000000000000000000000000000000000000000000
00000000000000000000000000000000000000000000000000000000000000000000000000000000
00000000000000000000000000000000000000000000000000000000000000000000000000000000
00000000000000000000000000000000000000000000000000000000000000000000000000000000
00000000000000000000000000000000000000000000000000000000000000000000000000000000
00000000000000000000000000000000000000000000000000000000000000000000000000000000
00000000000000000000000000000000000000000000000000000000000000000000000000000000
00000000000000000000000000000000000000000000000000000000000000000000000000000000
00000000000000000000000000000000000000000000000000000000000000000000000000000000
00000000000000000000000000000000000000000000000000000000000000000000000000000000
00000000000000000000000000000000000000000000000000000000000000000000000000000000
00000000000000000000000000000000000000000000000000000000000000000000000000000000
00000000000000000000000000000000000000000000000000000000000000000000000000000000
00000000000000000000000000000000000000000000000000000000000000000000000000000000
00000000000000000000000000000000000000000000000000000000000000000000000000000000
00000000000000000000000000000000000000000000000000000000000000000000000000000000
00000000000000000000000000000000000000000000000000000000000000000000000000000000
00000000000000000000000000000000000000000000000000000000000000000000000000000000
00000000000000010000000000000000000000000000000000000000000000000000000000000000
00000000000000000000000000000000000000000000000000000000000000000000000000000000
00000000000000000000000000000000000000000000000000000000000000000000000000000000
00000000000000000000000000000000000000000000000000000000000000000000000000000000
00000000000000000000000000000000000000000000000000000000000000000000000100000000
00000000000000000000000000000000000000000000000000000000000000000000000000000000
00000000000000000000000000000000000000000000000000000000000000000000000000000000
00000000000000000000000000000000000000000000000000000000000000000000000000000000
00000000000000000000000000000000000000000000000000000000000000000000000000000000
00000000000000000000000000000000000000000000000000000000000000000000000000000000
00000000000000000000000100000000000000000000000000000000000000000000000000000000
00000000000000000000000000000000000000000000000000000000000000000000000000000000
00000000000000000000000000000000000000000000000000000000000000000000000000000000
00000000000000000000000000000000000000000000000000000000000000000000000000000000
00000000000000000000000000000000000000000000000000000000000000000000000000000000
00000000000000000000000000000000000000000000000000000000000000000000000000000000
00000000000000000000000000000000000000000000000000000000000000000000000000000000
00000000000000000000000000000000000000000000000000000000000000000000000000000000
00000000000000000000000000000000000000000000000000000000000000000000000000000000
00000000000000000000000000000000000000000000000000000000000000000000000000000000
00000000000000000000000000000000000000000000000000000000000000000000000000000000
00000000000000000000000000000000000000000000000000000000000000000000000000000000
00000000000000000000000000000000000000000000000000000000000000000000000000000000
00000000000000000000000000000000000000000000000000000000000000000000000000000000
00000000000000000000000000000000000000000000000000000000000000000000000000000000
00000000000000000000000000000000000000000000000000000000000000000000000000000000
00000000000000000000000000000000000000000000000000000000000000000000000000000000
00000000000000000000000000000000000000000000000000000000000000000000000000000000
00000000000000000000000000000000000000000000000000000000000000000000000000000000
00000000000000000000000000000000000000000000000000000000000000000000000000000000
00000000000000000000000000000000000000000000000000000000000000000000000000000000
00000000000000010000000000000000000000000000000000000000000000000000000000000000
00000000000000000000000000000000000000000000000000000000000000000000000000000000
00000000000000000000000000000000000000000000000000000000000000000000000000000000
00000000000000000000000000000000000000000000000000000000000000000000000000000000
00000000000000000000000000000000000000000000000000000000000000000000000000000000
00000000000000000000000000000000000000000000000000000000000000000000000000000000
00000000000000000000000000000000000000000000000000000000000000000000000000000000
00000000000000000000000000000000000000000000000000000000000000000000000000000000
00000000000000000000000000000000000000000000000000000000000000000000000000000000
00000000000000000000000000000000000000000000000000000000000000000000000000000000
00000000000000000000000000000000000000000000000000000000000000000000000000000000
00000000000000000000000000000000000000000000000000000000000000000000000000000000
00000000000000000000000000000000000000000000000000000000000000010000000000000000
00000000000000000000000000000000000000000000000000000000000000000000000000000000
00000000000000000000000000000000000000000000000000000000000000000000000000000000
00000000000000000000000000000000000000000000000000000000000000000000000000000000
00000000000000000000000000000000000000000000000000000000000000000000000000000000
00000000000000000000000000000000000000000000000000000000000000000000000000000000
00000000000000000000000000000000000000000000000000000000000000000000000000000000
00000000000000000000000000000000000000000000000000000000000000000000000000000000
00000000000000000000000000000000000000000000000000000000000000000000000000000000
00000000000000000000000100000000000000000000000000000000000000000000000000000000
00000000000000000000000000000000000000000000000000000000000000000000000000000000
00000000000000000000000000000000000000000000000000000000000000000000000000000000
00000000000000000000000000000000000000000000000000000000000000000000000000000000
00000000000000000000000000000000000000000000000000000000000000000000000000000000
00000000000000000000000000000000000000000000000000000000000000000000000000000000
00000000000000000000000000000000000000000000000000000000000000000000000000000000
00000000000000000000000000000000000000000000000000000000000000000000000000000000
00000000000000000000000000000000000000000000000000000000000000000000000000000000
00000000000000000000000000000000000000000000000000000000000000000000000000000000
00000000000000000000000000000000000000000000000000000000000000000000000000000000
00000000000000000000000000000000000000000000000000000000000000000000000000000000
00000000000000000000000000000000000000000000000000000000000000000000000000000000
00000000000000000000000000000000000000000000000000000000000000000000000000000000
00000000000000000000000000000000000000000000000000000000000000000000000000000000
00000000000000000000000000000000000000000000000000000000000000000000000000000000
00000000000000000000000000000000000000000000000000000000000000000000000000000000
00000000000000000000000000000000000000000000000000000000000000000000000000000000
00000000000000000000000000000000000000000000000000000000000000000000000000000000
00000000000000000000000000000000000000000000000000000000000000000000000000000000
00000000000000000000000000000000000000000000000000000000000000000000000000000000
00000000000000000000000000000000000000000000000000000000000000000000000000000000
00000000000000000000000000000000000000000000000000000000000000000000000000000000
00000000000000000000000000000000000000000000000000000000000000000000000000000000
00000000000000000000000000000000000000000000000000000000000000000000000000000000
00000000000000000000000000000000000000000000000000000000000000000000000000000000
00000000000000000000000000000000000000000000000000000000000000000000000000000000
00000000000000000000000000000000000000000000000000000000000000000000000000000000
00000000000000000000000000000000000000000000000000000000000000000000000000000000
00000000000000000000000000000000000000000000000000000000000000000000000000000000
00000000000000000000000000000000000000000000000000000000000000000000000000000000
00000000000000000000000000000000000000000000000000000000000000000000000000000000
00000000000000000000000000000000000000000000000000000000000000000000000000000000
00000000000000000000000000000000000000000000000000000000000000000000000000000000
00000000000000000000000000000000000000000000000000000000000000000000000000000000
00000000000000000000000000000000000000000000000000000000000000000000000000000000
00000000000000000000000000000000000000000000000000000000000000000000000000000000
00000000000000000000000000000000000000000000000000000000000000000000000000000000
00000000000000000000000000000000000000000000000000000000000000000000000000000000
00000000000000000000000000000000000000000000000000000000000000000000000000000000
00000000000000000000000000000000000000000000000000000000000000000000000000000000
00000000000000000000000000000000000000000000000000000000000000000000000000000000
00000000000000000000000000000000000000000000000000000000000000000000000000000000
00000000000000000000000000000000000000000000000000000000000000000000000000000000
00000000000000000000000000000000000000000000000000000000000000000000000000000000
00000000000000000000000000000000000000000000000000000000000000000000000000000000
00000000000000000000000000000000000000000000000000000000000000000000000000000000
00000000000000000000000000000000000000000000000000000000000000000000000000000000
00000000000000000000000000000000000000000000000000000000000000000000000000000000
00000000000000000000000000000000000000000000000000000000000000000000000000000000
00000000000000000000000000000000000000000000000000000000000000000000000000000000
00000000000000000000000000000000000000000000000000000000000000000000000000000000
00000000000000000000000000000000000000000000000000000000000000000000000000000000
00000000000000000000000000000000000000000000000000000000000000000000000000000000
00000000000000000000000000000000000000000000000000000000000000000000000000000000
00000000000000000000000000000000000000000000000000000000000000000000000000000000
00000000000000000000000000000000000000000000000000000000000000000000000000000000
00000000000000000000000000000000000000000000000000000000000000000000000000000000
00000000000000000000000000000000000000000000000000000000000000000000000000000000
00000000000000000000000000000000000000000000000000000000000000000000000000000000
00000000000000000000000000000000000000000000000000000000000000000000000000000000
00000000000000000000000000000000000000000000000000000000000000000000000000000000
00000000000000000000000000000000000000000000000000000000000000000000000000000000
00000000000000000000000000000000000000000000000000000000000000000000000000000000
00000000000000000000000000000000000000000000000000000000000000000000000000000000
00000000000000000000000000000000000000000000000000000000000000000000000000000000
00000000000000000000000000000000000000000000000000000000000000000000000000000000
00000000000000000000000000000000000000000000000000000000000000000000000000000000
00000000000000000000000000000000000000000000000000000000000000000000000000000000
00000000000000000000000000000000000000000000000000000000000000000000000000000000
00000000000000000000000000000000000000000000000000000000000000000000000000000000
00000000000000000000000000000000000000000000000000000000000000000000000000000000
00000000000000000000000000000000000000000000000000000000000000000000000000000000
00000000000000000000000000000000000000000000000000000000000000000000000000000000
00000000000000000000000000000000000000000000000000000000000000000000000000000000
00000000000000000000000000000000000000000000000000000000000000000000000000000000
00000000000000000000000000000000000000000000000000000000000000000000000000000000
00000000000000000000000000000000000000000000000000000000000000000000000000000000
00000000000000000000000000000000000000000000000000000000000000000000000000000000
00000000000000000000000000000000000000000000000000000000000000000000000000000000
00000000000000000000000000000000000000000000000000000000000000000000000000000000
00000000000000000000000000000000000000000000000000000000000000000000000000000000
00000000000000000000000000000000000000000000000000000000000000000000000000000000
00000000000000000000000000000000000000000000000000000000000000000000000000000000
00000000000000000000000000000000000000000000000000000000000000000000000000000000
00000000000000000000000000000000000000000000000000000000000000000000000000000000
00000000000000000000000000000000000000000000000000000000000000000000000000000000
00000000000000000000000000000000000000000000000000000000000000000000000000000000
00000000000000000000000000000000000000000000000000000000000000000000000000000000
00000000000000000000000000000000000000000000000000000000000000000000000000000000
00000000000000000000000000000000000000000000000000000000000000000000000000000000
00000000000000000000000000000000000000000000000000000000000000000000000000000000
00000000000000000000000000000000000000000000000000000000000000000000000000000000
00000000000000000000000000000000000000000000000000000000000000000000000000000000
000000000000000000000000000000000000000000000000