0  0
1  0
2  0
3  0
4  0
5  0
6  0
7  0
8  0
9  0
10  0
11  0
12  0
13  0
14  0
15  0
16  0
17  0
18  0
19  0
20  0
21  0
22  0
23  0
24  0
25  0
26  0
27  0
28  0
29  0
30  0
31  0
32  0
33  0
34  0
35  0
36  0
37  0
38  0
39  0
40  0
41  0
42  0
43  0
44  0
45  0
46  0
47  0
48  0
49  0
50  0
51  0
52  0
53  0
54  0
55  0
56  0
57  0
58  0
59  0
60  0
61  0
62  0
63  0
64  0
65  0
66  0
67  0
68  0
69  0
70  0
71  0
72  0
73  0
74  0
75  0
76  0
77  0
78  0
79  0
80  0
81  0
82  0
83  0
84  0
85  0
86  0
87  0
88  0
89  0
90  0
91  0
92  0
93  0
94  0
95  0
96  0
97  0
98  0
99  0
100  0
101  0
102  0
103  0
104  0
105  0
106  0
107  0
108  0
109  0
110  0
111  0
112  0
113  0
114  0
115  0
116  0
117  0
118  0
119  0
120  0
121  0
122  0
123  0
124  0
125  0
126  0
127  0
128  0
129  0
130  0
131  0
132  0
133  0
134  0
135  0
136  0
137  0
138  0
139  0
140  0
141  0
142  0
143  0
144  0
145  0
146  0
147  0
148  0
149  0
150  0
151  0
152  0
153  0
154  0
155  0
156  0
157  0
158  0
159  0
160  0
161  0
162  0
163  0
164  0
165  0
166  0
167  0
168  0
169  0
170  0
171  0
172  0
173  0
174  0
175  0
176  0
177  0
178  0
179  0
180  0
181  0
182  0
183  0
184  0
185  0
186  0
187  0
188  0
189  0
190  0
191  0
192  0
193  0
194  0
195  0
196  0
197  0
198  0
199  0
200  0
201  0
202  0
203  0
204  0
205  0
206  0
207  0
208  0
209  0
210  0
211  0
212  0
213  0
214  0
215  0
216  0
217  0
218  0
219  0
220  0
221  0
222  0
223  0
224  0
225  0
226  0
227  0
228  0
229  0
230  0
231  0
232  0
233  0
234  0
235  0
236  0
237  0
238  0
239  0
240  0
241  0
242  0
243  0
244  0
245  0
246  0
247  0
248  0
249  0
250  0
251  0
252  0
253  0
254  0
255  0
256  0
257  0
258  0
259  0
260  0
261  0
262  0
263  0
264  0
265  0
266  0
267  0
268  0
269  0
270  0
271  0
272  0
273  0
274  0
275  0
276  0
277  0
278  0
279  0
280  0
281  0
282  0
283  0
284  0
285  0
286  0
287  0
288  0
289  0
290  0
291  0
292  0
293  0
294  0
295  0
296  0
297  0
298  0
299  0
300  0
301  0
302  0
303  0
304  0
305  0
306  0
307  0
308  0
309  0
310  0
311  0
312  0
313  0
314  0
315  0
316  0
317  0
318  0
319  0
320  0
321  0
322  0
323  0
324  0
325  0
326  0
327  0
328  0
329  0
330  0
331  0
332  0
333  0
334  0
335  0
336  0
337  0
338  0
339  0
340  0
341  0
342  0
343  0
344  0
345  0
346  0
347  0
348  0
349  0
350  0
351  0
352  0
353  0
354  0
355  0
356  0
357  0
358  0
359  0
360  0
361  0
362  0
363  0
364  0
365  0
366  0
367  0
368  0
369  0
370  0
371  0
372  0
373  0
374  0
375  0
376  0
377  0
378  0
379  0
380  0
381  0
382  0
383  0
384  0
385  0
386  0
387  0
388  0
389  0
390  0
391  0
392  0
393  0
394  0
395  0
396  0
397  0
398  0
399  0
400  0
401  0
402  0
403  0
404  0
405  0
406  0
407  0
408  0
409  0
410  0
411  0
412  0
413  0
414  0
415  0
416  0
417  0
418  0
419  0
420  0
421  0
422  0
423  0
424  0
425  0
426  0
427  0
428  0
429  0
430  0
431  0
432  0
433  0
434  0
435  0
436  0
437  0
438  0
439  0
440  0
441  0
442  0
443  0
444  0
445  0
446  0
447  0
448  0
449  0
450  0
451  0
452  0
453  0
454  0
455  0
456  0
457  0
458  0
459  0
460  0
461  0
462  0
463  0
464  0
465  0
466  0
467  0
468  0
469  0
470  0
471  0
472  0
473  0
474  0
475  0
476  0
477  0
478  0
479  0
480  0
481  0
482  0
483  0
484  0
485  0
486  0
487  0
488  0
489  0
490  0
491  0
492  0
493  0
494  0
495  0
496  0
497  0
498  0
499  0
500  0
501  0
502  0
503  0
504  0
505  0
506  0
507  0
508  0
509  0
510  0
511  0
512  0
513  0
514  0
515  0
516  0
517  0
518  0
519  0
520  0
521  0
522  0
523  0
524  0
525  0
526  0
527  0
528  0
529  0
530  0
531  0
532  0
533  0
534  0
535  0
536  0
537  0
538  0
539  0
540  0
541  0
542  0
543  0
544  0
545  0
546  0
547  0
548  0
549  0
550  0
551  0
552  0
553  0
554  0
555  0
556  0
557  0
558  0
559  0
560  0
561  0
562  0
563  0
564  0
565  0
566  0
567  0
568  0
569  0
570  0
571  0
572  0
573  0
574  0
575  0
576  0
577  0
578  0
579  0
580  0
581  0
582  0
583  0
584  0
585  0
586  0
587  0
588  0
589  0
590  0
591  0
592  0
593  0
594  0
595  0
596  0
597  0
598  0
599  0
600  0
601  0
602  0
603  0
604  0
605  0
606  0
607  0
608  0
609  0
610  0
611  0
612  0
613  0
614  0
615  0
616  0
617  0
618  0
619  0
620  0
621  0
622  0
623  0
624  0
625  0
626  0
627  0
628  0
629  0
630  0
631  0
632  0
633  0
634  0
635  1
636  0
637  0
638  1
639  0
640  0
641  0
642  0
643  0
644  0
645  0
646  0
647  0
648  0
649  0
650  0
651  0
652  0
653  0
654  0
655  0
656  0
657  0
658  0
659  0
660  0
661  0
662  0
663  0
664  0
665  0
666  0
667  0
668  0
669  0
670  0
671  0
672  0
673  0
674  0
675  0
676  0
677  0
678  0
679  0
680  0
681  0
682  0
683  0
684  0
685  0
686  0
687  0
688  0
689  0
690  0
691  0
692  0
693  0
694  0
695  0
696  0
697  0
698  0
699  0
700  0
701  0
702  0
703  0
704  0
705  0
706  0
707  0
708  0
709  0
710  0
711  0
712  0
713  0
714  0
715  0
716  0
717  0
718  0
719  0
720  0
721  0
722  1
723  0
724  0
725  0
726  0
727  0
728  0
729  0
730  0
731  0
732  0
733  0
734  0
735  0
736  0
737  0
738  0
739  0
740  0
741  0
742  0
743  0
744  0
745  0
746  0
747  0
748  0
749  0
750  0
751  0
752  0
753  0
754  0
755  0
756  0
757  0
758  0
759  0
760  0
761  0
762  0
763  0
764  0
765  0
766  0
767  0
768  0
769  0
770  0
771  0
772  0
773  0
774  0
775  0
776  0
777  0
778  0
779  0
780  0
781  0
782  0
783  0
784  0
785  0
786  0
787  0
788  0
789  0
790  0
791  0
792  0
793  0
794  0
795  0
796  0
797  0
798  0
799  0
800  0
801  0
802  0
803  0
804  0
805  0
806  0
807  0
808  0
809  0
810  0
811  0
812  0
813  0
814  0
815  0
816  0
817  0
818  0
819  0
820  0
821  0
822  0
823  0
824  0
825  0
826  0
827  0
828  0
829  0
830  0
831  0
832  0
833  0
834  0
835  0
836  0
837  0
838  0
839  0
840  0
841  0
842  0
843  0
844  0
845  0
846  0
847  0
848  0
849  0
850  0
851  0
852  0
853  0
854  0
855  0
856  0
857  0
858  0
859  0
860  0
861  0
862  0
863  0
864  0
865  0
866  0
867  0
868  1
869  0
870  0
871  0
872  0
873  0
874  0
875  1
876  0
877  0
878  0
879  0
880  0
881  0
882  0
883  0
884  0
885  0
886  0
887  0
888  0
889  0
890  0
891  0
892  0
893  0
894  0
895  0
896  0
897  0
898  0
899  0
900  0
901  0
902  0
903  0
904  0
905  0
906  0
907  0
908  0
909  0
910  0
911  0
912  0
913  0
914  0
915  0
916  0
917  0
918  0
919  0
920  0
921  0
922  0
923  0
924  0
925  0
926  0
927  0
928  0
929  0
930  0
931  0
932  0
933  0
934  0
935  0
936  0
937  0
938  0
939  0
940  0
941  0
942  0
943  0
944  0
945  0
946  0
947  0
948  0
949  0
950  0
951  0
952  0
953  0
954  0
955  0
956  0
957  0
958  0
959  0
960  0
961  0
962  0
963  0
964  0
965  0
966  0
967  0
968  0
969  0
970  0
971  0
972  0
973  0
974  0
975  0
976  0
977  0
978  0
979  0
980  0
981  0
982  0
983  0
984  0
985  0
986  0
987  0
988  0
989  0
990  0
991  0
992  0
993  0
994  0
995  0
996  0
997  1
998  0
999  0
1000  0
1001  0
1002  0
1003  0
1004  0
1005  0
1006  1
1007  0
1008  0
1009  0
1010  1
1011  0
1012  0
1013  0
1014  0
1015  0
1016  0
1017  0
1018  0
1019  0
1020  0
1021  0
1022  0
1023  0
1024  0
1025  0
1026  0
1027  0
1028  0
1029  0
1030  0
1031  0
1032  0
1033  0
1034  0
1035  0
1036  0
1037  0
1038  0
1039  0
1040  1
1041  0
1042  0
1043  0
1044  0
1045  0
1046  0
1047  0
1048  0
1049  0
1050  0
1051  0
1052  0
1053  0
1054  0
1055  0
1056  0
1057  0
1058  0
1059  0
1060  0
1061  1
1062  0
1063  0
1064  0
1065  0
1066  0
1067  0
1068  0
1069  0
1070  0
1071  0
1072  0
1073  0
1074  0
1075  0
1076  0
1077  0
1078  0
1079  0
1080  0
1081  0
1082  0
1083  0
1084  0
1085  0
1086  0
1087  0
1088  0
1089  0
1090  0
1091  0
1092  0
1093  0
1094  0
1095  0
1096  0
1097  0
1098  1
1099  0
1100  0
1101  0
1102  0
1103  0
1104  0
1105  0
1106  0
1107  0
1108  0
1109  0
1110  0
1111  0
1112  0
1113  0
1114  0
1115  0
1116  0
1117  0
1118  0
1119  0
1120  0
1121  0
1122  1
1123  0
1124  0
1125  0
1126  0
1127  0
1128  0
1129  0
1130  0
1131  0
1132  0
1133  0
1134  0
1135  0
1136  0
1137  0
1138  0
1139  0
1140  0
1141  0
1142  0
1143  0
1144  0
1145  0
1146  0
1147  0
1148  0
1149  0
1150  0
1151  0
1152  0
1153  0
1154  0
1155  0
1156  1
1157  0
1158  0
1159  0
1160  0
1161  0
1162  0
1163  0
1164  0
1165  0
1166  0
1167  0
1168  0
1169  0
1170  0
1171  0
1172  0
1173  0
1174  0
1175  0
1176  0
1177  0
1178  0
1179  0
1180  1
1181  1
1182  0
1183  0
1184  0
1185  0
1186  0
1187  0
1188  0
1189  0
1190  0
1191  0
1192  0
1193  0
1194  0
1195  0
1196  0
1197  0
1198  0
1199  0
1200  1
1201  0
1202  0
1203  0
1204  0
1205  0
1206  0
1207  0
1208  0
1209  0
1210  0
1211  0
1212  0
1213  0
1214  0
1215  0
1216  0
1217  0
1218  0
1219  0
1220  0
1221  0
1222  0
1223  0
1224  0
1225  0
1226  0
1227  0
1228  0
1229  0
1230  0
1231  0
1232  0
1233  0
1234  0
1235  0
1236  0
1237  0
1238  0
1239  0
1240  0
1241  0
1242  0
1243  0
1244  0
1245  1
1246  0
1247  0
1248  1
1249  0
1250  1
1251  0
1252  0
1253  0
1254  0
1255  0
1256  0
1257  0
1258  0
1259  0
1260  0
1261  0
1262  0
1263  0
1264  0
1265  0
1266  0
1267  0
1268  0
1269  0
1270  0
1271  1
1272  0
1273  0
1274  0
1275  0
1276  0
1277  0
1278  0
1279  0
1280  0
1281  0
1282  0
1283  1
1284  0
1285  0
1286  0
1287  0
1288  0
1289  0
1290  0
1291  0
1292  0
1293  0
1294  0
1295  0
1296  0
1297  0
1298  1
1299  0
1300  0
1301  0
1302  0
1303  0
1304  0
1305  1
1306  0
1307  0
1308  0
1309  0
1310  0
1311  0
1312  0
1313  0
1314  0
1315  0
1316  1
1317  0
1318  0
1319  0
1320  0
1321  0
1322  0
1323  0
1324  0
1325  0
1326  0
1327  0
1328  0
1329  0
1330  0
1331  0
1332  1
1333  0
1334  0
1335  0
1336  0
1337  0
1338  0
1339  0
1340  0
1341  0
1342  0
1343  0
1344  0
1345  0
1346  0
1347  0
1348  0
1349  0
1350  0
1351  0
1352  0
1353  0
1354  1
1355  0
1356  0
1357  0
1358  0
1359  0
1360  0
1361  0
1362  0
1363  0
1364  0
1365  0
1366  0
1367  0
1368  0
1369  0
1370  0
1371  1
1372  0
1373  0
1374  0
1375  0
1376  0
1377  0
1378  0
1379  0
1380  0
1381  0
1382  0
1383  0
1384  0
1385  0
1386  0
1387  0
1388  0
1389  0
1390  0
1391  0
1392  0
1393  0
1394  0
1395  0
1396  1
1397  0
1398  0
1399  0
1400  0
1401  0
1402  1
1403  0
1404  0
1405  1
1406  0
1407  0
1408  0
1409  0
1410  0
1411  1
1412  0
1413  0
1414  0
1415  1
1416  0
1417  0
1418  0
1419  0
1420  0
1421  0
1422  0
1423  0
1424  0
1425  0
1426  1
1427  0
1428  0
1429  0
1430  0
1431  0
1432  0
1433  0
1434  0
1435  2
1436  0
1437  0
1438  1
1439  0
1440  0
1441  0
1442  0
1443  1
1444  0
1445  0
1446  1
1447  0
1448  1
1449  1
1450  0
1451  0
1452  0
1453  1
1454  1
1455  1
1456  0
1457  1
1458  0
1459  2
1460  3
1461  3
1462  2
1463  2
1464  1
1465  0
1466  0
1467  2
1468  0
1469  1
1470  3
1471  2
1472  0
1473  3
1474  3
1475  4
1476  2
1477  0
1478  2
1479  3
1480  4
1481  3
1482  3
1483  2
1484  1
1485  2
1486  0
1487  3
1488  4
1489  4
1490  2
1491  8
1492  9
1493  3
1494  4
1495  9
1496  6
1497  6
1498  10
1499  10
1500  7
1501  14
1502  10
1503  6
1504  6
1505  11
1506  6
1507  8
1508  13
1509  12
1510  10
1511  10
1512  15
1513  14
1514  24
1515  28
1516  28
1517  18
1518  12
1519  19
1520  23
1521  23
1522  25
1523  35
1524  30
1525  24
1526  36
1527  35
1528  37
1529  28
1530  41
1531  26
1532  39
1533  55
1534  36
1535  39
1536  39
1537  53
1538  53
1539  37
1540  37
1541  50
1542  53
1543  47
1544  47
1545  66
1546  60
1547  60
1548  70
1549  80
1550  82
1551  78
1552  73
1553  93
1554  88
1555  97
1556  100
1557  97
1558  104
1559  120
1560  128
1561  115
1562  115
1563  128
1564  103
1565  120
1566  130
1567  159
1568  163
1569  155
1570  159
1571  144
1572  154
1573  156
1574  169
1575  161
1576  182
1577  177
1578  211
1579  204
1580  231
1581  226
1582  220
1583  220
1584  227
1585  248
1586  228
1587  243
1588  265
1589  277
1590  274
1591  256
1592  294
1593  288
1594  284
1595  284
1596  316
1597  332
1598  319
1599  344
1600  324
1601  359
1602  370
1603  346
1604  393
1605  403
1606  377
1607  351
1608  369
1609  353
1610  433
1611  413
1612  397
1613  372
1614  391
1615  384
1616  426
1617  419
1618  392
1619  370
1620  396
1621  421
1622  376
1623  413
1624  394
1625  363
1626  368
1627  369
1628  352
1629  368
1630  381
1631  344
1632  339
1633  346
1634  311
1635  324
1636  325
1637  322
1638  287
1639  309
1640  311
1641  290
1642  288
1643  247
1644  266
1645  238
1646  255
1647  220
1648  241
1649  237
1650  233
1651  210
1652  181
1653  200
1654  173
1655  163
1656  156
1657  193
1658  165
1659  140
1660  143
1661  133
1662  138
1663  128
1664  122
1665  119
1666  113
1667  130
1668  103
1669  105
1670  105
1671  87
1672  100
1673  85
1674  78
1675  92
1676  76
1677  76
1678  58
1679  69
1680  66
1681  62
1682  51
1683  62
1684  58
1685  47
1686  41
1687  42
1688  43
1689  38
1690  40
1691  40
1692  35
1693  33
1694  25
1695  40
1696  41
1697  32
1698  32
1699  21
1700  27
1701  22
1702  20
1703  30
1704  23
1705  16
1706  16
1707  21
1708  14
1709  18
1710  16
1711  14
1712  22
1713  20
1714  23
1715  12
1716  14
1717  14
1718  7
1719  13
1720  8
1721  15
1722  10
1723  8
1724  13
1725  9
1726  9
1727  8
1728  11
1729  8
1730  7
1731  8
1732  9
1733  4
1734  5
1735  12
1736  5
1737  12
1738  2
1739  9
1740  5
1741  4
1742  6
1743  5
1744  1
1745  7
1746  2
1747  8
1748  4
1749  7
1750  4
1751  5
1752  3
1753  4
1754  6
1755  7
1756  4
1757  5
1758  9
1759  6
1760  1
1761  6
1762  6
1763  1
1764  5
1765  6
1766  2
1767  4
1768  4
1769  3
1770  4
1771  2
1772  2
1773  2
1774  2
1775  3
1776  7
1777  1
1778  2
1779  3
1780  1
1781  2
1782  5
1783  11
1784  6
1785  2
1786  5
1787  3
1788  2
1789  4
1790  4
1791  3
1792  5
1793  7
1794  3
1795  7
1796  5
1797  1
1798  7
1799  6
1800  3
1801  5
1802  2
1803  6
1804  7
1805  4
1806  6
1807  2
1808  6
1809  6
1810  4
1811  12
1812  10
1813  7
1814  7
1815  4
1816  6
1817  7
1818  5
1819  9
1820  5
1821  7
1822  2
1823  7
1824  3
1825  10
1826  8
1827  15
1828  9
1829  7
1830  6
1831  7
1832  7
1833  13
1834  10
1835  9
1836  15
1837  10
1838  12
1839  13
1840  14
1841  11
1842  14
1843  23
1844  19
1845  14
1846  16
1847  21
1848  14
1849  15
1850  17
1851  23
1852  18
1853  19
1854  32
1855  22
1856  25
1857  31
1858  20
1859  35
1860  26
1861  22
1862  33
1863  37
1864  36
1865  36
1866  36
1867  30
1868  41
1869  32
1870  39
1871  53
1872  42
1873  54
1874  35
1875  44
1876  46
1877  43
1878  59
1879  51
1880  54
1881  63
1882  49
1883  63
1884  65
1885  63
1886  68
1887  71
1888  72
1889  70
1890  82
1891  74
1892  66
1893  91
1894  79
1895  90
1896  81
1897  100
1898  115
1899  106
1900  101
1901  96
1902  118
1903  102
1904  117
1905  98
1906  118
1907  106
1908  126
1909  130
1910  146
1911  147
1912  139
1913  140
1914  126
1915  146
1916  142
1917  154
1918  147
1919  167
1920  170
1921  175
1922  154
1923  161
1924  197
1925  182
1926  175
1927  162
1928  198
1929  186
1930  194
1931  201
1932  194
1933  195
1934  215
1935  196
1936  260
1937  221
1938  209
1939  202
1940  242
1941  212
1942  218
1943  248
1944  239
1945  212
1946  236
1947  226
1948  213
1949  210
1950  220
1951  236
1952  229
1953  260
1954  225
1955  228
1956  245
1957  267
1958  257
1959  253
1960  253
1961  255
1962  241
1963  226
1964  271
1965  251
1966  266
1967  275
1968  255
1969  264
1970  274
1971  254
1972  250
1973  271
1974  308
1975  286
1976  247
1977  258
1978  258
1979  299
1980  255
1981  287
1982  259
1983  279
1984  285
1985  320
1986  296
1987  282
1988  332
1989  237
1990  298
1991  292
1992  296
1993  306
1994  263
1995  314
1996  287
1997  308
1998  289
1999  285
2000  254
2001  267
2002  277
2003  296
2004  284
2005  308
2006  276
2007  312
2008  256
2009  273
2010  277
2011  283
2012  274
2013  280
2014  268
2015  276
2016  269
2017  281
2018  255
2019  256
2020  269
2021  264
2022  272
2023  274
2024  260
2025  297
2026  285
2027  252
2028  249
2029  281
2030  255
2031  277
2032  256
2033  262
2034  294
2035  261
2036  267
2037  256
2038  237
2039  300
2040  248
2041  240
2042  262
2043  219
2044  228
2045  237
2046  235
2047  252
2048  262
2049  231
2050  232
2051  226
2052  227
2053  243
2054  236
2055  230
2056  241
2057  230
2058  254
2059  222
2060  218
2061  236
2062  257
2063  220
2064  241
2065  228
2066  269
2067  226
2068  215
2069  209
2070  223
2071  224
2072  217
2073  205
2074  204
2075  220
2076  185
2077  212
2078  192
2079  186
2080  214
2081  206
2082  216
2083  199
2084  199
2085  180
2086  214
2087  207
2088  182
2089  219
2090  196
2091  180
2092  191
2093  194
2094  169
2095  190
2096  210
2097  187
2098  170
2099  195
2100  178
2101  174
2102  164
2103  169
2104  179
2105  186
2106  146
2107  144
2108  169
2109  161
2110  160
2111  176
2112  163
2113  163
2114  169
2115  185
2116  174
2117  168
2118  149
2119  169
2120  143
2121  173
2122  159
2123  171
2124  137
2125  140
2126  158
2127  142
2128  156
2129  139
2130  144
2131  142
2132  142
2133  136
2134  142
2135  125
2136  149
2137  120
2138  136
2139  143
2140  133
2141  131
2142  127
2143  140
2144  125
2145  149
2146  128
2147  120
2148  126
2149  110
2150  121
2151  98
2152  116
2153  134
2154  106
2155  115
2156  99
2157  106
2158  117
2159  109
2160  108
2161  93
2162  111
2163  109
2164  103
2165  101
2166  98
2167  101
2168  98
2169  125
2170  99
2171  111
2172  104
2173  92
2174  108
2175  112
2176  98
2177  94
2178  93
2179  95
2180  81
2181  92
2182  92
2183  80
2184  71
2185  87
2186  96
2187  104
2188  80
2189  93
2190  85
2191  86
2192  74
2193  86
2194  92
2195  84
2196  72
2197  74
2198  85
2199  63
2200  86
2201  102
2202  63
2203  85
2204  90
2205  73
2206  61
2207  74
2208  71
2209  69
2210  53
2211  70
2212  59
2213  69
2214  79
2215  69
2216  82
2217  82
2218  63
2219  58
2220  52
2221  65
2222  58
2223  51
2224  73
2225  66
2226  65
2227  64
2228  60
2229  52
2230  59
2231  45
2232  68
2233  59
2234  55
2235  60
2236  56
2237  53
2238  55
2239  53
2240  54
2241  56
2242  48
2243  46
2244  63
2245  54
2246  31
2247  57
2248  44
2249  41
2250  55
2251  49
2252  42
2253  55
2254  42
2255  34
2256  37
2257  45
2258  43
2259  37
2260  44
2261  37
2262  40
2263  51
2264  38
2265  42
2266  43
2267  42
2268  41
2269  38
2270  34
2271  35
2272  28
2273  35
2274  47
2275  31
2276  46
2277  47
2278  39
2279  28
2280  39
2281  39
2282  30
2283  33
2284  32
2285  42
2286  29
2287  36
2288  28
2289  28
2290  26
2291  28
2292  33
2293  40
2294  29
2295  27
2296  39
2297  30
2298  29
2299  28
2300  37
2301  29
2302  28
2303  39
2304  31
2305  30
2306  26
2307  31
2308  34
2309  27
2310  32
2311  26
2312  29
2313  35
2314  24
2315  25
2316  21
2317  30
2318  29
2319  23
2320  23
2321  25
2322  21
2323  19
2324  26
2325  22
2326  34
2327  28
2328  25
2329  30
2330  21
2331  28
2332  21
2333  21
2334  15
2335  21
2336  18
2337  21
2338  19
2339  23
2340  33
2341  23
2342  17
2343  26
2344  15
2345  18
2346  14
2347  17
2348  23
2349  20
2350  17
2351  19
2352  22
2353  18
2354  17
2355  17
2356  17
2357  12
2358  20
2359  13
2360  13
2361  14
2362  20
2363  18
2364  13
2365  16
2366  20
2367  13
2368  18
2369  16
2370  15
2371  12
2372  9
2373  13
2374  13
2375  15
2376  8
2377  12
2378  13
2379  10
2380  15
2381  15
2382  16
2383  8
2384  21
2385  21
2386  9
2387  16
2388  11
2389  9
2390  14
2391  7
2392  12
2393  11
2394  9
2395  13
2396  19
2397  11
2398  17
2399  12
2400  14
2401  9
2402  9
2403  12
2404  10
2405  14
2406  12
2407  10
2408  13
2409  10
2410  14
2411  7
2412  8
2413  17
2414  10
2415  9
2416  7
2417  10
2418  10
2419  8
2420  12
2421  9
2422  8
2423  5
2424  6
2425  11
2426  12
2427  6
2428  8
2429  10
2430  14
2431  6
2432  10
2433  13
2434  16
2435  13
2436  8
2437  7
2438  13
2439  3
2440  4
2441  10
2442  4
2443  11
2444  6
2445  8
2446  8
2447  9
2448  7
2449  7
2450  8
2451  5
2452  7
2453  14
2454  8
2455  4
2456  8
2457  5
2458  5
2459  12
2460  8
2461  7
2462  3
2463  9
2464  3
2465  10
2466  4
2467  8
2468  9
2469  8
2470  10
2471  7
2472  4
2473  10
2474  5
2475  7
2476  6
2477  8
2478  7
2479  5
2480  3
2481  5
2482  4
2483  8
2484  3
2485  8
2486  9
2487  4
2488  6
2489  8
2490  5
2491  3
2492  2
2493  2
2494  1
2495  11
2496  5
2497  3
2498  7
2499  3
2500  4
2501  8
2502  10
2503  7
2504  7
2505  1
2506  5
2507  3
2508  5
2509  3
2510  4
2511  6
2512  6
2513  4
2514  3
2515  4
2516  5
2517  3
2518  1
2519  4
2520  1
2521  5
2522  5
2523  6
2524  6
2525  4
2526  7
2527  3
2528  6
2529  5
2530  2
2531  0
2532  6
2533  5
2534  1
2535  5
2536  3
2537  3
2538  1
2539  3
2540  2
2541  5
2542  6
2543  3
2544  4
2545  2
2546  5
2547  5
2548  2
2549  5
2550  2
2551  7
2552  4
2553  4
2554  4
2555  8
2556  2
2557  1
2558  2
2559  3
2560  2
2561  1
2562  3
2563  3
2564  1
2565  5
2566  0
2567  4
2568  2
2569  6
2570  2
2571  1
2572  3
2573  3
2574  1
2575  2
2576  1
2577  1
2578  1
2579  3
2580  2
2581  4
2582  3
2583  3
2584  3
2585  1
2586  4
2587  3
2588  3
2589  3
2590  1
2591  0
2592  2
2593  1
2594  2
2595  1
2596  2
2597  3
2598  1
2599  1
2600  3
2601  3
2602  1
2603  5
2604  1
2605  4
2606  1
2607  0
2608  2
2609  2
2610  0
2611  1
2612  3
2613  1
2614  2
2615  3
2616  3
2617  3
2618  1
2619  2
2620  0
2621  3
2622  1
2623  5
2624  2
2625  5
2626  0
2627  2
2628  2
2629  2
2630  1
2631  3
2632  3
2633  4
2634  0
2635  1
2636  1
2637  2
2638  2
2639  3
2640  0
2641  1
2642  3
2643  1
2644  2
2645  1
2646  2
2647  3
2648  1
2649  2
2650  0
2651  2
2652  1
2653  0
2654  2
2655  1
2656  1
2657  1
2658  1
2659  2
2660  0
2661  2
2662  1
2663  2
2664  0
2665  0
2666  0
2667  1
2668  2
2669  2
2670  0
2671  0
2672  4
2673  2
2674  0
2675  3
2676  2
2677  1
2678  2
2679  0
2680  0
2681  2
2682  1
2683  1
2684  1
2685  2
2686  1
2687  1
2688  0
2689  2
2690  0
2691  0
2692  1
2693  2
2694  0
2695  4
2696  3
2697  1
2698  0
2699  2
2700  0
2701  5
2702  2
2703  1
2704  3
2705  3
2706  0
2707  1
2708  2
2709  0
2710  2
2711  2
2712  2
2713  0
2714  0
2715  1
2716  2
2717  1
2718  0
2719  0
2720  1
2721  0
2722  0
2723  2
2724  1
2725  1
2726  0
2727  0
2728  3
2729  0
2730  1
2731  0
2732  0
2733  0
2734  0
2735  1
2736  0
2737  2
2738  0
2739  1
2740  0
2741  0
2742  2
2743  0
2744  0
2745  1
2746  2
2747  0
2748  0
2749  1
2750  0
2751  2
2752  0
2753  2
2754  2
2755  0
2756  0
2757  1
2758  0
2759  1
2760  2
2761  0
2762  0
2763  0
2764  1
2765  1
2766  1
2767  0
2768  0
2769  0
2770  0
2771  2
2772  0
2773  0
2774  0
2775  1
2776  1
2777  0
2778  0
2779  3
2780  0
2781  1
2782  0
2783  0
2784  0
2785  0
2786  0
2787  1
2788  1
2789  1
2790  0
2791  0
2792  1
2793  0
2794  0
2795  0
2796  0
2797  0
2798  0
2799  0
2800  1
2801  0
2802  0
2803  0
2804  0
2805  0
2806  0
2807  0
2808  0
2809  0
2810  1
2811  0
2812  1
2813  1
2814  0
2815  0
2816  0
2817  0
2818  0
2819  0
2820  1
2821  0
2822  1
2823  0
2824  0
2825  0
2826  0
2827  0
2828  1
2829  0
2830  1
2831  1
2832  0
2833  1
2834  0
2835  1
2836  2
2837  0
2838  0
2839  0
2840  0
2841  0
2842  0
2843  0
2844  0
2845  1
2846  4
2847  0
2848  0
2849  0
2850  0
2851  1
2852  1
2853  0
2854  0
2855  2
2856  0
2857  0
2858  0
2859  1
2860  0
2861  0
2862  0
2863  1
2864  1
2865  0
2866  0
2867  0
2868  1
2869  0
2870  0
2871  1
2872  0
2873  0
2874  0
2875  1
2876  0
2877  0
2878  0
2879  1
2880  0
2881  0
2882  0
2883  1
2884  0
2885  1
2886  0
2887  0
2888  0
2889  0
2890  0
2891  1
2892  0
2893  0
2894  0
2895  0
2896  0
2897  1
2898  0
2899  0
2900  0
2901  1
2902  1
2903  0
2904  0
2905  0
2906  0
2907  0
2908  0
2909  0
2910  0
2911  0
2912  0
2913  0
2914  0
2915  1
2916  0
2917  0
2918  1
2919  1
2920  0
2921  0
2922  2
2923  0
2924  0
2925  0
2926  0
2927  0
2928  0
2929  0
2930  0
2931  0
2932  0
2933  0
2934  0
2935  0
2936  0
2937  0
2938  0
2939  1
2940  0
2941  0
2942  0
2943  0
2944  1
2945  0
2946  0
2947  0
2948  0
2949  0
2950  0
2951  0
2952  1
2953  0
2954  0
2955  0
2956  1
2957  0
2958  1
2959  0
2960  0
2961  0
2962  1
2963  0
2964  1
2965  1
2966  0
2967  0
2968  0
2969  1
2970  0
2971  0
2972  0
2973  1
2974  0
2975  0
2976  0
2977  0
2978  0
2979  1
2980  0
2981  0
2982  0
2983  1
2984  0
2985  0
2986  0
2987  0
2988  2
2989  0
2990  1
2991  0
2992  0
2993  0
2994  0
2995  0
2996  2
2997  0
2998  0
2999  0
3000  1
3001  0
3002  0
3003  0
3004  0
3005  0
3006  0
3007  0
3008  0
3009  0
3010  0
3011  0
3012  0
3013  0
3014  0
3015  0
3016  1
3017  0
3018  0
3019  0
3020  0
3021  0
3022  0
3023  0
3024  0
3025  0
3026  0
3027  0
3028  0
3029  0
3030  0
3031  0
3032  0
3033  0
3034  0
3035  1
3036  0
3037  0
3038  0
3039  0
3040  0
3041  0
3042  0
3043  0
3044  0
3045  0
3046  0
3047  0
3048  0
3049  0
3050  0
3051  0
3052  1
3053  1
3054  1
3055  0
3056  0
3057  0
3058  0
3059  0
3060  0
3061  0
3062  0
3063  0
3064  1
3065  0
3066  0
3067  0
3068  0
3069  0
3070  0
3071  0
3072  0
3073  0
3074  0
3075  0
3076  0
3077  0
3078  0
3079  0
3080  0
3081  0
3082  0
3083  0
3084  0
3085  0
3086  0
3087  0
3088  0
3089  0
3090  0
3091  0
3092  1
3093  0
3094  0
3095  0
3096  0
3097  0
3098  0
3099  0
3100  0
3101  0
3102  1
3103  0
3104  0
3105  0
3106  0
3107  0
3108  0
3109  0
3110  0
3111  1
3112  0
3113  0
3114  0
3115  0
3116  0
3117  1
3118  0
3119  0
3120  0
3121  0
3122  0
3123  1
3124  0
3125  1
3126  0
3127  0
3128  0
3129  0
3130  0
3131  0
3132  0
3133  0
3134  0
3135  0
3136  0
3137  0
3138  0
3139  0
3140  0
3141  0
3142  0
3143  0
3144  0
3145  0
3146  0
3147  0
3148  0
3149  0
3150  0
3151  0
3152  0
3153  0
3154  0
3155  0
3156  0
3157  0
3158  0
3159  0
3160  0
3161  0
3162  1
3163  0
3164  0
3165  0
3166  0
3167  0
3168  0
3169  0
3170  0
3171  0
3172  0
3173  0
3174  0
3175  0
3176  0
3177  0
3178  0
3179  0
3180  0
3181  0
3182  0
3183  0
3184  0
3185  0
3186  0
3187  0
3188  0
3189  1
3190  0
3191  0
3192  0
3193  0
3194  0
3195  0
3196  0
3197  0
3198  0
3199  0
3200  0
3201  0
3202  0
3203  1
3204  0
3205  1
3206  0
3207  1
3208  0
3209  0
3210  0
3211  0
3212  0
3213  0
3214  0
3215  0
3216  0
3217  1
3218  0
3219  0
3220  0
3221  0
3222  0
3223  0
3224  0
3225  0
3226  0
3227  0
3228  0
3229  0
3230  0
3231  0
3232  0
3233  0
3234  0
3235  0
3236  1
3237  0
3238  0
3239  0
3240  1
3241  0
3242  0
3243  0
3244  0
3245  0
3246  0
3247  0
3248  0
3249  0
3250  0
3251  0
3252  0
3253  0
3254  0
3255  0
3256  0
3257  0
3258  0
3259  0
3260  0
3261  1
3262  0
3263  0
3264  0
3265  0
3266  0
3267  0
3268  0
3269  0
3270  0
3271  1
3272  0
3273  0
3274  0
3275  0
3276  0
3277  0
3278  0
3279  0
3280  0
3281  0
3282  0
3283  1
3284  0
3285  0
3286  0
3287  0
3288  1
3289  0
3290  0
3291  0
3292  0
3293  0
3294  0
3295  0
3296  0
3297  0
3298  1
3299  0
3300  0
3301  0
3302  0
3303  0
3304  0
3305  0
3306  1
3307  0
3308  0
3309  0
3310  0
3311  0
3312  0
3313  0
3314  0
3315  1
3316  0
3317  0
3318  0
3319  0
3320  0
3321  0
3322  0
3323  0
3324  0
3325  0
3326  0
3327  0
3328  0
3329  0
3330  0
3331  0
3332  0
3333  0
3334  0
3335  0
3336  0
3337  0
3338  0
3339  1
3340  0
3341  0
3342  0
3343  0
3344  0
3345  0
3346  1
3347  0
3348  0
3349  0
3350  0
3351  0
3352  0
3353  0
3354  0
3355  0
3356  0
3357  1
3358  0
3359  0
3360  0
3361  0
3362  0
3363  0
3364  0
3365  0
3366  0
3367  0
3368  0
3369  0
3370  0
3371  0
3372  1
3373  0
3374  0
3375  0
3376  0
3377  0
3378  0
3379  0
3380  0
3381  0
3382  0
3383  0
3384  0
3385  0
3386  0
3387  0
3388  0
3389  0
3390  0
3391  0
3392  0
3393  0
3394  0
3395  0
3396  0
3397  0
3398  0
3399  0
3400  0
3401  0
3402  0
3403  0
3404  0
3405  0
3406  0
3407  2
3408  0
3409  0
3410  0
3411  0
3412  0
3413  0
3414  0
3415  0
3416  0
3417  0
3418  0
3419  0
3420  0
3421  0
3422  0
3423  0
3424  0
3425  0
3426  0
3427  0
3428  0
3429  0
3430  0
3431  0
3432  0
3433  0
3434  0
3435  0
3436  0
3437  0
3438  0
3439  0
3440  0
3441  0
3442  0
3443  0
3444  0
3445  0
3446  0
3447  0
3448  0
3449  0
3450  0
3451  0
3452  0
3453  0
3454  0
3455  0
3456  0
3457  0
3458  0
3459  0
3460  0
3461  0
3462  0
3463  0
3464  0
3465  0
3466  0
3467  0
3468  1
3469  0
3470  0
3471  1
3472  0
3473  0
3474  0
3475  0
3476  0
3477  0
3478  0
3479  0
3480  0
3481  0
3482  0
3483  0
3484  0
3485  0
3486  0
3487  0
3488  0
3489  0
3490  0
3491  0
3492  0
3493  0
3494  0
3495  0
3496  0
3497  0
3498  0
3499  0
3500  0
3501  0
3502  0
3503  0
3504  0
3505  0
3506  1
3507  0
3508  0
3509  0
3510  0
3511  0
3512  0
3513  0
3514  0
3515  0
3516  1
3517  0
3518  0
3519  0
3520  0
3521  0
3522  0
3523  0
3524  0
3525  0
3526  0
3527  0
3528  0
3529  0
3530  0
3531  0
3532  0
3533  0
3534  0
3535  0
3536  0
3537  0
3538  0
3539  0
3540  0
3541  0
3542  0
3543  0
3544  0
3545  0
3546  0
3547  0
3548  0
3549  0
3550  0
3551  0
3552  0
3553  0
3554  0
3555  0
3556  1
3557  0
3558  0
3559  0
3560  0
3561  0
3562  0
3563  0
3564  1
3565  0
3566  0
3567  0
3568  0
3569  0
3570  0
3571  0
3572  0
3573  0
3574  0
3575  0
3576  0
3577  0
3578  0
3579  0
3580  0
3581  0
3582  0
3583  0
3584  0
3585  0
3586  0
3587  0
3588  0
3589  0
3590  0
3591  0
3592  0
3593  0
3594  0
3595  0
3596  0
3597  0
3598  0
3599  0
3600  0
3601  1
3602  0
3603  0
3604  0
3605  0
3606  0
3607  0
3608  2
3609  0
3610  0
3611  0
3612  0
3613  0
3614  0
3615  0
3616  0
3617  0
3618  0
3619  0
3620  0
3621  0
3622  0
3623  1
3624  0
3625  0
3626  0
3627  0
3628  0
3629  0
3630  0
3631  0
3632  0
3633  0
3634  0
3635  0
3636  0
3637  0
3638  0
3639  0
3640  0
3641  0
3642  0
3643  0
3644  0
3645  0
3646  0
3647  0
3648  0
3649  0
3650  0
3651  0
3652  0
3653  0
3654  0
3655  0
3656  0
3657  0
3658  0
3659  0
3660  0
3661  0
3662  0
3663  0
3664  0
3665  0
3666  0
3667  0
3668  0
3669  0
3670  0
3671  0
3672  0
3673  0
3674  0
3675  0
3676  0
3677  0
3678  0
3679  0
3680  0
3681  0
3682  0
3683  0
3684  0
3685  0
3686  0
3687  0
3688  0
3689  0
3690  0
3691  0
3692  0
3693  0
3694  1
3695  0
3696  0
3697  0
3698  0
3699  0
3700  0
3701  0
3702  0
3703  0
3704  0
3705  0
3706  0
3707  0
3708  0
3709  0
3710  0
3711  0
3712  0
3713  0
3714  0
3715  1
3716  0
3717  0
3718  0
3719  0
3720  0
3721  0
3722  0
3723  0
3724  1
3725  0
3726  0
3727  0
3728  0
3729  0
3730  0
3731  0
3732  0
3733  0
3734  0
3735  0
3736  0
3737  0
3738  0
3739  0
3740  0
3741  0
3742  0
3743  0
3744  0
3745  0
3746  0
3747  0
3748  0
3749  0
3750  0
3751  0
3752  0
3753  0
3754  0
3755  0
3756  0
3757  0
3758  0
3759  0
3760  0
3761  0
3762  0
3763  0
3764  0
3765  0
3766  0
3767  0
3768  0
3769  0
3770  0
3771  0
3772  0
3773  0
3774  0
3775  0
3776  0
3777  0
3778  0
3779  0
3780  0
3781  0
3782  0
3783  0
3784  0
3785  1
3786  0
3787  0
3788  0
3789  0
3790  0
3791  0
3792  0
3793  0
3794  0
3795  0
3796  0
3797  0
3798  0
3799  0
3800  0
3801  0
3802  0
3803  0
3804  0
3805  0
3806  0
3807  0
3808  0
3809  0
3810  0
3811  0
3812  0
3813  0
3814  0
3815  0
3816  0
3817  0
3818  0
3819  0
3820  0
3821  0
3822  0
3823  0
3824  0
3825  0
3826  0
3827  0
3828  0
3829  0
3830  0
3831  0
3832  0
3833  0
3834  0
3835  0
3836  0
3837  1
3838  0
3839  0
3840  0
3841  0
3842  0
3843  0
3844  0
3845  0
3846  0
3847  0
3848  0
3849  0
3850  0
3851  0
3852  0
3853  0
3854  0
3855  0
3856  0
3857  0
3858  0
3859  0
3860  0
3861  0
3862  0
3863  0
3864  0
3865  0
3866  0
3867  0
3868  0
3869  0
3870  0
3871  0
3872  0
3873  0
3874  0
3875  0
3876  0
3877  0
3878  0
3879  0
3880  0
3881  0
3882  0
3883  0
3884  0
3885  0
3886  0
3887  0
3888  0
3889  0
3890  0
3891  0
3892  0
3893  0
3894  0
3895  0
3896  0
3897  0
3898  0
3899  0
3900  0
3901  0
3902  0
3903  0
3904  0
3905  0
3906  0
3907  0
3908  0
3909  0
3910  0
3911  0
3912  0
3913  0
3914  0
3915  0
3916  0
3917  0
3918  0
3919  0
3920  0
3921  0
3922  0
3923  0
3924  0
3925  0
3926  0
3927  0
3928  0
3929  0
3930  0
3931  0
3932  0
3933  0
3934  0
3935  0
3936  0
3937  0
3938  0
3939  0
3940  0
3941  0
3942  0
3943  0
3944  0
3945  0
3946  0
3947  0
3948  0
3949  0
3950  0
3951  0
3952  0
3953  0
3954  0
3955  0
3956  0
3957  0
3958  0
3959  0
3960  0
3961  0
3962  0
3963  0
3964  0
3965  0
3966  0
3967  0
3968  0
3969  0
3970  0
3971  0
3972  0
3973  0
3974  0
3975  0
3976  0
3977  0
3978  0
3979  0
3980  0
3981  0
3982  0
3983  0
3984  0
3985  0
3986  0
3987  0
3988  0
3989  0
3990  0
3991  0
3992  0
3993  0
3994  0
3995  0
3996  0
3997  0
3998  0
3999  0
4000  0
4001  0
4002  0
4003  0
4004  0
4005  0
4006  0
4007  0
4008  0
4009  0
4010  0
4011  0
4012  0
4013  0
4014  0
4015  0
4016  0
4017  0
4018  0
4019  0
4020  0
4021  0
4022  0
4023  0
4024  0
4025  0
4026  0
4027  0
4028  0
4029  0
4030  0
4031  0
4032  0
4033  0
4034  0
4035  0
4036  0
4037  0
4038  0
4039  0
4040  0
4041  0
4042  0
4043  0
4044  0
4045  0
4046  0
4047  0
4048  0
4049  0
4050  0
4051  0
4052  0
4053  0
4054  0
4055  0
4056  0
4057  0
4058  0
4059  0
4060  0
4061  0
4062  0
4063  0
4064  0
4065  0
4066  0
4067  0
4068  0
4069  0
4070  0
4071  0
4072  0
4073  0
4074  0
4075  0
4076  0
4077  0
4078  0
4079  0
4080  0
4081  0
4082  0
4083  0
4084  0
4085  0
4086  0
4087  0
4088  0
4089  0
4090  0
4091  0
4092  0
4093  0
4094  0
4095  0
