 0000102 0000055 0000000 0004095 1040720 0165724
00000000000000000000000000000000000000000000000000000000000000000000000000000000
00000000000000000000000000000000000000000000000000000000000000010000006300000251
00000352000002460000010500000064000000560000005900000068000000590000005700000055
00000072000000610000004700000069000000500000005700000054000000770000004600000056
00000059000000490000004400000035000000220000002000000012000000050000000300000001
00000001000000000000000100000000000000000000000000000000000000000000000000000000
00000000000000000000000000000000000000000000000000000000000000000000000000000000
00000000000000000000000000000000000000000000000000000000000000000000000000000000
00000000000000000000000000000000000000000000000000000000000000000000000000000000
00000000000000000000000000000000000000000000000000000000000000000000000000000000
00000000000000000000000000000000000000000000000000000000000000000000000000000000
00000000000000000000000000000000000000000000000000000000000000000000000000000000
00000000000000000000000000000000000000000000000000000000000000000000000000000000
00000000000000000000000000000000000000000000000000000000000000000000000000000000
00000000000000000000000000000000000000000000000000000000000000000000000000000000
00000000000000000000000000000000000000000000000000000000000000000000000000000000
00000000000000000000000000000000000000000000000000000000000000000000000000000000
00000000000000000000000000000000000000000000000000000000000000000000000300000063
00000459000010550000114400001164000024920000465200005040000032820000177300001033
00000835000007150000060300000517000005010000047800000445000004310000043100000411
00000440000004360000042400000410000004280000042800000419000004290000043800000397
00000442000004430000042500000383000003800000044800000421000003890000041100000385
00000452000003960000040300000395000004290000036000000389000004090000041200000349
00000363000004350000038600000439000004100000039400000408000004190000041500000365
00000405000003970000041300000421000004090000041200000392000003940000042600000396
00000394000003750000042100000405000004110000038400000448000003780000041100000386
00000381000004150000042000000382000003830000043000000391000003660000038100000387
00000433000003850000040900000404000004190000040000000385000003960000042200000396
00000394000003770000039600000421000004240000038100000391000003990000041400000413
00000400000003980000040300000376000004030000040300000393000003870000038400000409
00000408000003910000038800000407000004070000042800000437000003940000042700000385
00000415000004250000039200000368000003920000038100000391000004280000039900000370
00000411000003490000038900000407000004310000038400000411000004190000043600000402
00000424000004110000038600000431000004150000042600000419000003670000036400000409
00000416000004180000039100000435000003570000039100000422000003960000037300000398
00000436000004010000040800000403000004070000040800000391000004190000042000000405
00000414000003860000039600000401000004120000042600000417000004070000037800000409
00000447000004060000037200000430000003870000040200000386000004130000039900000442
00000382000004130000038300000430000004160000037100000408000004080000043500000392
00000407000004200000039900000367000004060000040900000416000003860000040000000404
00000386000004360000039600000368000004280000037000000395000003730000041100000423
00000379000004080000038000000404000003770000042900000391000003790000041200000398
00000395000003890000043500000383000003690000040700000383000004020000036800000385
00000410000004270000037700000400000004100000041600000400000003900000042200000428
00000425000004500000039300000383000003880000041600000398000003690000041500000390
00000389000004120000040300000420000003940000041100000405000004300000039200000417
00000435000004530000037900000408000003930000036500000413000004100000037900000399
00000398000004590000040300000438000004110000041500000366000003990000036900000422
00000403000003870000041800000419000003940000040200000418000003810000037800000394
00000413000004150000041100000406000004150000040200000416000003920000041100000398
00000388000003990000040000000445000003960000039100000418000004140000040800000436
00000379000003930000040400000425000003890000038100000391000004310000040300000438
00000465000003930000042300000362000004300000040300000419000003860000038000000418
00000388000004000000039000000377000003790000040200000417000004260000039400000416
00000417000004070000040900000418000004050000043300000415000004140000043800000413
00000397000003970000041200000412000003910000041100000419000004010000039700000399
00000388000003980000037000000420000004180000036600000397000003870000042500000383
00000422000004150000040500000436000003910000037800000445000003910000041600000387
00000429000004430000043900000385000004140000039700000380000004470000041200000365
00000453000004100000040900000374000003850000039300000437000004530000040400000412
00000404000003730000039300000435000003950000041200000417000004070000042000000418
00000380000003970000042100000397000003910000040000000410000003950000043100000438
00000412000004020000037100000452000004030000043300000394000003870000039900000448
00000441000004550000038700000419000003980000042700000401000004650000042600000385
00000422000003840000040900000402000003960000041000000408000004360000041300000410
00000402000004020000043800000417000004060000038000000430000004060000041400000418
00000407000004180000045600000424000004380000045600000386000004290000040700000441
00000401000003860000043600000435000003890000045100000436000004210000039200000425
00000408000004030000043300000381000003900000042800000406000004400000041600000435
00000382000004290000040700000407000003910000040600000378000004020000041700000442
00000436000004120000040500000413000004460000040500000416000003930000040800000408
00000422000003990000044200000410000003850000040300000409000004090000042000000417
00000446000004190000043200000405000003990000044700000460000004330000040300000409
00000428000004340000044400000428000004360000039900000437000004450000041800000411
00000395000004270000042200000412000004160000046500000438000004330000041100000417
00000414000004110000041900000414000003920000044800000431000004140000040900000394
00000417000004130000042100000426000004170000038800000422000004070000039700000450
00000416000004180000041900000381000003810000042700000396000004340000040900000403
00000411000004130000040500000410000004530000042000000414000004210000042600000411
00000389000003890000040800000409000003970000044000000399000004330000043200000428
00000392000004430000042300000425000003820000038400000412000004040000041400000418
00000394000004430000043500000412000004430000042700000398000004130000042400000401
00000418000004050000039600000439000004020000038900000372000003970000039400000378
00000399000004400000036000000380000004330000038600000386000004030000041300000420
00000397000003870000040600000403000003990000039100000396000004040000041600000406
00000376000003770000043000000419000004190000043800000390000004480000037400000398
00000432000004280000044200000422000004210000040900000417000003790000042800000398
00000390000004210000042500000415000004050000038100000374000004170000039800000396
00000455000003880000038900000371000003670000038300000349000004120000040300000364
00000415000003830000037000000422000003810000041400000368000004220000038800000431
00000387000003770000042000000408000004000000039600000388000003950000042600000416
00000356000004030000037300000418000004100000037700000435000003970000038000000410
00000487000004130000040700000394000004090000040700000401000004330000040900000440
00000418000004180000042000000393000004140000039000000393000004200000040100000395
00000388000004140000042000000404000004230000043800000382000003940000039100000358
00000447000003570000036600000386000004000000039500000394000003820000042700000388
00000375000004020000041400000425000004160000038500000411000004230000042400000387
00000388000003900000036600000404000004110000038700000397000004260000039700000398
00000379000003810000041400000401000004120000038700000420000003500000038100000403
00000424000004220000041600000414000003840000040300000402000004240000036900000420
00000426000004330000041000000381000004220000038400000393000003690000037100000389
00000421000003930000044700000384000004030000037800000418000004040000042300000410
00000401000004170000040200000415000004360000037900000381000004220000036800000429
00000404000004140000040600000397000003860000039000000387000003880000041200000420
00000375000003880000040300000403000004030000040000000431000004200000038600000375
00000396000004090000040100000429000004180000042000000418000003900000039400000414
00000371000004120000039000000394000004410000042000000379000004090000040700000388
00000406000003950000038500000402000004460000041500000406000004160000040200000401
00000393000004370000043400000447000003540000039400000399000003500000042300000413
00000395000004260000037900000389000004060000039300000390000003890000039200000396
00000386000003910000040200000406000004330000041100000388000003870000039300000421
00000375000003960000039800000372000004120000039700000402000004110000038000000412
00000405000003940000041100000399000003910000039100000374000004140000039200000416
00000423000004140000039500000419000004050000041500000405000003880000041500000402
00000394000003980000040100000391000003940000041200000391000004150000042300000427
00000422000003880000039900000420000004190000041600000407000003870000039600000379
00000433000004140000038300000385000003890000039800000415000003670000039500000403
00000440000004120000042600000402000003990000041200000407000004050000041000000399
00000385000003900000042100000427000004270000039900000392000003950000043600000426
00000412000003750000042200000437000003790000039100000384000004260000043800000441
00000390000004000000040000000378000003730000039100000422000004020000042200000404
00000422000004320000040300000420000003710000040100000400000004150000038600000423
00000431000004000000042800000404000004300000042400000403000004430000042300000446
00000389000003810000041300000407000003820000042800000393000004160000043200000410
00000391000004180000038500000423000004030000040100000436000004410000039700000434
00000402000004440000043400000426000004140000041600000400000004330000044600000429
00000435000003940000043700000419000004260000040200000393000003850000039900000417
00000413000003860000042500000437000003700000041500000386000003700000040200000423
00000407000004050000043600000408000004160000040100000402000004100000041600000411
00000427000004240000041100000469000004580000046800000397000004140000039600000401
00000398000004310000044000000413000004110000041600000418000003880000041500000434
00000379000004150000042200000415000003780000044300000400000004150000043500000424
00000369000003980000045500000378000004140000040300000460000003930000040800000379
00000430000004140000041500000395000004400000043200000430000003980000042200000412
00000444000004050000040500000394000004030000037300000433000004520000039600000431
00000431000004120000042500000431000004230000040300000405000004360000042300000414
00000450000004510000043500000438000003750000040200000404000004210000045200000472
00000429000003930000043200000436000003820000041900000433000004030000042600000379
00000381000004180000041600000377000004330000040000000455000004340000041100000416
00000407000004160000043800000428000004310000045800000427000004380000042500000424
00000410000004390000039800000420000004300000044500000419000003990000041600000404
00000416000004260000039900000420000004000000042900000384000003920000040700000431
00000425000004230000043500000371000004040000042300000414000004260000042300000425
00000427000004260000042400000392000004100000042200000399000004070000039600000448
00000389000004370000044600000417000004150000043800000436000004300000039700000409
00000432000004460000039200000400000004440000044800000420000003910000037900000437
00000408000004120000040100000443000004130000041800000416000004340000039400000393
00000399000004240000039000000407000004180000038900000432000004420000044400000415
00000396000003840000040700000414000004020000040300000391000003990000039400000428
00000419000003930000045300000417000004110000041600000406000004200000040800000434
00000413000004400000042100000395000004200000039900000415000004110000039700000369
00000376000004230000041700000399000004230000041900000388000003870000042800000408
00000398000004080000039400000405000004470000040300000392000004220000039700000448
00000407000004160000039700000419000003900000040300000408000004140000039200000382
00000416000003970000040000000408000004000000041000000406000004390000037400000399
00000434000004060000043000000424000004120000039200000446000004030000041500000427
00000408000004420000039900000408000003790000041300000394000004410000038700000385
00000436000004340000040300000396000004290000042200000384000004090000040700000430
00000477000003820000046900000432000003990000040800000403000004310000044500000386
00000427000004080000040900000401000004090000041900000403000004130000041800000421
00000419000004180000042500000434000004070000041000000431000004340000037800000396
00000422000004530000039400000463000004060000041200000422000004120000041700000398
00000432000004210000044200000403000004110000042600000396000004080000043200000383
00000400000003770000038700000436000004330000043700000379000004350000038500000386
00000366000003840000039300000448000004040000041600000420000004380000042800000391
00000413000004130000042300000406000004080000039600000435000004090000039000000407
00000429000004150000040600000390000003960000039800000377000004490000040300000411
00000424000004190000039200000389000003780000039500000415000003840000043100000380
00000405000004110000041700000400000004170000044400000439000004400000044600000414
00000417000004230000042500000447000003920000040900000403000004070000040300000372
00000392000003950000042400000395000004120000040100000399000004000000044000000406
00000398000003760000039900000399000003940000038000000397000003910000043400000416
00000378000004130000042300000438000004460000042100000430000004100000040300000361
00000419000004470000040000000394000004000000039600000407000004300000037000000423
00000397000004020000044200000427000004180000036800000418000004280000042600000402
00000415000004220000042100000413000004270000040600000442000004290000040700000451
00000403000004020000040200000430000004420000041500000415000003960000043100000451
00000416000004040000040800000347000004210000040300000423000004380000037700000419
00000421000004160000037300000405000003730000039900000392000003790000042400000411
00000413000004000000038300000395000004060000040500000394000004010000039200000377
00000394000003760000037000000431000003880000043100000380000003990000038300000405
00000411000004160000041600000391000003840000043200000383000004190000040200000427
00000401000004220000036800000422000004370000038900000384000003940000038900000400
00000450000004290000045500000378000003990000039500000377000004200000040300000426
00000440000004100000040200000375000003930000038400000388000004100000040900000384
00000394000004000000038500000390000003880000038300000385000003860000038600000419
00000393000004250000041000000406000003620000039700000377000003720000044100000403
00000411000003870000043100000409000003550000045500000399000003960000040300000393
00000401000004440000040800000395000004020000039300000414000003580000042300000406
00000341000003930000043300000364000003860000038100000409000004150000039700000412
00000421000003820000038200000377000004100000037400000398000003870000039600000411
00000410000004090000039100000401000004080000041800000397000003830000039000000387
00000424000004050000039100000422000004200000040800000405000004310000039800000443
00000410000004260000041000000461000003690000044800000403000004300000038500000407
00000411000004300000039900000391000003750000037100000357000003960000038000000408
00000376000003750000039000000402000003980000041800000423000003780000039900000403
00000408000004100000039500000363000003950000039900000402000004250000040300000387
00000449000004310000039700000381000003880000039100000416000004570000042300000420
00000418000003790000039000000401000004440000036000000420000004280000036000000426
00000435000004200000040100000446000004250000042200000435000004060000040800000398
00000450000004080000043500000400000003990000038900000428000004000000041300000440
00000391000004070000039000000403000003810000039900000410000003860000040200000430
00000413000003980000045800000403000004480000042200000400000004030000040600000395
00000390000004060000039900000426000004450000041200000385000004200000041900000424
00000370000004300000039100000422000004210000040900000414000004190000042400000388
00000410000004030000043000000407000003900000042000000417000003870000043600000387
00000453000004030000038100000416000004320000039300000376000004240000038300000414
00000406000003920000040300000395000004090000043400000403000004060000044900000403
00000396000003560000041700000413000004510000039900000426000003970000042900000404
00000427000003590000041300000385000004110000039500000420000004410000041300000450
00000400000004380000039900000400000004100000041300000417000004170000041000000413
00000457000004330000039100000421000003810000046400000466000004120000044300000425
00000409000003760000043200000394000004480000043700000426000003840000042600000466
00000416000004330000043800000398000004360000036300000412000004170000042600000458
00000415000004010000044400000388000003770000040300000397000004320000045900000400
00000423000003940000039300000404000004000000043700000450000003980000044700000426
00000410000004090000038600000401000003880000043100000412000004240000036800000446
00000460000004080000043000000438000003960000042000000423000004020000043700000441
00000403000004140000039800000407000004180000042600000408000004290000043700000442
00000436000004030000039300000449000004160000042200000457000003660000042500000427
00000420000004440000040400000418000004100000043100000399000004190000042500000415
00000443000004050000045800000425000004340000040700000410000004100000039200000415
00000411000004360000039600000397000004090000041200000437000003820000040300000411
00000405000004320000041600000431000004080000041700000411000004000000041000000408
00000414000004390000040400000379000004270000038800000406000004090000041500000396
00000422000004430000040900000398000003790000042200000431000004240000042700000419
00000437000004330000038300000402000004630000042900000433000004090000042800000402
00000400000004150000043100000413000004160000040100000425000003970000039500000409
00000380000004000000039800000406000003840000043500000386000004000000041200000417
00000399000004120000041200000369000004300000039700000402000004200000039900000415
00000405000004400000040400000389000004240000039300000441000004310000037100000397
00000398000004470000042600000411000004360000037300000409000004540000043800000403
00000399000003840000044000000430000003550000046400000399000004050000038800000443
00000468000003740000041400000454000004370000041900000391000004150000039800000393
00000411000004190000040500000422000004080000038400000410000003950000038200000401
00000430000004230000042600000416000004480000041900000416000004120000040400000392
00000421000004160000042000000412000004110000040400000464000003980000042700000420
00000424000004320000037500000408000004280000042400000392000004240000041100000400
00000391000004210000042900000432000003930000042000000398000003960000041100000447
00000428000004200000041200000408000004370000038700000369000004030000040100000430
00000437000004280000040500000381000003910000039700000412000004090000041600000400
00000392000004260000042400000388000004020000041100000433000003790000041000000434
00000418000003980000040800000433000004330000042000000407000004380000040500000411
00000396000004250000041700000413000004100000042000000379000004000000037000000432
00000441000004060000044700000407000004660000041500000442000004100000043800000417
00000421000004450000043000000428000004480000041500000413000003950000039000000453
00000403000004310000040400000435000004470000045500000423000004040000040000000404
00000435000003880000042800000395000004140000042500000385000004420000038400000456
00000407000004240000040400000407000004180000042300000399000003880000041900000426
00000435000004140000044700000402000003970000041600000424000003890000042000000394
00000413000003990000041100000417000003960000041500000406000004240000041000000446
00000406000004180000043000000421000003700000045200000418000003930000041800000400
00000408000004390000043400000403000003910000039400000381000004200000036700000407
00000359000004080000040400000435000004070000040300000413000004090000040300000396
00000414000004130000041600000395000003950000043800000402000004030000038800000459
00000409000003790000040400000410000003670000042200000389000004030000040200000398
00000428000003890000040900000419000004140000040600000408000003750000041600000423
00000410000004160000044500000387000004180000039500000422000004070000038800000406
00000399000003990000039000000395000004230000040100000399000004130000038400000411
00000434000004120000039700000419000004380000041000000416000003820000038500000435
00000395000004190000041200000399000003890000038900000426000004370000040700000436
00000424000004410000038100000400000004150000042100000369000004260000037300000380
00000392000003790000038300000420000003800000038800000448000003970000038500000414
00000363000003930000035500000402000004120000041400000403000004480000041000000416
00000389000003960000038500000428000004090000041700000404000003840000042100000378
00000405000004240000039200000415000003890000043400000382000003660000038100000383
00000384000004000000041700000384000003730000039800000423000003970000038100000410
00000433000004110000041600000456000004150000037300000419000004220000041700000404
00000395000003890000034100000374000003780000038700000429000003920000040300000382
00000392000004350000038400000399000003830000043600000406000004150000043600000398
00000401000003980000039200000428000004160000037600000376000004310000041400000425
00000395000004370000039800000440000004070000035400000400000004390000038600000393
00000437000004230000041300000374000003970000041500000394000004260000038500000366
00000386000004420000041500000403000003930000041600000356000004060000043200000388
00000413000003790000040700000398000004110000047300000374000003850000041400000389
00000397000004070000041900000395000004200000040600000384000004080000038300000405
00000368000004030000042100000405000004180000042300000422000003780000041700000393
00000400000003870000040400000396000003980000039000000391000004050000036600000400
00000421000003860000038300000393000003900000042000000384000004060000035700000368
00000402000003570000038700000400000004370000038500000395000003980000037800000425
00000424000003940000045800000418000003650000040200000384000004000000041300000394
00000404000003920000038100000423000003950000041300000415000003880000041700000410
00000412000003870000041500000411000004260000041900000414000004610000040700000403
00000398000004260000043300000378000003680000038600000431000003850000039100000398
00000422000004160000042300000422000004020000039400000388000004100000041600000397
00000407000004160000038300000415000003610000040100000443000003940000040400000437
00000395000004020000043100000389000004000000040900000451000004230000038200000383
00000439000003890000041400000414000004040000038900000419000004110000041100000434
00000417000004150000038600000429000003910000036000000415000004190000042300000398
00000415000004060000039300000425000004010000039200000407000004150000039500000378
00000405000004190000041400000434000004230000042600000364000003600000042700000428
00000387000004080000042100000408000004120000037700000381000003910000041700000420
00000429000004030000039700000411000004040000039100000404000003960000038900000449
00000428000004330000039200000390000003860000043600000392000004270000040300000459
00000386000004170000040000000433000004260000038900000428000004050000045500000430
00000450000004500000044200000390000004120000040800000435000004070000042900000401
00000473000003990000040900000427000004310000040900000422000003760000039500000345
00000454000004230000040000000426000004060000041800000439000003810000038100000427
00000418000004340000041800000405000003970000041800000418000004380000040300000391
00000428000003940000041100000406000004030000038200000430000004130000044000000432
00000412000004130000043900000407000004370000040000000443000003860000040100000443
00000415000004350000039100000429000004230000041000000408000004250000041800000429
00000436000004070000040500000441000004630000037700000421000004070000047100000408
00000395000003990000044100000408000004030000039800000450000004300000044500000412
00000399000004300000042800000418000004360000046700000427000004510000042400000427
00000431000004300000040300000415000003820000041500000419000004220000042200000408
00000402000003810000042300000421000003950000043300000406000004150000041800000411
00000448000003650000041200000400000004240000044200000401000004260000041500000379
00000421000004000000039900000393000004170000040800000408000004160000043300000394
00000411000003990000040500000403000004340000039200000399000004370000040900000421
00000405000004070000042500000443000004290000042000000407000004300000037500000444
00000414000003870000040500000440000004020000040700000459000003790000041400000423
00000413000004160000039000000387000004290000044700000410000004250000042100000388
00000399000003800000041800000416000004250000043900000419000003950000040400000404
00000401000004230000046200000417000004300000042700000465000004340000040100000399
00000396000004440000040700000390000004050000039500000439000004240000040100000438
00000445000003880000040500000438000003590000041200000414000004310000038300000408
00000373000004110000045200000443000004270000039200000414000003920000038800000418
00000412000003990000044800000411000004120000042300000407000004180000038200000462
00000377000004040000038700000416000003770000038600000429000004080000039500000419
00000403000004160000039800000398000004290000039200000399000004050000040400000419
00000431000004300000042000000391000004020000038800000392000004270000043400000414
00000416000004390000044100000401000004180000039500000412000004390000043100000433
00000409000004030000043700000386000003730000040600000435000004260000039600000406
00000424000004540000041800000423000004310000040600000403000004000000041200000399
00000445000004140000040800000415000003920000040200000398000003880000042300000418
00000418000004170000042500000409000004160000044200000400000004650000037100000440
00000416000003990000043800000405000003980000042400000397000004020000037800000400
00000394000004030000041100000384000004480000043800000439000004240000041700000433
00000400000004070000042600000397000003850000041200000444000004100000043700000401
00000421000004100000040800000415000004210000043000000381000003830000042600000395
00000379000004430000039500000406000004540000040100000399000004250000038400000443
00000435000004110000038900000446000004020000042500000429000004260000041600000414
00000367000003840000044200000439000004060000042400000397000004460000039200000429
00000416000003780000037800000404000004020000043600000406000003770000041600000417
00000405000004050000039000000431000003850000040200000414000003990000038900000400
00000410000004090000039300000392000004070000039500000459000004540000044700000413
00000428000004390000044700000451000004070000042800000366000004390000040900000411
00000383000004060000038300000399000004380000037400000381000004280000041500000391
00000399000004290000041700000418000004020000040800000414000004190000038500000392
00000410000004100000039800000405000004290000043500000377000003970000042400000395
00000430000003950000039800000443000004260000044100000419000003850000038500000386
00000395000004290000043700000370000004250000044300000403000004120000042700000445
00000404000004240000040600000397000004120000040900000412000004050000039300000411
00000401000004160000042700000396000003740000047100000435000003440000040100000400
00000386000004300000042500000406000004080000038800000394000003950000042500000428
00000426000004050000042200000438000004200000040500000406000003890000039900000394
00000408000003950000035800000366000002820000024700000186000001480000011800000077
00000045000000220000000900000003000000020000000100000001000000000000000000000000
00000000000000000000000100000000000000000000000000000000000000000000000000000000
00000000000000000000000000000000000000000000000000000000000000000000000000000000
00000000000000000000000000000000000000000000000000000000000000000000000000000000
00000000000000000000000000000000000000000000000000000000000000000000000000000000
00000000000000000000000000000000000000000000000000000000000000000000000000000000
00000000000000000000000000000000000000000000000000000000000000000000000000000000
00000000000000000000000000000000000000000000000000000000000000000000000000000000
00000000000000000000000000000000000000000000000000000000000000000000000000000000
00000000000000000000000000000000000000000000000000000000000000000000000000000000
00000000000000000000000000000000000000000000000000000000000000000000000000000000
00000000000000000000000000000000000000000000000000000000000000000000000000000000
00000000000000000000000000000000000000000000000000000000000000000000000000000000
00000000000000000000000000000000000000000000000000000000000000000000000000000000
00000000000000000000000000000000000000000000000000000000000000000000000000000000
00000000000000000000000000000000000000000000000000000000000000000000000000000000
00000000000000000000000000000000000000000000000000000000000000000000000000000000
00000000000000000000000000000000000000000000000000000000000000000000000000000000
00000000000000000000000000000000000000000000000000000000000000000000000000000000
00000000000000000000000000000000000000000000000000000000000000000000000000000000
00000000000000000000000000000000000000000000000000000000000000000000000000000000
00000000000000000000000000000000000000000000000000000000000000000000000000000000
00000000000000000000000000000000000000000000000000000000000000000000000000000000
00000000000000000000000000000000000000000000000000000000000000000000000000000000
00000000000000000000000000000000000000000000000000000000000000000000000000000000
00000000000000000000000000000000000000000000000000000000000000000000000000000000
00000000000000000000000000000000000000000000000000000000000000000000000000000000
00000000000000000000000000000000000000000000000000000000000000000000000000000000
00000000000000000000000000000000000000000000000000000000000000000000000000000000
00000000000000000000000000000000000000000000000000000000000000000000000000000000
00000000000000000000000000000000000000000000000000000000000000000000000000000000
00000000000000000000000000000000000000000000000000000000000000000000000000000000
00000000000000000000000000000000000000000000000000000000000000000000000000000000
00000000000000000000000000000000000000000000000000000000000000000000000000000000
00000000000000000000000000000000000000000000000000000000000000000000000000000000
00000000000000000000000000000000000000000000000000000000000000000000000000000000
00000000000000000000000000000000000000000000000000000000000000000000000000000000
00000000000000000000000000000000000000000000000000000000000000000000000000000000
00000000000000000000000000000000000000000000000000000000000000000000000000000000
00000000000000000000000000000000000000000000000000000000000000000000000000000000
00000000000000000000000000000000000000000000000000000000000000000000000000000000
00000000000000000000000000000000000000000000000000000000000000000000000000000000
00000000000000000000000000000000000000000000000000000000000000000000000000000000
00000000000000000000000000000000000000000000000000000000000000000000000000000000
00000000000000000000000000000000000000000000000000000000000000000000000000000000
00000000000000000000000000000000000000000000000000000000000000000000000000000000
00000000000000000000000000000000000000000000000000000000000000000000000000000000
00000000000000000000000000000000000000000000000000000000000000000000000000000000
00000000000000000000000000000000000000000000000000000000000000000000000000000000
00000000000000000000000000000000000000000000000000000000000000000000000000000000
00000000000000000000000000000000000000000000000000000000000000000000000000000000
00000000000000000000000000000000000000000000000000000000000000000000000000000000
00000000000000000000000000000000000000000000000000000000000000000000000000000000
00000000000000000000000000000000000000000000000000000000000000000000000000000000
00000000000000000000000000000000000000000000000000000000000000000000000000000000
00000000000000000000000000000000000000000000000000000000000000000000000000000000
00000000000000000000000000000000000000000000000000000000000000000000000000000000
00000000000000000000000000000000000000000000000000000000000000000000000000000000
00000000000000000000000000000000000000000000000000000000000000000000000000000000
00000000000000000000000000000000000000000000000000000000000000000000000000000000
00000000000000000000000000000000000000000000000000000000000000000000000000000000
000000000000000000000000000000000000000000000000