 0000102 0000014 0000000 0004095 1040720 0165724
00000000000000000000000000000000000000000000000000000000000000000000000000000000
00000000000000000000000000000000000000000000000000000000000000010000004000000135
00000189000001310000005700000035000000300000002100000029000000310000002600000024
00000026000000300000002500000028000000180000002700000028000000330000001700000032
00000028000000230000002100000013000000070000000900000002000000020000000100000000
00000000000000000000000100000000000000000000000000000000000000000000000000000000
00000000000000000000000000000000000000000000000000000000000000000000000000000000
00000000000000000000000000000000000000000000000000000000000000000000000000000000
00000000000000000000000000000000000000000000000000000000000000000000000000000000
00000000000000000000000000000000000000000000000000000000000000000000000000000000
00000000000000000000000000000000000000000000000000000000000000000000000000000000
00000000000000000000000000000000000000000000000000000000000000000000000000000000
00000000000000000000000000000000000000000000000000000000000000000000000000000000
00000000000000000000000000000000000000000000000000000000000000000000000000000000
00000000000000000000000000000000000000000000000000000000000000000000000000000000
00000000000000000000000000000000000000000000000000000000000000000000000000000000
00000000000000000000000000000000000000000000000000000000000000000000000000000000
00000000000000000000000000000000000000000000000000000000000000000000000100000033
00000250000005910000071200000715000013670000275600003016000020150000103800000644
00000508000003930000038200000307000002760000027700000260000002640000025400000245
00000270000002610000024400000230000002540000024600000240000002560000026700000230
00000269000002690000024500000223000002250000025900000246000002110000025200000214
00000262000002470000022900000234000002540000022000000236000002450000025800000189
00000219000002490000022100000250000002410000022900000231000002480000024500000215
00000245000002340000024100000231000002410000023600000236000002340000024700000238
00000244000002150000023300000230000002460000023800000286000002120000024800000215
00000230000002500000023500000229000002300000026700000222000002160000020700000229
00000268000002180000025100000229000002550000024200000224000002300000023600000233
00000240000002220000022500000225000002660000022100000220000002270000023700000238
00000239000002050000025000000227000002350000025400000232000002270000022900000252
00000229000002330000023700000235000002340000026000000242000002440000026800000226
00000253000002560000022400000203000002130000022000000249000002370000022800000211
00000228000001970000022500000230000002440000022700000235000002380000026200000254
00000254000002340000023700000260000002530000024700000236000001940000021300000241
00000246000002520000023400000260000001920000023200000258000002370000022800000245
00000251000002320000024900000240000002450000023800000234000002600000025300000254
00000238000002330000022300000232000002500000023400000257000002380000022300000240
00000262000002250000022000000265000002190000023600000231000002310000022900000259
00000220000002480000022800000256000002380000020200000240000002320000028100000234
00000241000002630000023800000216000002560000024800000222000002120000023300000248
00000246000002680000022000000233000002580000020300000229000002290000025200000235
00000231000002460000020900000241000002070000026400000246000002390000022600000228
00000241000002420000024400000222000002300000022300000232000002150000020700000230
00000232000002480000023400000220000002340000024800000246000002290000024800000249
00000262000002630000022500000242000002390000025500000230000002170000024900000204
00000224000002430000023100000256000002460000024100000225000002600000023400000254
00000272000002750000021700000236000002350000021700000246000002300000020900000241
00000243000002770000024200000259000002480000027300000223000002250000021700000248
00000243000002320000024800000233000002160000024100000257000002230000022100000229
00000228000002570000023800000243000002620000024000000243000002240000025000000246
00000241000002420000024700000277000002320000023200000255000002330000023400000254
00000230000002190000022400000251000002190000020300000227000002560000024200000251
00000272000002450000025000000210000002810000023700000246000002310000021900000255
00000221000002240000023000000228000002290000020800000257000002570000023200000237
00000234000002420000027300000241000002450000025800000238000002530000026600000244
00000241000002520000024300000226000002290000024500000233000002370000025100000220
00000239000002490000021400000246000002480000022200000214000002350000025800000224
00000254000002500000024600000287000002320000023700000251000002370000024300000212
00000257000002540000026400000246000002570000022300000238000002680000025300000204
00000270000002410000023900000230000002190000023100000272000002590000023100000231
00000244000002220000023500000251000002230000025300000246000002530000026400000242
00000219000002330000023900000240000002330000023700000252000002320000027000000257
00000237000002400000019700000266000002470000024500000215000002320000022300000259
00000263000002730000023300000242000002530000024700000236000002830000023900000228
00000265000002320000023800000226000002350000023800000235000002700000024900000229
00000247000002390000025000000246000002270000022800000251000002340000025300000227
00000243000002340000027600000236000002530000027100000217000002360000024800000269
00000221000002110000024900000269000002390000027900000248000002480000021600000246
00000246000002450000026400000212000002320000027000000231000002650000026200000244
00000227000002780000024200000247000002340000024300000227000002310000024100000270
00000250000002280000022200000220000002740000022500000253000002240000024600000237
00000224000002380000025800000253000002060000023000000240000002310000024700000248
00000261000002550000026900000257000002340000027400000256000002410000023500000226
00000246000002740000024400000264000002600000022500000254000002640000023000000240
00000261000002480000025200000225000002450000027300000255000002570000024400000251
00000249000002370000025300000270000002480000024900000265000002230000024900000254
00000252000002310000024400000244000002630000023200000251000002390000022000000273
00000237000002390000023100000220000002360000023500000239000002560000024900000246
00000237000002380000024700000249000002680000022600000235000002590000024200000251
00000238000002390000023600000261000002520000024800000241000002550000024700000248
00000235000002510000022500000278000002290000022900000259000002450000024400000263
00000239000002680000024800000237000002700000024400000233000002540000024200000242
00000231000002430000021400000260000002540000022500000228000002450000023800000236
00000240000002570000020100000242000002620000022500000249000002420000022200000242
00000233000002340000024800000240000002410000023400000248000002510000023600000228
00000216000002300000026600000243000002610000026300000239000002760000023800000230
00000259000002470000027300000258000002420000023600000238000002430000026500000249
00000242000002550000023400000239000002460000021700000231000002560000022900000238
00000270000002230000024200000219000002250000022200000228000002290000023600000221
00000259000002200000020800000245000002440000024500000219000002390000022800000257
00000229000002180000026900000241000002090000023000000223000002410000023500000256
00000220000002330000022700000237000002350000023000000252000002460000021900000242
00000294000002510000024200000236000002430000024100000240000002620000025500000264
00000255000002260000024200000242000002440000024100000233000002380000023700000241
00000235000002410000025300000212000002560000026900000238000002320000023200000218
00000260000002380000018400000220000002320000022400000236000002260000026400000228
00000221000002210000025100000249000002520000021200000230000002680000026400000229
00000233000002340000022300000239000002450000023600000234000002630000024500000245
00000223000002210000024800000238000002460000021100000245000001900000022500000244
00000239000002360000024500000252000002120000024800000234000002500000022800000256
00000238000002750000023900000237000002370000022500000220000002370000021900000223
00000254000002300000027100000231000002380000022300000245000002280000027000000247
00000242000002590000024800000244000002650000022200000213000002510000021200000252
00000235000002400000024200000237000002310000021500000210000002450000025400000247
00000228000002410000023700000256000002430000023600000249000002500000022500000224
00000230000002490000023400000247000002480000024200000256000002290000022700000234
00000228000002450000022900000239000002370000024100000214000002390000024000000222
00000252000002290000023900000239000002590000023700000260000002420000023300000259
00000230000002720000025000000270000001940000023300000227000002000000024500000241
00000237000002560000021000000241000002400000023300000225000002350000022900000228
00000230000002250000024100000239000002500000025400000219000002210000023400000242
00000216000002580000024600000233000002420000023400000247000002380000021300000242
00000234000002200000025400000237000002300000022600000219000002450000022600000231
00000256000002500000023200000237000002300000023600000242000002140000023000000239
00000218000002410000024700000235000002170000025200000215000002180000023400000240
00000258000002210000021200000259000002470000023600000236000002380000024200000216
00000261000002430000022300000228000002390000022900000238000002030000022700000215
00000255000002350000024100000257000002330000024100000236000002430000026000000222
00000217000002250000024300000246000002500000023400000234000002400000023900000259
00000250000002150000024300000263000002290000022500000209000002690000026100000252
00000216000002290000024300000226000002070000024300000267000002310000023600000220
00000233000002500000024300000252000002030000024100000226000002520000024400000251
00000239000002450000022400000240000002480000022900000232000002550000025200000260
00000247000002230000024300000236000002160000025400000227000002390000024900000245
00000228000002630000022000000250000002450000022400000239000002600000022500000238
00000246000002600000026000000247000002530000024700000222000002450000026400000248
00000252000002410000025800000229000002540000022100000236000002300000025300000249
00000265000002290000025800000248000002310000024300000239000002250000022700000242
00000239000002320000026400000236000002440000024800000237000002510000023500000263
00000236000002590000024900000278000002680000028500000220000002340000023800000227
00000236000002600000025700000244000002570000025700000248000002280000024300000264
00000230000002470000024000000236000002200000026600000223000002250000025900000259
00000218000002040000027800000220000002470000024500000272000002250000023900000232
00000264000002470000023500000218000002630000024800000255000002250000026300000222
00000270000002470000022800000238000002370000020900000259000002720000023200000241
00000250000002490000024000000251000002410000023100000246000002650000025900000238
00000289000002640000024800000261000002060000023700000270000002480000026300000295
00000256000002330000025500000271000002200000025400000248000002520000024800000212
00000218000002320000023600000229000002650000024300000279000002670000025400000265
00000232000002460000026800000254000002790000026200000241000002480000023900000238
00000253000002610000023000000258000002440000027200000245000002250000026000000237
00000266000002460000024200000232000002380000025900000225000002420000025100000251
00000249000002610000024800000229000002530000023400000253000002520000022600000249
00000252000002710000024300000220000002460000023600000253000002400000021100000263
00000220000002660000026200000234000002510000025400000271000002680000023600000238
00000254000002690000021100000248000002800000027200000263000002230000021700000272
00000234000002430000023400000263000002530000023000000229000002730000024600000240
00000213000002570000024400000241000002570000021400000251000002460000026900000235
00000230000002000000022600000247000002380000024100000234000002500000023600000258
00000246000002370000026600000251000002350000023900000250000002420000025100000272
00000260000002600000025400000234000002620000022400000262000002450000023300000215
00000226000002420000024500000232000002190000023900000230000002540000023200000238
00000226000002470000022600000251000002810000022000000233000002640000022500000251
00000238000002450000024300000257000002240000022800000242000002510000021300000232
00000244000002310000024600000237000002400000024800000225000002560000021300000234
00000268000002360000023600000243000002500000022000000268000002370000023500000234
00000248000002580000022400000263000002240000026000000234000002630000023000000236
00000262000002590000024100000226000002730000023500000214000002550000024900000270
00000310000002220000028400000262000002360000024800000246000002430000026000000231
00000241000002410000025500000219000002500000025600000241000002580000025300000236
00000251000002590000025000000253000002430000024800000251000002490000021200000239
00000236000002800000023100000268000002360000023200000257000002480000025700000234
00000257000002430000026600000222000002420000025700000242000002450000026400000241
00000228000002190000021200000273000002560000025300000224000002600000022400000236
00000212000002390000021300000271000002300000024900000245000002730000025200000246
00000231000002560000025000000259000002440000023600000254000002320000022700000254
00000236000002460000025100000226000002350000024100000227000002760000023700000246
00000246000002480000024100000245000002270000021700000242000002340000026600000238
00000227000002540000025600000256000002400000025400000246000002520000027100000261
00000236000002600000024200000263000002430000023000000257000002230000022000000211
00000246000002250000023600000227000002470000021900000241000002360000026700000231
00000244000002270000022000000246000002260000020700000259000002430000025900000272
00000209000002300000025100000269000002660000023200000232000002470000024800000209
00000257000002630000023200000237000002430000023100000250000002350000022000000248
00000234000002360000027600000249000002650000021000000239000002510000024500000256
00000255000002560000024300000255000002480000024100000259000002670000024900000273
00000228000002360000022300000261000002730000022100000245000002310000026000000261
00000249000002220000025200000207000002430000025200000247000002480000022800000258
00000232000002440000023100000232000002290000024800000261000002320000025500000244
00000236000002380000023600000220000002510000024600000239000002280000024500000230
00000230000002220000023000000248000002550000025100000239000002470000021900000231
00000256000002630000023800000208000002250000024100000215000002630000025100000249
00000236000002510000022600000237000002710000021700000222000002580000022500000245
00000274000002450000028300000221000002410000025800000232000002600000023800000264
00000259000002530000024400000210000002300000022700000233000002320000023700000219
00000235000002330000023000000216000002200000021600000229000002130000022500000238
00000237000002730000024800000255000002260000024200000225000002240000027100000238
00000238000002480000025100000236000002240000028100000228000002370000024000000234
00000242000002630000024700000239000002310000023000000252000002090000025600000219
00000200000002340000025000000194000002340000022800000253000002480000023600000247
00000251000002180000023000000219000002570000020800000228000002250000023400000247
00000227000002200000022100000234000002520000025200000252000002170000022400000231
00000237000002350000021900000238000002520000024200000239000002660000022500000248
00000247000002460000023000000258000002040000027300000229000002500000021700000242
00000248000002560000024500000234000001960000021800000204000002490000020000000254
00000223000002040000023100000227000002230000025600000254000002010000023500000244
00000230000002300000023000000224000002270000022700000224000002440000022600000229
00000251000002660000023400000228000002280000022000000254000002620000025000000257
00000236000002160000022000000235000002690000021000000239000002500000020600000244
00000257000002480000023100000268000002480000025700000258000002330000023800000207
00000272000002470000025500000248000002260000022200000236000002180000024400000268
00000220000002240000022700000236000002260000022700000232000002220000025600000252
00000239000002520000025300000231000002560000027200000226000002410000024300000229
00000227000002360000023300000228000002550000023400000227000002490000024800000241
00000222000002570000022200000248000002490000022100000258000002350000025200000221
00000227000002500000024400000234000002300000023800000251000002510000025600000221
00000265000002490000023500000247000002740000022000000243000002430000022800000234
00000249000002450000023200000234000002540000026000000253000002370000025200000237
00000233000002040000024500000251000002560000025400000243000002150000026800000263
00000263000002210000025100000222000002490000023100000261000002620000022900000259
00000215000002750000024600000247000002410000025500000246000002460000024300000243
00000269000002620000023400000267000002190000026600000245000002470000025700000252
00000247000002260000026300000240000002490000025600000257000002300000023600000263
00000257000002540000026400000237000002450000021600000246000002350000024800000272
00000248000002570000025500000243000002260000024200000237000002600000026800000235
00000247000002480000022700000243000002490000024600000267000002230000028200000254
00000237000002520000022800000242000002260000024700000251000002560000020100000293
00000275000002440000026600000273000002200000025200000239000002300000027800000266
00000244000002380000023300000239000002280000025500000236000002420000026000000247
00000249000002430000021000000275000002490000026500000280000002290000024500000240
00000238000002410000024500000232000002550000027400000234000002530000025200000262
00000275000002320000027700000254000002610000023900000241000002330000022900000238
00000242000002600000024500000226000002490000025300000260000002330000024100000265
00000244000002360000024600000254000002320000026600000229000002320000025200000241
00000239000002540000023400000219000002630000023500000238000002500000024400000222
00000250000002430000024900000240000002210000024800000257000002740000023800000236
00000266000002410000021700000227000002690000025500000250000002510000027500000230
00000224000002480000026100000236000002530000024100000233000002310000022700000228
00000221000002120000024300000227000002240000025200000223000002430000026000000252
00000228000002310000024400000219000002660000020300000225000002750000023200000235
00000233000002290000025000000225000002420000023500000279000002550000021300000252
00000241000002670000026500000238000002650000020400000252000002700000026400000245
00000219000002300000026800000247000002200000028900000235000002340000022300000273
00000277000002310000024400000263000002650000025700000234000002510000020400000229
00000243000002430000025800000254000002410000021500000244000002310000022200000242
00000256000002440000027500000262000002730000023700000234000002420000023700000231
00000262000002550000024300000249000002430000023900000275000002320000026100000260
00000249000002670000023200000246000002600000023700000227000002430000025400000240
00000227000002560000024400000260000002430000024300000257000002160000025400000273
00000256000002620000024000000225000002610000021700000227000002330000023900000264
00000264000002420000024200000224000002580000021700000253000002140000024900000231
00000226000002620000026000000232000002470000023200000280000002280000025600000268
00000228000002260000023300000248000002570000024700000234000002630000025900000276
00000244000002550000025200000270000002460000026600000231000002350000021500000273
00000262000002420000027000000232000002660000024500000263000002320000026000000231
00000253000002750000025500000244000002750000024100000251000002260000022200000274
00000227000002650000022800000278000002650000028000000254000002360000024100000248
00000261000002240000025500000239000002450000023500000223000002730000023400000273
00000240000002430000024300000237000002630000024500000228000002270000023800000238
00000259000002540000027000000226000002500000023000000233000002340000025700000215
00000258000002330000024400000239000002440000024900000246000002420000022400000284
00000239000002580000025400000249000002270000026300000241000002340000024400000259
00000232000002700000023200000258000002290000022800000220000002390000021000000244
00000222000002410000023700000252000002450000022900000256000002630000024000000233
00000232000002240000025300000239000002200000026500000237000002170000024700000247
00000244000002140000024400000237000002260000026700000227000002450000023600000245
00000254000002290000025800000240000002520000023300000234000002260000025200000248
00000238000002490000026200000221000002360000023700000247000002410000023000000241
00000237000002420000023100000234000002530000023600000241000002490000021900000243
00000241000002350000023700000260000002540000025000000251000002370000024000000267
00000243000002420000024500000246000002430000023100000254000002540000022800000250
00000245000002650000023500000243000002640000025200000213000002760000021400000230
00000224000002330000023900000248000002200000022900000260000002320000022900000253
00000222000002310000020300000242000002270000023800000250000002740000023800000259
00000226000002310000022600000270000002240000026100000241000002190000025200000234
00000245000002510000024000000264000002320000024000000218000002200000024300000227
00000240000002300000025400000231000002190000023600000241000002440000021800000241
00000275000002410000023800000268000002490000022200000250000002520000025600000236
00000229000002290000021600000206000002090000023500000239000002380000023500000241
00000239000002730000022000000240000002320000025600000250000002420000026000000227
00000238000002310000022600000231000002550000022100000235000002500000022800000241
00000231000002660000023100000252000002430000022400000217000002690000023000000237
00000269000002520000023400000225000002410000023200000250000002730000022700000228
00000229000002510000023200000227000002390000024200000225000002290000025300000219
00000246000002180000024700000224000002440000027600000208000002260000025700000228
00000241000002370000024500000226000002400000023800000224000002360000023100000227
00000234000002400000024600000229000002370000023500000237000002130000024200000232
00000244000002310000023000000248000002390000022000000223000002400000022700000230
00000253000002340000021700000221000002220000025200000225000002450000021100000218
00000235000002170000021400000228000002460000022300000221000002440000020500000235
00000260000002340000025500000262000002050000023900000227000002390000024300000238
00000243000002300000021200000246000002350000024100000248000002320000026300000242
00000233000002100000025700000238000002480000026400000238000002730000023200000227
00000239000002510000026200000232000002250000021700000254000002300000022200000224
00000246000002480000023900000247000002400000024700000221000002380000024000000248
00000240000002410000020900000232000002020000023300000247000002240000024600000229
00000244000002140000022800000234000002190000023000000250000002380000022000000220
00000255000002390000023900000255000002310000022700000255000002400000025800000248
00000239000002680000021800000247000002320000019200000252000002430000024000000234
00000255000002310000023500000237000002330000024400000252000002550000022100000202
00000240000002270000024800000254000002520000025000000219000002070000024200000239
00000231000002470000024700000240000002310000021300000218000002300000024500000222
00000264000002250000023700000246000002270000024700000233000002150000022700000275
00000249000002490000022200000221000002480000026700000212000002420000024800000260
00000243000002620000024900000260000002560000021600000261000002170000027100000260
00000263000002830000023900000224000002250000024200000240000002360000025100000238
00000261000002360000023900000248000002650000023900000256000002060000023600000198
00000286000002390000023300000261000002430000023800000258000002210000023300000252
00000245000002740000023100000249000002390000025400000248000002590000023700000233
00000263000002290000024200000238000002260000022900000246000002310000026100000239
00000259000002390000027100000227000002550000025300000246000002140000025800000258
00000243000002680000024400000259000002700000027000000238000002410000026100000267
00000274000002530000025300000250000002560000020600000250000002350000026900000239
00000227000002350000025400000235000002300000023200000268000002560000026300000244
00000228000002580000024800000264000002630000025400000247000002810000024600000270
00000271000002520000023800000244000002200000023100000267000002500000025500000232
00000256000002410000025500000243000002410000025000000257000002570000024400000240
00000279000002210000024300000252000002680000027100000235000002370000024000000230
00000237000002220000022900000229000002500000024500000211000002450000027500000250
00000252000002310000022600000246000002640000025100000209000002590000022500000243
00000243000002330000025200000249000002650000025400000246000002790000021000000259
00000232000002190000024800000264000002260000025600000275000002210000026500000251
00000246000002350000023400000210000002590000026700000250000002550000024800000234
00000247000002300000024000000237000002300000026000000253000002240000022400000234
00000236000002460000029300000230000002470000024600000265000002660000024900000249
00000221000002560000021200000227000002550000023200000241000002320000023200000259
00000281000002210000023500000244000002080000025200000254000002410000020700000237
00000225000002350000027500000264000002580000024400000255000002380000023100000253
00000259000002420000026000000239000002400000024600000255000002360000022900000286
00000211000002480000022900000248000002270000023600000250000002380000024400000253
00000244000002300000023400000242000002470000024700000243000002420000023800000235
00000258000002740000025600000231000002330000022800000235000002560000025800000248
00000244000002730000027500000246000002420000022800000247000002500000024400000261
00000229000002480000025400000234000002090000024600000250000002380000022900000231
00000256000002670000025100000234000002620000024700000230000002330000023200000235
00000261000002580000023600000231000002400000021300000234000002280000026100000245
00000249000002350000025400000245000002590000026900000230000002750000022800000254
00000261000002420000027000000241000002460000026300000238000002410000023000000253
00000228000002310000022600000244000002670000026300000266000002460000023200000235
00000259000002410000027500000240000002370000024400000253000002250000024800000225
00000249000002400000025100000253000002520000024100000219000002250000026700000239
00000228000002650000023300000256000002670000025000000243000002470000021500000252
00000253000002430000022300000269000002480000025200000255000002520000025500000244
00000212000002260000027400000268000002370000024000000226000002530000024800000244
00000251000002230000023200000252000002500000024700000237000002280000025400000257
00000254000002530000021600000237000002240000023500000239000002340000023300000238
00000250000002270000022700000237000002270000025200000259000002680000026400000255
00000253000002540000027000000268000002390000024200000217000002510000024800000253
00000225000002500000022000000240000002440000021200000232000002510000025600000228
00000239000002540000024100000247000002240000023800000247000002600000022200000230
00000249000002370000023700000230000002560000025900000222000002270000023600000238
00000266000002380000022400000244000002540000026300000247000002410000023100000229
00000227000002490000024000000218000002490000026200000248000002410000025100000284
00000253000002640000023600000243000002390000024400000227000002320000023400000242
00000240000002510000025000000259000002050000028500000263000001970000023400000221
00000239000002690000023400000231000002500000022100000252000002500000026200000246
00000259000002240000023200000267000002420000023200000232000002470000024700000216
00000236000002300000023200000212000001690000014700000108000000880000006200000048
00000032000000120000000400000001000000010000000000000001000000000000000000000000
00000000000000000000000100000000000000000000000000000000000000000000000000000000
00000000000000000000000000000000000000000000000000000000000000000000000000000000
00000000000000000000000000000000000000000000000000000000000000000000000000000000
00000000000000000000000000000000000000000000000000000000000000000000000000000000
00000000000000000000000000000000000000000000000000000000000000000000000000000000
00000000000000000000000000000000000000000000000000000000000000000000000000000000
00000000000000000000000000000000000000000000000000000000000000000000000000000000
00000000000000000000000000000000000000000000000000000000000000000000000000000000
00000000000000000000000000000000000000000000000000000000000000000000000000000000
00000000000000000000000000000000000000000000000000000000000000000000000000000000
00000000000000000000000000000000000000000000000000000000000000000000000000000000
00000000000000000000000000000000000000000000000000000000000000000000000000000000
00000000000000000000000000000000000000000000000000000000000000000000000000000000
00000000000000000000000000000000000000000000000000000000000000000000000000000000
00000000000000000000000000000000000000000000000000000000000000000000000000000000
00000000000000000000000000000000000000000000000000000000000000000000000000000000
00000000000000000000000000000000000000000000000000000000000000000000000000000000
00000000000000000000000000000000000000000000000000000000000000000000000000000000
00000000000000000000000000000000000000000000000000000000000000000000000000000000
00000000000000000000000000000000000000000000000000000000000000000000000000000000
00000000000000000000000000000000000000000000000000000000000000000000000000000000
00000000000000000000000000000000000000000000000000000000000000000000000000000000
00000000000000000000000000000000000000000000000000000000000000000000000000000000
00000000000000000000000000000000000000000000000000000000000000000000000000000000
00000000000000000000000000000000000000000000000000000000000000000000000000000000
00000000000000000000000000000000000000000000000000000000000000000000000000000000
00000000000000000000000000000000000000000000000000000000000000000000000000000000
00000000000000000000000000000000000000000000000000000000000000000000000000000000
00000000000000000000000000000000000000000000000000000000000000000000000000000000
00000000000000000000000000000000000000000000000000000000000000000000000000000000
00000000000000000000000000000000000000000000000000000000000000000000000000000000
00000000000000000000000000000000000000000000000000000000000000000000000000000000
00000000000000000000000000000000000000000000000000000000000000000000000000000000
00000000000000000000000000000000000000000000000000000000000000000000000000000000
00000000000000000000000000000000000000000000000000000000000000000000000000000000
00000000000000000000000000000000000000000000000000000000000000000000000000000000
00000000000000000000000000000000000000000000000000000000000000000000000000000000
00000000000000000000000000000000000000000000000000000000000000000000000000000000
00000000000000000000000000000000000000000000000000000000000000000000000000000000
00000000000000000000000000000000000000000000000000000000000000000000000000000000
00000000000000000000000000000000000000000000000000000000000000000000000000000000
00000000000000000000000000000000000000000000000000000000000000000000000000000000
00000000000000000000000000000000000000000000000000000000000000000000000000000000
00000000000000000000000000000000000000000000000000000000000000000000000000000000
00000000000000000000000000000000000000000000000000000000000000000000000000000000
00000000000000000000000000000000000000000000000000000000000000000000000000000000
00000000000000000000000000000000000000000000000000000000000000000000000000000000
00000000000000000000000000000000000000000000000000000000000000000000000000000000
00000000000000000000000000000000000000000000000000000000000000000000000000000000
00000000000000000000000000000000000000000000000000000000000000000000000000000000
00000000000000000000000000000000000000000000000000000000000000000000000000000000
00000000000000000000000000000000000000000000000000000000000000000000000000000000
00000000000000000000000000000000000000000000000000000000000000000000000000000000
00000000000000000000000000000000000000000000000000000000000000000000000000000000
00000000000000000000000000000000000000000000000000000000000000000000000000000000
00000000000000000000000000000000000000000000000000000000000000000000000000000000
00000000000000000000000000000000000000000000000000000000000000000000000000000000
00000000000000000000000000000000000000000000000000000000000000000000000000000000
00000000000000000000000000000000000000000000000000000000000000000000000000000000
00000000000000000000000000000000000000000000000000000000000000000000000000000000
000000000000000000000000000000000000000000000000