 0000102 0000030 0000000 0004095 1040720 0165724
00000000000000000000000000000000000000000000000000000000000000000000000000000000
00000000000000000000000000000000000000000000000000000000000000000000000000000000
00000000000000000000000000000000000000000000000000000000000000000000000000000000
00000000000000000000000000000000000000000000000000000000000000000000000000000000
00000000000000000000000000000000000000000000000000000000000000000000000000000000
00000000000000000000000000000000000000000000000000000000000000000000000000000000
00000000000000000000000000000000000000000000000000000000000000000000000000000000
00000000000000000000000000000000000000000000000000000000000000000000000000000000
00000000000000000000000000000000000000000000000000000000000000000000000000000000
00000000000000000000000000000000000000000000000000000000000000000000000000000000
00000000000000000000000000000000000000000000000000000000000000000000000000000000
00000000000000000000000000000000000000000000000000000000000000000000000000000000
00000000000000000000000000000000000000000000000000000000000000000000000000000000
00000000000000000000000000000000000000000000000000000000000000000000000000000000
00000000000000000000000000000000000000000000000000000000000000000000000000000000
00000000000000000000000000000000000000000000000000000000000000000000000000000000
00000000000000000000000000000000000000000000000000000000000000000000000000000000
00000000000000000000000000000000000000000000000000000000000000000000000000000000
00000000000000000000000000000000000000000000000100000000000000000000000000000000
00000000000000010000000000000001000000010000000000000000000000000000000000000000
00000000000000000000000200000001000000010000000000000000000000020000000100000000
00000001000000010000000000000000000000000000000100000000000000000000000000000001
00000001000000000000000300000001000000030000000500000005000000100000002600000034
00000063000000970000012400000180000002630000032400000381000004440000050500000557
00000590000005960000061000000594000006110000066600000603000006530000064500000617
00000610000006380000062400000600000006070000058400000563000006030000057900000573
00000606000005870000061700000575000005660000054000000584000005890000057400000537
00000549000005460000052600000530000005220000052500000536000005540000053100000529
00000550000005110000051200000522000004970000051200000491000005030000051700000477
00000490000005500000046900000466000004930000047100000483000004280000049200000448
00000475000005030000047600000457000004540000042500000463000004150000048200000472
00000416000004350000039800000452000004410000042800000443000004140000042200000389
00000405000004200000042500000435000003860000040700000408000003990000038900000381
00000389000004050000041400000449000004040000042800000397000003780000037000000422
00000392000003750000038400000381000004120000041300000386000003780000040500000399
00000383000003390000038300000395000003910000035000000393000003980000042600000379
00000397000003720000035000000378000003730000036100000359000003670000040400000381
00000425000003460000036400000360000003660000038000000354000003840000039500000341
00000374000003720000039200000372000003810000037400000386000003490000035700000348
00000373000003730000038200000322000003760000034400000341000003240000036200000344
00000348000003640000034900000354000003790000037600000361000003520000034500000343
00000358000003010000034400000340000003360000030500000375000003280000033600000333
00000349000003140000034200000336000003050000028700000346000003170000032600000308
00000293000003020000033800000317000003290000032100000317000003460000030400000333
00000306000003100000029500000302000002990000030300000319000002930000031300000325
00000308000003000000035300000292000003420000031300000318000002970000025900000303
00000303000002880000029400000276000002900000031200000320000002580000026400000300
00000284000002810000028900000316000003070000029300000284000002860000029000000323
00000300000002990000032800000301000002880000029000000311000003030000028400000311
00000307000002970000028600000267000002880000029200000307000002900000030000000301
00000270000002660000029400000299000003280000028800000282000002900000026500000268
00000268000003050000028800000255000002550000029100000276000002750000028300000263
00000279000002660000026400000278000003150000026500000271000002500000028200000316
00000279000002760000025700000273000002930000025800000277000002670000029000000268
00000229000002580000029200000269000002500000027400000298000002500000028800000297
00000252000002690000030100000270000002850000026700000272000002420000026700000236
00000266000002610000025700000228000002200000025100000269000002690000028500000245
00000261000002740000026200000266000002680000024700000258000002360000027700000237
00000263000002670000024800000260000002430000028300000259000002460000023000000242
00000229000002720000026800000249000002630000022900000242000002730000022500000254
00000257000002390000022700000258000002300000024200000236000002500000025300000243
00000262000002220000022300000240000002600000023100000224000002410000024000000235
00000202000002230000022300000223000002330000022800000212000002060000024400000209
00000228000002430000021100000240000002350000021700000206000002320000022900000222
00000217000002230000022400000194000002120000017800000221000002070000021400000202
00000216000002290000021300000211000002120000019800000215000002060000021300000197
00000196000001860000019900000193000002040000019500000218000002070000018800000237
00000196000001930000021600000208000002060000019800000204000001910000019200000211
00000214000001670000018800000206000001890000018700000168000001780000020700000231
00000190000001840000017900000181000001870000016600000196000001750000015100000186
00000160000001880000017100000172000001670000018500000177000001900000021300000169
00000163000001740000016900000174000001770000015800000159000001520000016200000184
00000170000001840000015800000166000001760000016900000163000001840000014600000153
00000139000001850000016400000149000001630000016300000161000001600000017000000166
00000143000001490000015300000127000001660000014000000143000001430000015200000152
00000151000001580000016400000121000001380000013800000147000001610000014200000136
00000138000001530000015700000124000001210000015900000137000001400000013800000127
00000128000001180000013500000122000001120000012900000117000001260000013400000098
00000116000001000000009900000100000001230000010400000106000000930000009000000102
00000111000000960000009500000097000000830000009600000073000000910000008500000079
00000089000000790000008200000070000000820000007000000085000000730000005800000074
00000069000000570000007400000062000000710000005600000065000000520000006200000052
00000061000000560000005000000056000000480000005600000054000000430000006200000047
00000043000000500000004300000036000000390000004100000039000000330000004000000029
00000040000000340000003800000034000000380000003200000033000000290000002200000023
00000023000000230000001900000023000000190000001500000020000000130000001900000017
00000016000000170000001300000014000000100000000900000019000000120000001500000009
00000006000000060000001200000015000000100000000900000011000000070000001200000006
00000007000000050000000500000011000000080000001300000009000000030000000600000006
00000006000000070000000500000004000000040000000000000006000000020000000400000006
00000001000000060000000300000006000000040000000200000001000000010000000100000002
00000004000000040000000400000001000000000000000200000000000000040000000300000001
00000001000000000000000200000003000000000000000100000000000000010000000300000002
00000000000000030000000300000003000000010000000100000000000000030000000200000001
00000003000000020000000200000001000000000000000100000002000000010000000100000001
00000002000000010000000000000003000000000000000400000000000000020000000100000000
00000001000000010000000200000003000000000000000000000000000000000000000000000002
00000000000000030000000000000002000000000000000000000001000000000000000100000000
00000001000000020000000000000001000000010000000200000000000000010000000300000001
00000003000000020000000000000000000000010000000000000001000000000000000100000002
00000002000000000000000000000000000000010000000100000001000000020000000000000001
00000003000000020000000000000001000000010000000000000001000000010000000100000000
00000000000000010000000000000002000000000000000000000000000000030000000100000001
00000000000000010000000200000000000000010000000000000000000000010000000000000002
00000001000000010000000000000001000000000000000000000001000000010000000000000000
00000000000000010000000100000000000000000000000000000001000000010000000000000000
00000001000000020000000200000000000000000000000200000001000000010000000000000001
00000000000000000000000200000001000000000000000000000000000000000000000000000000
00000002000000000000000000000000000000000000000300000000000000010000000000000000
00000000000000000000000000000001000000000000000200000001000000000000000000000001
00000000000000010000000000000000000000000000000000000000000000000000000000000000
00000000000000000000000000000000000000000000000100000000000000000000000000000000
00000000000000000000000000000000000000000000000200000000000000000000000000000000
00000001000000010000000000000000000000010000000000000000000000020000000200000000
00000000000000000000000000000000000000010000000000000001000000010000000000000001
00000000000000000000000000000000000000000000000000000000000000010000000000000001
00000000000000000000000000000000000000010000000100000001000000010000000000000000
00000001000000000000000000000000000000000000000000000000000000000000000200000000
00000001000000000000000000000000000000000000000000000000000000000000000000000000
00000000000000000000000000000001000000000000000000000000000000000000000000000000
00000000000000000000000100000001000000010000000000000000000000000000000000000000
00000000000000010000000000000000000000000000000000000000000000000000000000000000
00000000000000000000000000000000000000010000000100000000000000010000000100000000
00000000000000000000000000000000000000000000000000000001000000000000000000000000
00000000000000000000000000000000000000010000000100000000000000010000000000000000
00000000000000000000000000000000000000000000000000000000000000010000000000000000
00000000000000010000000000000000000000000000000000000000000000000000000000000000
00000000000000000000000000000000000000010000000000000000000000000000000000000000
00000000000000010000000000000000000000000000000100000000000000000000000000000001
00000000000000000000000000000001000000010000000000000000000000000000000000000000
00000001000000000000000000000000000000000000000000000000000000000000000000000000
00000001000000000000000100000000000000000000000000000000000000000000000000000001
00000000000000000000000000000000000000000000000000000000000000000000000000000000
00000000000000000000000000000000000000000000000000000000000000000000000000000000
00000000000000000000000000000000000000000000000000000001000000000000000000000000
00000000000000000000000000000000000000000000000000000000000000000000000000000000
00000000000000000000000000000000000000000000000000000000000000000000000000000000
00000000000000000000000000000001000000010000000000000000000000000000000000000000
00000000000000000000000000000000000000010000000100000000000000000000000000000000
00000000000000000000000000000000000000000000000000000000000000000000000000000000
00000000000000000000000000000000000000000000000000000000000000000000000000000000
00000000000000000000000000000000000000000000000000000000000000000000000000000000
00000000000000000000000000000001000000000000000000000000000000000000000000000000
00000000000000000000000000000000000000000000000000000000000000000000000000000000
00000001000000000000000000000000000000000000000000000000000000000000000000000000
00000000000000000000000000000000000000000000000000000000000000000000000000000000
00000000000000000000000000000000000000000000000000000000000000000000000000000000
00000000000000000000000000000000000000000000000000000000000000000000000000000000
00000000000000000000000000000000000000000000000000000000000000000000000000000000
00000000000000000000000000000000000000000000000000000000000000000000000000000000
00000000000000000000000000000001000000000000000000000000000000000000000000000000
00000001000000000000000000000000000000000000000000000000000000000000000100000000
00000000000000000000000000000000000000000000000000000000000000000000000000000000
00000000000000000000000000000001000000000000000000000000000000000000000000000001
00000000000000000000000000000000000000000000000000000000000000000000000000000000
00000000000000000000000000000000000000000000000000000000000000000000000000000000
00000000000000000000000100000000000000000000000000000000000000000000000000000001
00000000000000000000000000000000000000000000000000000000000000010000000000000000
00000000000000000000000000000000000000000000000000000000000000000000000000000000
00000001000000000000000100000000000000000000000000000000000000000000000000000000
00000000000000000000000000000000000000000000000000000000000000000000000000000000
00000000000000000000000000000000000000000000000000000000000000000000000000000000
00000000000000000000000000000000000000000000000000000000000000000000000000000000
00000000000000000000000000000000000000000000000000000000000000000000000000000000
00000000000000000000000000000000000000000000000000000000000000000000000000000000
00000000000000000000000000000000000000000000000000000000000000000000000000000000
00000000000000000000000000000000000000000000000000000000000000000000000000000000
00000000000000000000000000000000000000000000000000000000000000000000000100000000
00000000000000000000000000000000000000000000000000000000000000000000000000000000
00000000000000000000000000000000000000000000000000000000000000000000000000000000
00000000000000000000000000000000000000000000000100000000000000000000000000000000
00000000000000000000000000000000000000000000000000000000000000000000000000000000
00000000000000000000000000000000000000000000000000000000000000000000000000000000
00000000000000000000000000000000000000000000000000000000000000000000000000000000
00000000000000000000000000000000000000000000000000000000000000000000000000000000
00000000000000000000000000000000000000000000000000000000000000000000000000000000
00000000000000000000000000000000000000000000000000000000000000000000000000000000
00000000000000000000000000000000000000000000000000000000000000000000000000000000
00000000000000000000000000000000000000000000000000000000000000000000000000000000
00000000000000000000000000000000000000000000000000000000000000000000000000000000
00000000000000000000000000000000000000000000000000000000000000000000000000000000
00000000000000000000000000000000000000000000000000000000000000000000000100000000
00000000000000000000000000000000000000000000000000000000000000000000000000000000
00000000000000000000000000000000000000000000000000000000000000000000000000000000
00000000000000000000000000000000000000000000000000000000000000000000000000000000
00000000000000000000000000000001000000000000000000000000000000000000000000000000
00000000000000000000000000000000000000000000000000000000000000000000000000000000
00000000000000000000000000000000000000000000000000000000000000000000000000000000
00000000000000000000000000000000000000000000000000000000000000000000000000000000
00000000000000000000000000000000000000000000000000000000000000000000000000000000
00000000000000000000000000000000000000000000000000000000000000000000000000000000
00000000000000000000000000000000000000000000000000000000000000000000000000000000
00000000000000000000000000000000000000000000000000000000000000000000000000000000
00000000000000000000000000000000000000000000000000000000000000000000000000000000
00000001000000000000000000000000000000000000000000000000000000000000000000000000
00000000000000000000000000000000000000000000000000000000000000000000000000000000
00000000000000000000000000000000000000000000000000000000000000000000000000000000
00000000000000000000000000000000000000000000000000000000000000000000000000000000
00000000000000000000000000000000000000000000000000000001000000000000000000000000
00000000000000000000000000000000000000000000000000000000000000000000000000000000
00000000000000000000000000000000000000000000000000000000000000000000000100000000
00000000000000000000000000000000000000000000000000000000000000000000000000000000
00000000000000000000000000000000000000000000000000000000000000000000000000000000
00000000000000000000000000000000000000000000000000000000000000000000000000000000
00000000000000000000000000000000000000000000000000000000000000000000000000000000
00000000000000000000000100000000000000000000000000000000000000000000000000000000
00000000000000000000000000000000000000000000000000000000000000000000000000000000
00000000000000000000000000000000000000000000000000000000000000000000000000000000
00000000000000010000000000000000000000000000000000000000000000000000000000000000
00000000000000000000000000000000000000000000000000000000000000010000000000000000
00000000000000000000000000000000000000000000000000000000000000000000000000000000
00000000000000000000000000000000000000000000000000000000000000000000000000000000
00000000000000000000000000000000000000000000000000000000000000000000000000000000
00000000000000000000000000000000000000000000000000000000000000000000000000000000
00000000000000000000000000000000000000000000000000000000000000000000000000000000
00000000000000000000000000000000000000000000000000000000000000000000000000000000
00000000000000000000000000000000000000000000000000000000000000000000000000000000
00000000000000000000000000000000000000000000000000000000000000000000000000000000
00000000000000000000000000000000000000000000000000000000000000000000000000000000
00000000000000000000000000000000000000000000000000000000000000000000000000000000
00000000000000000000000000000000000000000000000000000000000000000000000000000000
00000000000000000000000000000000000000000000000000000000000000000000000000000000
00000000000000000000000000000000000000000000000000000000000000000000000000000000
00000000000000000000000000000000000000000000000100000000000000000000000000000000
00000001000000000000000000000000000000000000000000000000000000000000000000000000
00000000000000000000000000000000000000000000000000000000000000000000000000000000
00000000000000010000000000000000000000000000000000000000000000000000000000000000
00000000000000000000000000000000000000000000000000000000000000000000000000000000
00000000000000000000000000000000000000000000000000000000000000000000000000000000
00000000000000000000000000000000000000000000000000000000000000000000000000000000
00000000000000000000000000000000000000000000000100000000000000000000000000000000
00000000000000000000000000000000000000000000000000000000000000000000000000000000
00000000000000000000000000000000000000000000000000000000000000000000000000000000
00000000000000000000000000000000000000000000000000000000000000000000000000000000
00000000000000000000000000000000000000000000000000000000000000000000000000000000
00000000000000000000000000000000000000000000000000000000000000000000000000000000
00000000000000000000000000000000000000000000000000000000000000000000000000000000
00000000000000000000000000000000000000000000000000000000000000000000000000000000
00000000000000000000000000000000000000000000000000000000000000000000000000000000
00000000000000000000000000000000000000000000000000000000000000000000000000000000
00000000000000000000000000000000000000000000000000000000000000000000000000000000
00000000000000000000000000000000000000000000000000000000000000000000000000000000
00000000000000000000000000000000000000000000000000000000000000000000000100000000
00000000000000000000000000000000000000000000000000000000000000000000000000000000
00000000000000000000000000000000000000000000000000000000000000000000000000000000
00000000000000000000000000000000000000000000000000000000000000000000000000000000
00000000000000000000000000000000000000000000000000000000000000000000000000000000
00000000000000000000000100000000000000000000000000000000000000000000000000000000
00000000000000000000000000000000000000000000000000000000000000000000000000000000
00000000000000000000000000000000000000000000000000000000000000000000000000000000
00000000000000000000000000000000000000000000000000000000000000000000000000000000
00000000000000000000000000000000000000000000000000000000000000010000000000000000
00000000000000000000000000000000000000000000000000000000000000000000000000000000
00000000000000000000000000000000000000000000000000000000000000000000000000000000
00000000000000000000000000000000000000000000000000000000000000000000000000000000
00000000000000000000000000000000000000000000000000000000000000000000000000000000
00000000000000000000000000000000000000000000000000000000000000000000000000000000
00000000000000000000000000000000000000000000000000000000000000000000000000000000
00000000000000000000000000000000000000000000000000000000000000000000000000000000
00000000000000000000000000000000000000000000000000000000000000000000000000000000
00000000000000000000000000000000000000000000000000000000000000000000000000000000
00000000000000000000000000000000000000000000000000000000000000000000000000000000
00000000000000000000000000000000000000000000000000000000000000000000000000000000
00000000000000000000000000000000000000000000000000000000000000010000000000000000
00000000000000000000000000000000000000000000000000000000000000000000000000000000
00000000000000000000000000000000000000000000000000000000000000000000000000000000
00000000000000000000000000000000000000000000000000000000000000000000000000000000
00000000000000000000000000000000000000000000000000000000000000000000000000000000
00000000000000000000000000000000000000000000000000000000000000000000000000000000
00000000000000000000000000000000000000000000000000000000000000000000000000000000
00000000000000000000000000000000000000000000000000000000000000000000000000000000
00000000000000000000000000000000000000000000000000000000000000000000000000000000
00000000000000000000000000000000000000000000000000000000000000000000000000000000
00000000000000000000000000000000000000000000000000000000000000000000000000000000
00000000000000000000000000000000000000000000000000000000000000000000000000000000
00000000000000000000000000000000000000000000000000000000000000000000000000000000
00000000000000000000000000000000000000000000000000000000000000000000000000000000
00000000000000000000000000000000000000000000000000000000000000000000000000000000
00000000000000000000000000000000000000000000000000000000000000000000000000000000
00000000000000000000000000000000000000000000000000000000000000000000000000000000
00000000000000000000000000000000000000000000000000000000000000000000000000000000
00000000000000000000000000000000000000000000000000000000000000000000000000000000
00000000000000000000000000000000000000000000000000000000000000000000000000000000
00000000000000000000000000000000000000000000000000000000000000000000000000000000
00000000000000000000000000000000000000000000000000000000000000000000000000000000
00000000000000000000000100000000000000000000000000000000000000000000000000000000
00000000000000000000000000000000000000000000000000000000000000000000000000000000
00000000000000000000000000000000000000000000000000000000000000000000000000000000
00000000000000000000000000000000000000000000000000000000000000000000000000000000
00000000000000000000000000000000000000000000000000000000000000000000000000000000
00000000000000000000000000000000000000000000000000000000000000000000000000000000
00000000000000000000000000000000000000000000000000000000000000000000000000000000
00000000000000000000000000000000000000000000000000000000000000000000000000000000
00000000000000000000000000000000000000000000000000000000000000000000000000000000
00000000000000000000000000000001000000000000000000000000000000000000000000000000
00000000000000000000000000000000000000000000000000000000000000000000000000000000
00000000000000000000000000000000000000000000000000000000000000000000000000000000
00000000000000000000000000000000000000000000000000000000000000000000000000000000
00000000000000000000000000000000000000000000000000000000000000000000000000000000
00000000000000000000000000000000000000000000000000000000000000000000000000000000
00000000000000000000000000000000000000000000000000000000000000000000000000000000
00000000000000000000000000000000000000000000000000000000000000000000000000000001
00000000000000000000000000000000000000000000000000000000000000000000000000000000
00000000000000000000000000000000000000000000000000000000000000000000000000000000
00000000000000000000000000000000000000000000000000000000000000000000000000000000
00000000000000000000000000000000000000010000000000000000000000000000000000000000
00000000000000000000000000000000000000000000000000000000000000000000000000000000
00000000000000010000000000000000000000000000000000000000000000000000000000000000
00000000000000000000000000000000000000000000000000000000000000000000000000000000
00000000000000000000000000000000000000000000000000000000000000000000000000000000
00000000000000000000000000000000000000000000000000000000000000000000000000000000
00000000000000000000000000000000000000000000000000000000000000000000000000000000
00000000000000000000000000000000000000000000000000000000000000000000000000000000
00000000000000000000000000000000000000000000000000000000000000000000000000000000
00000000000000000000000000000000000000000000000000000000000000000000000000000000
00000000000000000000000000000000000000000000000000000000000000000000000000000000
00000000000000000000000000000000000000000000000000000000000000000000000000000000
00000000000000000000000000000000000000000000000000000000000000000000000000000000
00000000000000000000000000000000000000000000000000000000000000000000000000000000
00000000000000000000000000000000000000000000000000000000000000000000000000000000
00000000000000000000000000000000000000000000000000000000000000000000000000000000
00000000000000000000000000000000000000000000000000000000000000000000000000000000
00000000000000010000000000000000000000000000000000000000000000000000000000000000
00000000000000000000000000000000000000000000000000000000000000000000000000000000
00000000000000000000000000000000000000000000000000000000000000000000000000000000
00000000000000000000000000000000000000010000000000000000000000000000000000000000
00000000000000000000000000000000000000000000000000000000000000000000000000000000
00000000000000000000000000000000000000000000000000000000000000000000000000000000
00000000000000000000000000000000000000000000000000000000000000000000000000000000
00000000000000000000000000000000000000000000000000000000000000000000000000000000
00000000000000000000000000000000000000000000000000000001000000000000000000000000
00000000000000000000000000000000000000000000000000000000000000000000000000000000
00000000000000000000000000000000000000000000000000000000000000000000000000000000
00000000000000000000000000000000000000000000000100000000000000000000000000000000
00000000000000000000000000000000000000000000000000000001000000000000000000000000
00000000000000000000000000000000000000000000000000000000000000000000000000000000
00000000000000000000000000000000000000010000000000000000000000000000000000000000
00000000000000000000000000000000000000000000000000000000000000000000000000000000
00000000000000000000000000000000000000000000000000000000000000000000000000000000
00000000000000000000000000000000000000000000000000000000000000000000000000000000
00000000000000000000000000000000000000000000000000000000000000000000000000000000
00000000000000000000000100000000000000000000000000000000000000000000000000000000
00000000000000000000000000000000000000000000000000000000000000000000000000000000
00000000000000000000000000000000000000000000000000000000000000000000000000000000
00000001000000000000000000000000000000000000000000000000000000010000000000000000
00000000000000000000000000000000000000000000000000000000000000000000000000000000
00000000000000000000000000000000000000000000000000000000000000000000000000000000
00000000000000000000000000000000000000000000000000000000000000000000000000000000
00000000000000000000000000000000000000000000000000000000000000000000000000000000
00000000000000000000000000000000000000000000000000000000000000000000000000000000
00000001000000000000000000000000000000000000000000000000000000000000000000000000
00000000000000000000000000000000000000000000000000000000000000000000000000000000
00000000000000000000000000000000000000000000000000000001000000000000000000000000
00000000000000000000000000000000000000000000000000000000000000000000000000000000
00000001000000000000000000000000000000000000000000000000000000000000000100000000
00000000000000000000000000000000000000000000000000000000000000000000000000000000
00000000000000000000000000000000000000000000000000000000000000000000000000000000
00000000000000000000000000000000000000000000000000000000000000000000000000000000
00000001000000000000000000000000000000000000000000000000000000000000000000000000
00000000000000000000000000000000000000000000000000000000000000000000000000000000
00000000000000000000000000000001000000000000000000000000000000000000000000000000
00000000000000000000000000000000000000000000000000000000000000000000000000000001
00000000000000000000000000000000000000000000000000000000000000000000000000000000
00000000000000000000000000000000000000000000000000000000000000000000000000000000
00000000000000000000000000000000000000000000000000000000000000000000000000000000
00000000000000000000000000000000000000000000000000000000000000000000000000000000
00000000000000000000000000000000000000000000000000000000000000000000000000000000
00000000000000000000000000000000000000000000000100000000000000000000000000000000
00000000000000000000000000000000000000000000000000000000000000000000000000000000
00000000000000000000000000000000000000000000000000000000000000000000000000000000
00000000000000000000000000000000000000000000000000000000000000000000000000000000
00000000000000000000000000000000000000000000000000000000000000000000000000000000
00000000000000000000000000000000000000000000000000000000000000000000000000000000
00000000000000000000000000000000000000000000000000000000000000000000000000000000
00000000000000000000000000000000000000000000000000000000000000000000000000000000
00000000000000000000000000000000000000000000000000000000000000000000000000000000
00000000000000000000000000000000000000000000000000000000000000000000000000000000
00000000000000000000000000000000000000000000000000000000000000010000000000000000
00000000000000000000000000000000000000000000000000000000000000000000000000000000
00000000000000000000000000000000000000000000000100000001000000040000000000000002
00000004000000040000000600000001000000020000000100000006000000020000000500000002
00000003000000050000000200000004000000030000000200000007000000040000000200000002
00000000000000000000000000000000000000000000000000000000000000000000000000000000
00000000000000000000000000000000000000000000000000000000000000000000000000000000
00000000000000000000000000000000000000000000000000000000000000000000000000000000
00000000000000000000000000000000000000000000000000000000000000000000000000000000
00000000000000000000000000000000000000000000000000000000000000000000000000000000
00000000000000000000000000000000000000000000000000000000000000000000000000000000
00000000000000000000000000000000000000000000000000000000000000000000000000000000
00000000000000000000000000000000000000000000000000000000000000000000000000000000
00000000000000000000000000000000000000000000000000000000000000000000000000000000
00000000000000000000000000000000000000000000000000000000000000000000000000000000
00000000000000000000000000000000000000000000000000000000000000000000000000000000
00000000000000000000000000000000000000000000000000000000000000000000000000000000
00000000000000000000000000000000000000000000000000000000000000000000000000000000
00000000000000000000000000000000000000000000000000000000000000000000000000000000
00000000000000000000000000000000000000000000000000000000000000000000000000000000
00000000000000000000000000000000000000000000000000000000000000000000000000000000
00000000000000000000000000000000000000000000000000000000000000000000000000000000
00000000000000000000000000000000000000000000000000000000000000000000000000000000
00000000000000000000000000000000000000000000000000000000000000000000000000000000
00000000000000000000000000000000000000000000000000000000000000000000000000000000
00000000000000000000000000000000000000000000000000000000000000000000000000000000
00000000000000000000000000000000000000000000000000000000000000000000000000000000
00000000000000000000000000000000000000000000000000000000000000000000000000000000
00000000000000000000000000000000000000000000000000000000000000000000000000000000
00000000000000000000000000000000000000000000000000000000000000000000000000000000
00000000000000000000000000000000000000000000000000000000000000000000000000000000
00000000000000000000000000000000000000000000000000000000000000000000000000000000
000000000000000000000000000000000000000000000000