 0000102 0000021 0000000 0004095 1040720 0165724
00000000000000000000000000000000000000000000000000000000000000000000000000000000
00000000000000000000000000000000000000000000000000000000000000000000000000000000
00000000000000000000000000000000000000000000000000000000000000000000000000000000
00000000000000000000000000000000000000000000000000000000000000000000000000000000
00000000000000000000000000000000000000000000000000000000000000000000000000000000
00000000000000000000000000000000000000000000000000000000000000000000000000000000
00000000000000000000000000000000000000000000000000000000000000000000000000000000
00000000000000000000000000000000000000000000000000000000000000000000000000000000
00000000000000000000000000000000000000000000000000000000000000000000000000000000
00000000000000000000000000000000000000000000000000000000000000000000000000000000
00000000000000000000000000000000000000000000000000000000000000000000000000000000
00000000000000000000000000000000000000000000000000000000000000000000000000000000
00000000000000000000000000000000000000000000000000000000000000000000000000000000
00000000000000000000000000000000000000000000000000000000000000000000000000000000
00000000000000000000000000000000000000000000000000000000000000000000000000000000
00000000000000000000000000000000000000000000000000000000000000000000000000000000
00000000000000000000000000000000000000000000000000000000000000000000000000000000
00000000000000000000000000000000000000000000000000000000000000000000000000000000
00000000000000000000000000000000000000000000000000000000000000000000000000000000
00000000000000000000000000000000000000000000000000000000000000000000000000000000
00000000000000000000000000000000000000000000000000000000000000000000000000000000
00000000000000000000000000000000000000000000000000000000000000000000000000000000
00000000000000000000000000000000000000000000000000000000000000000000000000000000
00000000000000000000000000000000000000000000000000000000000000000000000000000000
00000000000000000000000000000000000000000000000000000000000000000000000000000000
00000000000000000000000000000000000000000000000000000000000000000000000000000000
00000000000000000000000000000000000000000000000000000000000000000000000000000000
00000000000000000000000000000000000000000000000000000000000000000000000000000000
00000000000000000000000000000000000000000000000000000000000000000000000000000000
00000000000000000000000000000000000000000000000000000000000000000000000000000000
00000000000000000000000000000000000000000000000000000000000000000000000000000000
00000000000000000000000000000000000000000000000000000000000000000000000000000000
00000000000000000000000000000000000000000000000000000000000000000000000000000000
00000000000000000000000000000000000000000000000000000000000000000000000000000000
00000000000000000000000000000000000000000000000000000000000000000000000000000000
00000000000000000000000000000000000000000000000000000000000000000000000000000000
00000000000000000000000000000000000000000000000000000000000000000000000000000000
00000000000000000000000000000000000000000000000000000000000000000000000000000000
00000000000000000000000000000000000000000000000000000000000000000000000000000000
00000000000000000000000000000000000000000000000000000000000000000000000000000000
00000000000000000000000000000000000000000000000000000000000000000000000000000000
00000000000000000000000000000000000000000000000000000000000000000000000000000000
00000000000000000000000000000000000000000000000000000000000000000000000000000000
00000000000000000000000000000000000000000000000000000000000000000000000000000000
00000000000000000000000000000000000000000000000000000000000000000000000000000000
00000000000000000000000000000000000000000000000000000000000000000000000000000000
00000000000000000000000000000000000000000000000000000000000000000000000000000000
00000000000000000000000000000000000000000000000000000000000000000000000000000000
00000000000000000000000000000000000000000000000000000000000000000000000000000000
00000000000000000000000000000000000000000000000000000000000000000000000000000000
00000000000000000000000000000000000000000000000000000000000000000000000000000000
00000000000000000000000000000000000000000000000000000000000000000000000000000000
00000000000000000000000000000000000000000000000000000000000000000000000000000000
00000000000000000000000000000000000000000000000000000000000000000000000000000000
00000000000000000000000000000000000000000000000000000000000000000000000000000000
00000000000000000000000000000000000000000000000000000000000000000000000000000000
00000000000000000000000000000000000000000000000000000000000000000000000000000000
00000000000000000000000000000000000000000000000000000000000000000000000000000000
00000000000000000000000000000000000000000000000000000000000000000000000000000000
00000000000000000000000000000000000000000000000000000000000000000000000000000000
00000000000000000000000000000000000000000000000000000000000000000000000000000000
00000000000000000000000000000000000000000000000000000000000000000000000000000000
00000000000000000000000000000000000000000000000000000000000000000000000000000000
00000000000000000000000000000000000000000000000000000000000000000000000000000000
00000000000000000000000000000000000000000000000000000000000000000000000000000000
00000000000000000000000000000000000000000000000000000000000000000000000000000000
00000000000000000000000000000000000000000000000000000000000000000000000000000000
00000000000000000000000000000000000000000000000000000000000000000000000000000000
00000000000000000000000000000000000000000000000000000000000000000000000000000000
00000000000000000000000000000000000000000000000000000000000000000000000000000000
00000000000000000000000000000000000000000000000000000000000000000000000000000000
00000000000000000000000000000000000000000000000000000000000000000000000000000000
00000000000000000000000000000000000000000000000000000000000000000000000000000000
00000000000000000000000000000000000000000000000000000000000000000000000000000000
00000000000000000000000000000000000000000000000000000000000000000000000000000000
00000000000000000000000000000000000000000000000000000000000000000000000000000000
00000000000000000000000000000000000000000000000000000000000000000000000000000000
00000000000000000000000000000000000000000000000000000000000000000000000000000000
00000000000000000000000000000000000000000000000000000000000000000000000000000000
00000000000000000000000000000000000000000000000000000000000000000000000000000000
00000000000000000000000000000000000000000000000000000000000000000000000000000000
00000000000000000000000000000000000000000000000000000000000000000000000000000000
00000000000000000000000000000000000000000000000000000000000000000000000000000000
00000000000000000000000000000000000000000000000000000000000000000000000000000000
00000000000000000000000000000000000000000000000000000000000000000000000000000000
00000000000000000000000000000000000000000000000000000000000000000000000000000000
00000000000000000000000000000000000000000000000000000000000000000000000000000000
00000000000000000000000000000000000000000000000000000000000000000000000000000000
00000000000000000000000000000000000000000000000000000000000000000000000000000000
00000000000000000000000000000000000000000000000000000000000000000000000000000000
00000000000000000000000000000000000000000000000000000000000000000000000000000000
00000000000000000000000000000000000000000000000000000000000000000000000000000000
00000000000000000000000000000000000000000000000000000000000000000000000000000000
00000000000000000000000000000000000000000000000000000000000000000000000000000000
00000000000000000000000000000000000000000000000000000000000000000000000000000000
00000000000000000000000000000000000000000000000000000000000000000000000000000000
00000000000000000000000000000000000000000000000000000000000000000000000000000000
00000000000000000000000000000000000000000000000000000000000000000000000000000000
00000000000000000000000000000000000000000000000000000000000000000000000000000000
00000000000000000000000000000000000000000000000000000000000000000000000000000000
00000000000000000000000000000000000000000000000000000000000000000000000000000000
00000000000000000000000000000000000000000000000000000000000000000000000000000000
00000000000000000000000000000000000000000000000000000000000000000000000000000000
00000000000000000000000000000000000000000000000000000000000000000000000000000000
00000000000000000000000000000000000000000000000000000000000000000000000000000000
00000000000000000000000000000000000000000000000000000000000000000000000000000000
00000000000000000000000000000000000000000000000000000000000000000000000000000000
00000000000000000000000000000000000000000000000000000000000000000000000000000000
00000000000000000000000000000000000000000000000000000000000000000000000000000000
00000000000000000000000000000000000000000000000000000000000000000000000000000000
00000000000000000000000000000000000000000000000000000000000000000000000000000000
00000000000000000000000000000000000000000000000000000000000000000000000000000000
00000000000000000000000000000000000000000000000000000000000000000000000000000000
00000000000000000000000000000000000000000000000000000000000000000000000000000000
00000000000000000000000000000000000000000000000000000000000000000000000000000000
00000000000000000000000000000000000000000000000000000000000000000000000000000000
00000000000000000000000000000000000000000000000000000000000000000000000000000000
00000000000000000000000000000000000000000000000000000000000000000000000000000000
00000000000000000000000000000000000000000000000000000000000000000000000000000000
00000000000000000000000000000000000000000000000000000000000000000000000000000000
00000000000000000000000000000000000000000000000000000000000000000000000000000000
00000000000000000000000000000000000000000000000000000000000000000000000000000000
00000000000000000000000000000000000000000000000000000000000000000000000000000000
00000000000000000000000000000000000000000000000000000000000000000000000000000000
00000000000000000000000000000000000000000000000000000000000000000000000000000000
00000000000000000000000000000000000000000000000000000000000000000000000000000000
00000000000000000000000000000000000000000000000000000000000000000000000000000000
00000000000000000000000000000000000000000000000000000000000000000000000000000000
00000000000000000000000000000000000000000000000000000000000000000000000000000000
00000000000000000000000000000000000000000000000000000000000000000000000000000000
00000000000000000000000000000000000000000000000000000000000000000000000000000000
00000000000000000000000000000000000000000000000000000000000000000000000000000000
00000000000000000000000000000000000000000000000000000000000000000000000000000000
00000000000000000000000000000000000000000000000000000000000000000000000000000000
00000000000000000000000000000000000000000000000000000000000000000000000000000000
00000000000000000000000000000000000000000000000000000000000000000000000000000000
00000000000000000000000000000000000000000000000000000000000000000000000000000000
00000000000000000000000000000000000000000000000000000000000000000000000000000000
00000000000000000000000000000000000000000000000000000000000000000000000000000000
00000000000000000000000000000000000000000000000000000000000000000000000000000000
00000000000000000000000000000000000000000000000000000000000000000000000000000000
00000000000000000000000000000000000000000000000000000000000000000000000000000000
00000000000000000000000000000000000000000000000000000000000000000000000000000000
00000000000000000000000000000000000000000000000000000000000000000000000000000000
00000000000000000000000000000000000000000000000000000000000000000000000000000000
00000000000000000000000000000000000000000000000000000000000000000000000000000000
00000000000000000000000000000000000000000000000000000000000000000000000000000000
00000000000000000000000000000000000000000000000000000000000000000000000000000000
00000000000000000000000000000000000000000000000000000000000000000000000000000000
00000000000000000000000000000000000000000000000000000000000000000000000000000000
00000000000000000000000000000000000000000000000000000000000000000000000000000000
00000000000000000000000000000000000000000000000000000000000000000000000000000000
00000000000000000000000000000000000000000000000000000000000000000000000000000000
00000000000000000000000000000000000000000000000000000000000000000000000000000000
00000000000000000000000000000000000000000000000000000000000000000000000000000000
00000000000000000000000000000000000000000000000000000000000000000000000000000000
00000000000000000000000000000000000000000000000000000000000000000000000000000000
00000000000000000000000000000000000000000000000000000000000000000000000000000000
00000000000000000000000000000000000000000000000000000000000000000000000000000000
00000000000000000000000000000000000000000000000000000000000000000000000000000000
00000000000000000000000000000000000000000000000000000000000000000000000000000000
00000000000000000000000000000000000000000000000000000000000000000000000000000000
00000000000000000000000000000000000000000000000000000000000000000000000000000000
00000000000000000000000000000000000000000000000000000000000000000000000000000000
00000000000000000000000000000000000000000000000000000000000000000000000000000000
00000000000000000000000000000000000000000000000000000000000000000000000000000000
00000000000000000000000000000000000000000000000000000005000001190000041700000608
00000680000006600000062600000645000006060000059600000563000005130000055000000472
00000475000004600000047100000413000003690000034300000339000003510000034500000301
00000320000003110000027500000304000003030000024700000227000002550000026800000223
00000195000002080000020600000187000001700000017500000141000001750000017200000160
00000150000001590000014100000122000001200000013800000111000001270000012700000111
00000109000000850000010600000097000000950000009200000097000000810000007500000084
00000084000000680000007700000073000000690000006000000065000000600000005400000065
00000054000000780000005500000045000000570000006600000036000000530000006400000056
00000040000000260000005700000047000000600000003900000051000000530000003600000058
00000048000000520000005000000050000000470000004700000050000000440000005700000047
00000039000000590000005900000061000000620000005700000038000000610000005200000056
00000064000000710000007100000080000000770000006600000081000000580000007300000089
00000082000000850000009800000088000000840000009400000111000000880000011500000107
00000117000001470000012200000118000001450000016100000132000001450000013400000165
00000155000001650000016100000176000001890000019900000213000002000000022600000225
00000228000002330000024900000248000002530000024900000281000002640000030300000313
00000315000003080000031600000357000003710000034700000399000003880000042600000419
00000461000004270000046500000479000004860000051700000502000005340000052100000552
00000595000005820000063300000660000006360000067800000646000007160000068600000709
00000783000007840000079600000766000008270000076600000844000008120000083200000878
00000907000009130000098700000995000009320000101700001029000010600000102200001091
00001141000010870000122700001145000011580000123200001237000012290000122300001274
00001285000013080000131400001285000014220000135600001459000014260000140600001423
00001378000014840000147000001449000015090000155000001551000015700000152600001532
00001529000016010000169200001624000016490000164100001663000016290000164900001673
00001640000016580000168800001685000017040000173400001733000017160000174400001652
00001690000017650000176800001686000017230000174600001798000017950000180000001755
00001771000017770000172300001825000017940000172400001714000017550000168600001705
00001731000018240000177600001761000017220000177400001735000016930000172800001721
00001643000017150000164200001677000017600000162700001688000017380000164600001703
00001609000016790000157600001596000015520000152300001648000015600000155500001593
00001536000015550000146900001568000015320000159000001534000014700000149700001492
00001492000014720000146200001449000013980000132700001420000014250000139200001368
00001316000012740000136500001373000012670000128400001184000013460000129800001234
00001316000011400000126600001227000012270000119800001277000011850000109400001105
00001182000011180000113100001075000010950000109000001096000010520000098700000986
00000995000010460000102900000998000009680000099000000930000009040000094500000952
00000929000009060000096800000907000008760000085000000889000008690000085900000882
00000850000008640000082400000802000008100000079500000794000008140000074200000749
00000722000007660000073900000752000007500000073000000680000006780000069000000742
00000675000006990000065800000628000006670000064000000615000006120000062800000594
00000589000006180000056800000569000005350000056700000508000005730000057500000577
00000541000005440000051800000510000004600000050400000517000005120000045800000474
00000489000004990000046700000454000004490000048700000428000004080000042300000394
00000429000004100000038800000449000003630000044000000378000003610000033600000384
00000362000003790000034700000379000003560000035700000355000003310000034100000305
00000355000003300000030300000306000003040000031700000321000002970000030100000280
00000317000002760000028800000284000002810000027800000245000002660000026100000268
00000255000002260000023700000243000002500000022800000248000002570000023800000223
00000236000002250000025400000203000002230000020900000186000002200000019100000199
00000203000001900000019900000179000002050000016600000202000001830000018000000162
00000167000001710000018300000182000001760000018900000167000001640000017500000166
00000174000001570000015100000157000001680000016600000153000001200000015100000146
00000140000001610000014200000133000001590000014700000128000001220000014100000134
00000130000001100000011600000112000000910000012400000083000001190000011700000113
00000114000001220000009300000112000001010000008500000089000001070000009800000084
00000092000000870000010700000100000000930000009400000088000000980000008800000097
00000096000000710000008400000093000000810000009700000086000000830000009200000073
00000079000000870000007000000069000000670000007100000065000000780000007600000062
00000077000000690000006600000054000000620000005700000064000000640000006500000064
00000078000000590000006700000068000000570000006300000071000000420000005100000045
00000069000000480000005000000048000000520000004700000074000000440000004300000057
00000053000000540000004200000050000000480000004300000045000000530000005200000044
00000043000000400000004800000040000000460000005600000050000000400000003700000037
00000041000000500000005100000035000000340000003500000030000000430000003100000040
00000020000000290000002900000047000000360000003100000027000000380000003300000023
00000020000000370000003300000030000000240000003100000023000000350000003000000030
00000031000000330000003300000026000000220000001700000031000000270000003800000021
00000019000000250000003400000039000000210000002600000036000000270000002400000017
00000026000000220000002000000020000000230000001900000016000000170000002400000020
00000021000000160000001400000019000000240000003400000020000000230000002500000014
00000016000000190000002300000020000000190000002700000027000000190000001300000015
00000019000000220000001200000019000000140000001500000007000000140000001400000015
00000015000000140000001500000009000000130000001000000017000000140000001800000016
00000013000000160000001300000012000000110000002000000016000000230000001600000011
00000007000000140000001500000011000000120000001400000015000000090000001200000008
00000015000000170000000900000010000000130000001300000005000000170000001400000010
00000009000000090000000900000008000000070000001000000012000000120000000800000013
00000010000000100000000900000009000000050000001000000015000000150000001200000008
00000012000000090000000800000011000000100000000900000008000000100000001600000008
00000006000000130000000500000009000000040000000600000007000000120000000600000008
00000006000000110000000600000007000000020000000400000011000000090000001300000010
00000005000000050000000700000014000000090000000500000006000000110000000400000002
00000008000000070000000800000003000000020000000800000010000000030000000500000006
00000005000000060000000400000006000000050000000800000003000000080000000300000005
00000004000000060000000600000004000000030000000900000008000000010000000800000006
00000005000000040000000800000002000000100000000300000007000000050000000800000004
00000003000000030000000800000005000000070000000200000009000000030000000700000004
00000004000000020000000500000007000000070000000700000004000000060000000500000007
00000004000000060000000500000001000000040000000500000003000000020000000500000003
00000003000000040000000300000002000000000000000400000002000000020000000500000005
00000007000000050000000200000004000000010000000600000007000000060000000600000003
00000005000000050000000300000003000000030000000300000006000000030000000400000002
00000002000000050000000200000004000000030000000200000001000000030000000400000003
00000003000000020000000200000005000000040000000100000001000000030000000400000004
00000006000000020000000100000006000000030000000400000002000000010000000500000004
00000006000000040000000000000002000000030000000400000000000000020000000300000004
00000002000000030000000300000001000000020000000100000002000000000000000200000002
00000000000000020000000200000002000000010000000500000004000000060000000000000003
00000001000000010000000600000004000000010000000300000001000000040000000200000001
00000002000000010000000100000002000000040000000200000002000000050000000200000000
00000001000000010000000300000003000000030000000200000004000000030000000200000002
00000003000000040000000100000001000000020000000400000002000000000000000400000002
00000002000000000000000000000001000000010000000200000004000000050000000200000000
00000002000000000000000100000001000000030000000100000001000000040000000100000001
00000001000000010000000200000001000000000000000200000004000000020000000100000000
00000000000000010000000300000001000000030000000200000002000000000000000000000000
00000001000000020000000300000002000000000000000100000000000000010000000100000003
00000002000000020000000100000002000000020000000200000000000000040000000000000002
00000002000000010000000100000001000000000000000000000000000000030000000100000002
00000001000000010000000000000001000000020000000100000000000000000000000200000000
00000002000000000000000200000000000000010000000000000001000000010000000100000000
00000000000000020000000000000000000000000000000200000001000000020000000100000000
00000002000000000000000000000000000000010000000100000002000000010000000000000002
00000003000000000000000000000003000000020000000400000000000000000000000100000000
00000002000000020000000000000001000000000000000100000000000000000000000000000002
00000000000000000000000100000000000000020000000200000001000000010000000200000000
00000001000000010000000000000002000000010000000100000001000000030000000100000000
00000001000000000000000000000000000000000000000200000001000000010000000000000002
00000001000000020000000100000001000000010000000000000001000000010000000100000000
00000000000000000000000100000001000000030000000000000001000000000000000000000001
00000000000000000000000000000001000000010000000200000000000000010000000000000000
00000000000000010000000100000001000000000000000200000002000000000000000100000000
00000000000000000000000000000002000000010000000000000002000000010000000300000002
00000000000000000000000000000001000000000000000100000000000000000000000000000000
00000000000000000000000200000000000000010000000200000000000000010000000000000000
00000001000000000000000100000000000000000000000100000000000000000000000000000000
00000000000000000000000100000000000000010000000200000001000000000000000000000001
00000001000000000000000100000001000000000000000000000002000000000000000000000000
00000001000000000000000300000001000000000000000000000000000000000000000000000000
00000000000000000000000000000000000000000000000000000000000000000000000000000002
00000000000000000000000100000000000000000000000100000001000000000000000200000000
00000001000000020000000000000000000000000000000000000001000000010000000100000000
00000000000000000000000000000001000000000000000100000000000000020000000000000000
00000000000000020000000000000001000000000000000000000000000000000000000000000001
00000001000000020000000300000001000000010000000200000000000000010000000100000000
00000000000000000000000100000001000000000000000000000000000000020000000100000001
00000000000000010000000000000001000000010000000000000000000000000000000000000002
00000000000000010000000000000001000000010000000000000001000000010000000100000000
00000000000000000000000100000000000000000000000000000000000000000000000000000001
00000000000000000000000100000001000000000000000100000000000000000000000000000000
00000002000000010000000000000000000000000000000000000000000000000000000000000002
00000001000000010000000000000001000000010000000000000000000000010000000000000000
00000001000000000000000000000000000000000000000000000000000000000000000000000000
00000000000000000000000200000000000000000000000000000001000000000000000000000000
00000001000000000000000000000000000000000000000000000001000000000000000000000000
00000000000000000000000000000000000000000000000000000000000000000000000000000000
00000000000000010000000000000000000000000000000000000000000000000000000100000000
00000000000000010000000000000000000000010000000000000000000000020000000000000000
00000000000000000000000200000001000000010000000000000000000000010000000100000000
00000000000000000000000000000000000000000000000000000000000000000000000100000002
00000002000000000000000000000000000000020000000000000000000000000000000000000001
00000000000000000000000000000000000000000000000000000000000000000000000100000000
00000000000000010000000000000001000000000000000000000000000000010000000000000000
00000000000000000000000000000000000000000000000100000001000000000000000000000000
00000001000000000000000100000001000000000000000100000000000000000000000000000001
00000000000000000000000000000000000000000000000000000000000000000000000100000000
00000001000000000000000200000000000000000000000000000000000000010000000000000000
00000000000000000000000000000001000000000000000000000001000000000000000000000000
00000000000000000000000000000000000000010000000000000000000000000000000000000002
00000001000000010000000000000000000000000000000000000000000000010000000100000001
00000000000000020000000100000000000000000000000100000001000000010000000000000000
00000000000000000000000000000000000000000000000000000000000000000000000000000000
00000000000000010000000000000000000000010000000000000000000000000000000100000000
00000000000000000000000000000000000000000000000100000000000000000000000000000001
00000000000000000000000000000000000000000000000000000000000000000000000000000000
00000001000000000000000100000000000000020000000000000000000000000000000000000000
00000000000000000000000000000000000000000000000000000000000000010000000100000000
00000000000000000000000100000000000000000000000100000000000000000000000000000001
00000001000000010000000000000000000000000000000000000000000000000000000100000000
00000000000000010000000000000000000000000000000000000000000000000000000000000001
00000000000000000000000100000000000000000000000000000000000000000000000000000000
00000000000000000000000000000000000000000000000100000001000000000000000000000000
00000000000000000000000100000000000000000000000000000000000000000000000000000000
00000000000000000000000000000000000000000000000000000002000000000000000200000000
00000000000000000000000000000000000000000000000000000000000000000000000000000000
00000000000000000000000000000000000000000000000100000000000000000000000000000000
00000000000000010000000000000000000000010000000000000001000000000000000000000000
00000000000000000000000100000001000000010000000000000000000000000000000000000000
00000000000000010000000000000000000000000000000200000000000000000000000100000000
00000000000000010000000000000000000000000000000000000001000000000000000000000000
00000000000000000000000000000000000000000000000100000000000000000000000000000000
00000000000000000000000200000000000000000000000000000000000000000000000000000000
00000000000000010000000000000001000000000000000100000000000000010000000000000000
00000000000000000000000100000000000000000000000000000001000000000000000000000000
00000000000000000000000000000000000000000000000000000000000000000000000000000000
00000000000000000000000000000000000000000000000000000000000000000000000100000001
00000001000000000000000000000000000000000000000000000000000000000000000000000000
00000000000000000000000000000000000000000000000100000001000000000000000100000000
00000000000000000000000000000000000000000000000100000000000000000000000000000000
00000000000000000000000100000000000000000000000100000000000000000000000000000000
00000000000000000000000000000000000000000000000100000000000000000000000000000000
00000000000000000000000100000000000000010000000000000000000000000000000000000000
00000001000000000000000000000000000000000000000000000000000000000000000000000000
00000001000000000000000000000000000000000000000000000001000000010000000000000000
00000000000000000000000000000000000000010000000000000000000000000000000000000000
00000000000000000000000000000000000000000000000000000001000000010000000000000000
00000000000000000000000000000001000000000000000000000000000000000000000000000000
00000000000000000000000000000001000000000000000000000000000000000000000000000000
00000000000000010000000000000000000000000000000000000000000000000000000000000000
00000000000000000000000000000000000000000000000000000001000000000000000000000001
00000000000000000000000000000000000000000000000000000000000000000000000000000000
00000000000000000000000000000000000000000000000100000000000000000000000000000001
00000001000000000000000000000000000000000000000000000000000000010000000100000000
00000000000000000000000000000000000000000000000000000000000000000000000000000000
00000000000000000000000000000000000000000000000000000000000000000000000000000000
00000000000000000000000000000000000000000000000000000000000000000000000000000000
00000000000000000000000100000001000000000000000000000000000000000000000000000000
00000000000000010000000000000000000000000000000000000000000000000000000000000000
00000000000000000000000000000000000000000000000000000000000000000000000000000001
00000002000000010000000000000000000000000000000000000000000000000000000000000000
00000000000000000000000000000000000000000000000000000000000000000000000000000000
00000000000000000000000100000000000000000000000000000000000000000000000000000000
00000000000000000000000000000000000000000000000000000000000000000000000100000001
00000000000000000000000100000000000000000000000000000000000000000000000000000000
00000000000000000000000100000000000000000000000000000000000000000000000000000000
00000000000000000000000000000000000000000000000000000000000000000000000000000000
00000000000000000000000000000000000000000000000000000000000000000000000000000000
00000000000000000000000000000000000000000000000000000000000000000000000000000000
00000000000000000000000000000000000000000000000000000000000000000000000000000000
00000000000000000000000000000000000000000000000000000000000000000000000000000000
00000000000000000000000000000000000000000000000000000000000000000000000000000000
00000000000000000000000000000000000000000000000000000000000000000000000000000000
00000000000000000000000000000000000000000000000000000000000000000000000000000000
00000000000000000000000000000000000000000000000000000000000000000000000000000000
00000000000000000000000000000000000000000000000000000000000000000000000000000000
00000000000000000000000000000000000000000000000000000000000000000000000000000000
00000000000000000000000000000000000000000000000000000000000000000000000000000000
00000000000000000000000000000000000000000000000000000000000000000000000000000000
00000000000000000000000000000000000000000000000000000000000000000000000000000000
00000000000000000000000000000000000000000000000000000000000000000000000000000000
00000000000000000000000000000000000000000000000000000000000000000000000000000000
00000000000000000000000000000000000000000000000000000000000000000000000000000000
00000000000000000000000000000000000000000000000000000000000000000000000000000000
00000000000000000000000000000000000000000000000000000000000000000000000000000000
00000000000000000000000000000000000000000000000000000000000000000000000000000000
00000000000000000000000000000000000000000000000000000000000000000000000000000000
00000000000000000000000000000000000000000000000000000000000000000000000000000000
00000000000000000000000000000000000000000000000000000000000000000000000000000000
00000000000000000000000000000000000000000000000000000000000000000000000000000000
00000000000000000000000000000000000000000000000000000000000000000000000000000000
00000000000000000000000000000000000000000000000000000000000000000000000000000000
000000000000000000000000000000000000000000000000