0  0
1  0
2  0
3  0
4  1
5  0
6  0
7  0
8  0
9  0
10  0
11  0
12  1
13  0
14  1
15  0
16  0
17  0
18  0
19  0
20  0
21  1
22  0
23  0
24  0
25  0
26  2
27  0
28  1
29  0
30  0
31  0
32  1
33  1
34  0
35  2
36  1
37  2
38  0
39  2
40  0
41  0
42  0
43  1
44  0
45  0
46  1
47  1
48  3
49  0
50  2
51  2
52  1
53  0
54  1
55  4
56  2
57  0
58  0
59  0
60  0
61  2
62  2
63  2
64  2
65  1
66  1
67  0
68  0
69  0
70  2
71  3
72  1
73  1
74  4
75  2
76  2
77  3
78  1
79  0
80  2
81  2
82  1
83  1
84  1
85  4
86  1
87  2
88  3
89  2
90  5
91  3
92  1
93  1
94  1
95  3
96  3
97  1
98  3
99  0
100  4
101  1
102  1
103  3
104  4
105  1
106  5
107  1
108  3
109  0
110  2
111  7
112  3
113  3
114  4
115  3
116  1
117  6
118  3
119  2
120  3
121  2
122  2
123  3
124  2
125  6
126  4
127  4
128  3
129  3
130  4
131  4
132  1
133  7
134  0
135  6
136  4
137  8
138  6
139  6
140  6
141  10
142  7
143  9
144  3
145  7
146  8
147  10
148  9
149  7
150  18
151  11
152  16
153  10
154  12
155  15
156  23
157  24
158  20
159  35
160  31
161  27
162  50
163  48
164  80
165  94
166  166
167  223
168  352
169  403
170  500
171  605
172  658
173  809
174  809
175  899
176  916
177  927
178  877
179  863
180  880
181  836
182  810
183  908
184  865
185  804
186  796
187  777
188  783
189  778
190  811
191  807
192  767
193  767
194  721
195  789
196  685
197  692
198  730
199  734
200  702
201  680
202  689
203  695
204  669
205  691
206  625
207  624
208  622
209  664
210  609
211  625
212  639
213  667
214  607
215  621
216  646
217  601
218  607
219  609
220  586
221  564
222  565
223  594
224  564
225  545
226  579
227  561
228  528
229  523
230  553
231  539
232  500
233  527
234  520
235  478
236  524
237  506
238  513
239  465
240  482
241  484
242  459
243  493
244  505
245  458
246  457
247  445
248  440
249  456
250  470
251  459
252  468
253  416
254  451
255  364
256  409
257  428
258  451
259  459
260  412
261  443
262  416
263  401
264  447
265  433
266  364
267  368
268  378
269  339
270  398
271  347
272  392
273  378
274  389
275  393
276  392
277  343
278  406
279  366
280  366
281  336
282  336
283  348
284  335
285  325
286  334
287  360
288  370
289  301
290  352
291  340
292  353
293  346
294  341
295  335
296  310
297  305
298  345
299  336
300  321
301  331
302  323
303  328
304  349
305  322
306  349
307  311
308  346
309  324
310  303
311  294
312  285
313  307
314  343
315  299
316  305
317  359
318  288
319  324
320  281
321  308
322  307
323  279
324  297
325  293
326  261
327  288
328  305
329  287
330  277
331  283
332  302
333  288
334  303
335  282
336  296
337  285
338  306
339  279
340  303
341  303
342  291
343  284
344  289
345  259
346  269
347  289
348  294
349  250
350  296
351  253
352  282
353  309
354  260
355  258
356  282
357  278
358  285
359  259
360  257
361  302
362  248
363  272
364  270
365  300
366  290
367  251
368  281
369  284
370  271
371  289
372  277
373  270
374  278
375  274
376  279
377  255
378  278
379  243
380  233
381  271
382  268
383  229
384  241
385  273
386  289
387  253
388  245
389  242
390  242
391  239
392  237
393  252
394  244
395  243
396  245
397  222
398  223
399  240
400  253
401  235
402  209
403  223
404  232
405  227
406  234
407  263
408  209
409  201
410  215
411  242
412  232
413  232
414  247
415  221
416  220
417  244
418  244
419  220
420  191
421  236
422  219
423  194
424  186
425  215
426  210
427  222
428  187
429  218
430  210
431  194
432  205
433  195
434  231
435  180
436  197
437  195
438  220
439  197
440  214
441  206
442  207
443  185
444  183
445  188
446  209
447  210
448  170
449  207
450  201
451  205
452  190
453  187
454  180
455  193
456  192
457  188
458  210
459  204
460  178
461  192
462  200
463  208
464  223
465  194
466  195
467  160
468  189
469  194
470  192
471  194
472  162
473  205
474  154
475  170
476  175
477  225
478  190
479  167
480  192
481  178
482  184
483  196
484  195
485  191
486  177
487  214
488  186
489  183
490  180
491  201
492  180
493  184
494  193
495  201
496  177
497  210
498  186
499  187
500  201
501  205
502  192
503  184
504  206
505  200
506  175
507  187
508  164
509  193
510  188
511  178
512  176
513  177
514  176
515  193
516  187
517  209
518  197
519  180
520  183
521  171
522  172
523  181
524  190
525  196
526  156
527  185
528  190
529  205
530  193
531  194
532  172
533  179
534  195
535  191
536  162
537  183
538  190
539  204
540  183
541  162
542  179
543  183
544  171
545  150
546  188
547  163
548  164
549  190
550  201
551  217
552  179
553  177
554  178
555  184
556  192
557  199
558  157
559  172
560  190
561  211
562  166
563  208
564  144
565  169
566  175
567  195
568  202
569  192
570  203
571  189
572  171
573  191
574  189
575  176
576  196
577  186
578  189
579  197
580  203
581  178
582  178
583  183
584  202
585  203
586  168
587  191
588  175
589  182
590  194
591  195
592  210
593  194
594  225
595  189
596  207
597  206
598  201
599  193
600  204
601  189
602  178
603  192
604  203
605  197
606  186
607  209
608  192
609  178
610  203
611  221
612  214
613  192
614  215
615  200
616  190
617  227
618  181
619  213
620  202
621  219
622  201
623  197
624  204
625  195
626  202
627  222
628  208
629  209
630  202
631  209
632  198
633  176
634  201
635  198
636  184
637  171
638  199
639  228
640  203
641  216
642  175
643  171
644  198
645  205
646  206
647  194
648  206
649  170
650  175
651  174
652  195
653  159
654  193
655  184
656  165
657  160
658  171
659  167
660  165
661  171
662  166
663  144
664  167
665  157
666  164
667  144
668  170
669  168
670  150
671  137
672  167
673  149
674  157
675  118
676  122
677  138
678  142
679  138
680  135
681  148
682  124
683  136
684  130
685  133
686  128
687  111
688  138
689  131
690  105
691  100
692  116
693  106
694  132
695  100
696  105
697  95
698  105
699  92
700  101
701  99
702  106
703  118
704  119
705  108
706  102
707  99
708  92
709  84
710  92
711  100
712  102
713  89
714  85
715  94
716  91
717  100
718  87
719  90
720  74
721  88
722  85
723  77
724  82
725  79
726  69
727  91
728  92
729  67
730  73
731  85
732  112
733  75
734  63
735  60
736  74
737  91
738  80
739  60
740  80
741  80
742  83
743  77
744  67
745  94
746  62
747  76
748  81
749  79
750  79
751  72
752  80
753  68
754  77
755  76
756  60
757  69
758  73
759  70
760  72
761  72
762  72
763  75
764  80
765  80
766  71
767  77
768  68
769  75
770  87
771  86
772  62
773  65
774  63
775  74
776  73
777  61
778  70
779  45
780  86
781  86
782  63
783  71
784  79
785  62
786  59
787  66
788  70
789  62
790  69
791  81
792  58
793  68
794  78
795  61
796  72
797  60
798  61
799  63
800  69
801  63
802  58
803  53
804  66
805  65
806  60
807  69
808  81
809  50
810  78
811  60
812  78
813  64
814  65
815  68
816  75
817  56
818  52
819  77
820  54
821  60
822  68
823  50
824  71
825  57
826  64
827  72
828  60
829  51
830  66
831  64
832  59
833  80
834  51
835  62
836  58
837  59
838  52
839  65
840  62
841  43
842  61
843  57
844  69
845  63
846  59
847  52
848  54
849  55
850  45
851  61
852  57
853  62
854  70
855  49
856  49
857  56
858  59
859  63
860  55
861  80
862  48
863  61
864  61
865  45
866  60
867  49
868  60
869  59
870  32
871  65
872  62
873  59
874  56
875  47
876  54
877  58
878  46
879  47
880  55
881  56
882  58
883  47
884  57
885  54
886  54
887  66
888  46
889  50
890  49
891  52
892  58
893  47
894  58
895  45
896  63
897  61
898  50
899  48
900  52
901  43
902  52
903  52
904  37
905  53
906  44
907  46
908  55
909  51
910  50
911  54
912  49
913  49
914  62
915  27
916  51
917  52
918  50
919  47
920  55
921  57
922  42
923  53
924  37
925  41
926  55
927  40
928  54
929  43
930  51
931  49
932  55
933  58
934  54
935  54
936  61
937  54
938  54
939  41
940  60
941  50
942  51
943  49
944  53
945  53
946  50
947  55
948  51
949  54
950  47
951  35
952  56
953  56
954  46
955  51
956  40
957  46
958  54
959  54
960  55
961  61
962  54
963  43
964  45
965  37
966  51
967  51
968  40
969  37
970  61
971  54
972  47
973  44
974  45
975  37
976  40
977  41
978  49
979  54
980  39
981  50
982  36
983  50
984  41
985  47
986  55
987  55
988  37
989  51
990  46
991  43
992  60
993  52
994  50
995  47
996  52
997  51
998  45
999  39
1000  55
1001  43
1002  32
1003  40
1004  50
1005  43
1006  35
1007  48
1008  48
1009  41
1010  51
1011  42
1012  41
1013  48
1014  42
1015  45
1016  32
1017  48
1018  47
1019  39
1020  45
1021  38
1022  44
1023  45
1024  51
1025  43
1026  43
1027  43
1028  48
1029  45
1030  51
1031  48
1032  49
1033  43
1034  43
1035  59
1036  41
1037  39
1038  45
1039  36
1040  41
1041  50
1042  45
1043  37
1044  42
1045  45
1046  45
1047  41
1048  28
1049  38
1050  42
1051  38
1052  46
1053  59
1054  34
1055  44
1056  45
1057  34
1058  31
1059  42
1060  43
1061  42
1062  42
1063  46
1064  32
1065  40
1066  46
1067  40
1068  50
1069  46
1070  32
1071  52
1072  44
1073  41
1074  37
1075  30
1076  40
1077  39
1078  46
1079  39
1080  46
1081  33
1082  44
1083  42
1084  36
1085  34
1086  42
1087  34
1088  36
1089  36
1090  39
1091  29
1092  33
1093  33
1094  42
1095  32
1096  34
1097  44
1098  36
1099  41
1100  31
1101  39
1102  38
1103  32
1104  28
1105  45
1106  31
1107  54
1108  35
1109  36
1110  37
1111  27
1112  44
1113  26
1114  46
1115  44
1116  36
1117  50
1118  39
1119  35
1120  36
1121  40
1122  35
1123  42
1124  30
1125  44
1126  37
1127  41
1128  42
1129  31
1130  36
1131  39
1132  42
1133  37
1134  42
1135  43
1136  43
1137  25
1138  33
1139  30
1140  43
1141  44
1142  33
1143  34
1144  44
1145  30
1146  43
1147  42
1148  28
1149  37
1150  40
1151  32
1152  31
1153  33
1154  45
1155  40
1156  30
1157  42
1158  48
1159  32
1160  44
1161  34
1162  31
1163  39
1164  32
1165  36
1166  39
1167  32
1168  36
1169  35
1170  32
1171  41
1172  32
1173  29
1174  36
1175  46
1176  33
1177  34
1178  33
1179  42
1180  35
1181  40
1182  33
1183  35
1184  41
1185  39
1186  41
1187  27
1188  43
1189  32
1190  36
1191  44
1192  33
1193  38
1194  33
1195  37
1196  38
1197  35
1198  39
1199  33
1200  32
1201  28
1202  32
1203  35
1204  34
1205  40
1206  32
1207  34
1208  33
1209  34
1210  42
1211  39
1212  32
1213  42
1214  27
1215  34
1216  33
1217  24
1218  34
1219  33
1220  33
1221  37
1222  39
1223  32
1224  37
1225  32
1226  37
1227  29
1228  25
1229  34
1230  46
1231  22
1232  33
1233  43
1234  41
1235  37
1236  40
1237  33
1238  30
1239  27
1240  25
1241  27
1242  38
1243  23
1244  28
1245  23
1246  33
1247  42
1248  45
1249  40
1250  32
1251  26
1252  38
1253  35
1254  37
1255  29
1256  38
1257  29
1258  43
1259  33
1260  29
1261  36
1262  32
1263  36
1264  27
1265  28
1266  34
1267  28
1268  31
1269  27
1270  31
1271  33
1272  32
1273  41
1274  39
1275  34
1276  40
1277  32
1278  24
1279  37
1280  33
1281  30
1282  43
1283  28
1284  25
1285  32
1286  36
1287  27
1288  43
1289  35
1290  38
1291  25
1292  35
1293  31
1294  31
1295  35
1296  35
1297  31
1298  32
1299  39
1300  40
1301  27
1302  28
1303  25
1304  24
1305  31
1306  28
1307  26
1308  21
1309  30
1310  37
1311  27
1312  40
1313  26
1314  28
1315  25
1316  31
1317  32
1318  32
1319  40
1320  29
1321  33
1322  37
1323  26
1324  30
1325  32
1326  29
1327  23
1328  24
1329  28
1330  28
1331  31
1332  28
1333  42
1334  34
1335  23
1336  39
1337  30
1338  24
1339  24
1340  26
1341  31
1342  25
1343  29
1344  31
1345  30
1346  27
1347  25
1348  37
1349  34
1350  39
1351  18
1352  37
1353  31
1354  28
1355  34
1356  29
1357  31
1358  28
1359  24
1360  32
1361  22
1362  30
1363  26
1364  19
1365  23
1366  26
1367  19
1368  35
1369  35
1370  25
1371  33
1372  28
1373  22
1374  24
1375  27
1376  28
1377  20
1378  23
1379  37
1380  27
1381  20
1382  21
1383  21
1384  33
1385  26
1386  28
1387  19
1388  23
1389  27
1390  26
1391  34
1392  31
1393  17
1394  32
1395  31
1396  34
1397  31
1398  28
1399  30
1400  26
1401  21
1402  26
1403  32
1404  28
1405  27
1406  20
1407  21
1408  29
1409  28
1410  30
1411  28
1412  30
1413  17
1414  31
1415  27
1416  22
1417  28
1418  25
1419  25
1420  28
1421  21
1422  25
1423  28
1424  25
1425  24
1426  15
1427  24
1428  25
1429  27
1430  21
1431  18
1432  32
1433  28
1434  12
1435  25
1436  25
1437  25
1438  27
1439  26
1440  22
1441  20
1442  28
1443  16
1444  23
1445  20
1446  25
1447  24
1448  17
1449  21
1450  22
1451  25
1452  19
1453  23
1454  24
1455  37
1456  29
1457  26
1458  26
1459  28
1460  20
1461  24
1462  22
1463  28
1464  31
1465  23
1466  16
1467  29
1468  29
1469  22
1470  31
1471  27
1472  20
1473  26
1474  35
1475  25
1476  20
1477  30
1478  23
1479  19
1480  24
1481  22
1482  23
1483  25
1484  25
1485  22
1486  19
1487  22
1488  25
1489  15
1490  30
1491  20
1492  19
1493  21
1494  22
1495  25
1496  25
1497  16
1498  28
1499  23
1500  18
1501  19
1502  15
1503  22
1504  18
1505  21
1506  18
1507  23
1508  29
1509  20
1510  22
1511  27
1512  23
1513  30
1514  23
1515  19
1516  24
1517  28
1518  26
1519  17
1520  22
1521  17
1522  23
1523  25
1524  21
1525  25
1526  30
1527  26
1528  28
1529  28
1530  27
1531  17
1532  29
1533  16
1534  30
1535  30
1536  27
1537  31
1538  16
1539  23
1540  20
1541  23
1542  23
1543  20
1544  25
1545  19
1546  29
1547  26
1548  15
1549  16
1550  18
1551  19
1552  25
1553  31
1554  16
1555  25
1556  19
1557  24
1558  21
1559  23
1560  26
1561  23
1562  34
1563  11
1564  30
1565  22
1566  20
1567  22
1568  16
1569  24
1570  24
1571  20
1572  14
1573  22
1574  26
1575  23
1576  23
1577  16
1578  25
1579  21
1580  20
1581  24
1582  21
1583  17
1584  19
1585  25
1586  16
1587  23
1588  29
1589  15
1590  13
1591  24
1592  18
1593  22
1594  17
1595  19
1596  23
1597  23
1598  14
1599  17
1600  23
1601  22
1602  21
1603  21
1604  20
1605  29
1606  10
1607  21
1608  19
1609  19
1610  18
1611  11
1612  23
1613  16
1614  21
1615  18
1616  22
1617  11
1618  16
1619  20
1620  14
1621  15
1622  17
1623  23
1624  19
1625  16
1626  16
1627  18
1628  18
1629  13
1630  20
1631  18
1632  14
1633  24
1634  20
1635  24
1636  13
1637  14
1638  22
1639  21
1640  17
1641  20
1642  22
1643  10
1644  14
1645  20
1646  10
1647  19
1648  21
1649  13
1650  15
1651  14
1652  19
1653  11
1654  18
1655  21
1656  22
1657  10
1658  18
1659  11
1660  17
1661  25
1662  17
1663  16
1664  24
1665  17
1666  17
1667  12
1668  14
1669  17
1670  16
1671  14
1672  12
1673  25
1674  18
1675  17
1676  21
1677  13
1678  16
1679  17
1680  16
1681  20
1682  11
1683  16
1684  18
1685  18
1686  12
1687  13
1688  25
1689  21
1690  13
1691  18
1692  19
1693  17
1694  22
1695  22
1696  11
1697  14
1698  15
1699  19
1700  16
1701  13
1702  15
1703  18
1704  16
1705  13
1706  10
1707  16
1708  16
1709  12
1710  13
1711  14
1712  18
1713  20
1714  12
1715  14
1716  19
1717  15
1718  15
1719  25
1720  8
1721  9
1722  11
1723  16
1724  14
1725  17
1726  10
1727  15
1728  17
1729  8
1730  13
1731  12
1732  10
1733  17
1734  22
1735  12
1736  14
1737  13
1738  11
1739  9
1740  17
1741  14
1742  17
1743  13
1744  13
1745  15
1746  16
1747  4
1748  12
1749  14
1750  15
1751  12
1752  7
1753  14
1754  17
1755  13
1756  10
1757  15
1758  16
1759  8
1760  6
1761  19
1762  10
1763  12
1764  15
1765  11
1766  11
1767  16
1768  5
1769  12
1770  11
1771  12
1772  11
1773  14
1774  13
1775  22
1776  12
1777  11
1778  16
1779  16
1780  16
1781  10
1782  9
1783  12
1784  10
1785  14
1786  14
1787  8
1788  12
1789  19
1790  13
1791  14
1792  7
1793  16
1794  9
1795  15
1796  15
1797  18
1798  6
1799  12
1800  15
1801  10
1802  12
1803  18
1804  8
1805  13
1806  8
1807  14
1808  14
1809  12
1810  11
1811  10
1812  11
1813  17
1814  8
1815  8
1816  8
1817  9
1818  6
1819  10
1820  11
1821  10
1822  10
1823  6
1824  5
1825  10
1826  15
1827  7
1828  10
1829  10
1830  12
1831  16
1832  19
1833  6
1834  11
1835  11
1836  17
1837  12
1838  7
1839  10
1840  4
1841  10
1842  11
1843  14
1844  6
1845  11
1846  13
1847  13
1848  8
1849  8
1850  11
1851  8
1852  8
1853  10
1854  10
1855  16
1856  11
1857  10
1858  13
1859  6
1860  13
1861  12
1862  13
1863  9
1864  9
1865  9
1866  11
1867  6
1868  9
1869  9
1870  13
1871  6
1872  12
1873  15
1874  17
1875  11
1876  5
1877  14
1878  9
1879  9
1880  7
1881  13
1882  10
1883  12
1884  9
1885  7
1886  8
1887  7
1888  9
1889  10
1890  3
1891  8
1892  6
1893  14
1894  8
1895  8
1896  11
1897  11
1898  8
1899  6
1900  5
1901  11
1902  4
1903  9
1904  10
1905  6
1906  11
1907  14
1908  9
1909  5
1910  8
1911  3
1912  9
1913  6
1914  13
1915  12
1916  13
1917  9
1918  4
1919  5
1920  8
1921  3
1922  9
1923  8
1924  12
1925  7
1926  11
1927  8
1928  6
1929  7
1930  7
1931  3
1932  5
1933  4
1934  10
1935  5
1936  11
1937  12
1938  9
1939  11
1940  10
1941  9
1942  6
1943  3
1944  5
1945  14
1946  5
1947  9
1948  9
1949  6
1950  8
1951  7
1952  6
1953  4
1954  6
1955  3
1956  7
1957  4
1958  9
1959  8
1960  10
1961  6
1962  5
1963  8
1964  8
1965  2
1966  9
1967  3
1968  11
1969  15
1970  10
1971  8
1972  6
1973  7
1974  5
1975  10
1976  6
1977  5
1978  6
1979  12
1980  7
1981  8
1982  11
1983  6
1984  10
1985  9
1986  8
1987  10
1988  10
1989  3
1990  6
1991  3
1992  6
1993  10
1994  7
1995  5
1996  3
1997  4
1998  11
1999  7
2000  4
2001  4
2002  5
2003  10
2004  4
2005  8
2006  6
2007  2
2008  7
2009  5
2010  6
2011  14
2012  7
2013  6
2014  5
2015  3
2016  3
2017  3
2018  9
2019  11
2020  10
2021  6
2022  8
2023  2
2024  3
2025  7
2026  8
2027  10
2028  7
2029  4
2030  8
2031  7
2032  5
2033  1
2034  6
2035  4
2036  9
2037  5
2038  3
2039  8
2040  5
2041  5
2042  8
2043  7
2044  4
2045  2
2046  6
2047  7
2048  3
2049  7
2050  7
2051  8
2052  8
2053  1
2054  5
2055  7
2056  5
2057  5
2058  5
2059  5
2060  3
2061  7
2062  3
2063  4
2064  11
2065  8
2066  4
2067  9
2068  4
2069  2
2070  5
2071  7
2072  6
2073  4
2074  3
2075  3
2076  8
2077  4
2078  11
2079  8
2080  2
2081  4
2082  8
2083  4
2084  8
2085  6
2086  3
2087  3
2088  7
2089  4
2090  9
2091  4
2092  10
2093  8
2094  6
2095  7
2096  4
2097  4
2098  6
2099  5
2100  3
2101  5
2102  8
2103  4
2104  5
2105  5
2106  3
2107  8
2108  4
2109  5
2110  10
2111  2
2112  3
2113  2
2114  6
2115  9
2116  9
2117  6
2118  3
2119  6
2120  2
2121  4
2122  3
2123  4
2124  4
2125  6
2126  3
2127  2
2128  7
2129  7
2130  3
2131  5
2132  5
2133  8
2134  4
2135  2
2136  3
2137  5
2138  5
2139  9
2140  3
2141  4
2142  2
2143  3
2144  7
2145  7
2146  4
2147  3
2148  4
2149  3
2150  4
2151  5
2152  6
2153  4
2154  4
2155  7
2156  4
2157  3
2158  2
2159  5
2160  6
2161  8
2162  6
2163  4
2164  6
2165  3
2166  5
2167  6
2168  5
2169  4
2170  6
2171  3
2172  4
2173  7
2174  1
2175  3
2176  4
2177  4
2178  9
2179  5
2180  2
2181  1
2182  5
2183  5
2184  3
2185  2
2186  4
2187  8
2188  6
2189  4
2190  4
2191  5
2192  5
2193  1
2194  1
2195  7
2196  5
2197  6
2198  2
2199  7
2200  2
2201  10
2202  4
2203  2
2204  4
2205  4
2206  3
2207  2
2208  7
2209  3
2210  3
2211  7
2212  4
2213  2
2214  3
2215  4
2216  5
2217  3
2218  1
2219  2
2220  5
2221  1
2222  5
2223  3
2224  2
2225  4
2226  3
2227  5
2228  3
2229  4
2230  3
2231  7
2232  2
2233  1
2234  2
2235  4
2236  5
2237  2
2238  4
2239  3
2240  2
2241  1
2242  1
2243  3
2244  3
2245  2
2246  5
2247  3
2248  1
2249  3
2250  3
2251  1
2252  5
2253  3
2254  1
2255  8
2256  6
2257  6
2258  4
2259  4
2260  1
2261  2
2262  4
2263  2
2264  1
2265  4
2266  3
2267  2
2268  7
2269  5
2270  2
2271  6
2272  1
2273  5
2274  3
2275  4
2276  2
2277  2
2278  5
2279  3
2280  3
2281  4
2282  2
2283  7
2284  3
2285  3
2286  1
2287  1
2288  3
2289  1
2290  2
2291  3
2292  3
2293  8
2294  4
2295  3
2296  1
2297  4
2298  1
2299  3
2300  3
2301  3
2302  1
2303  2
2304  3
2305  4
2306  3
2307  1
2308  2
2309  2
2310  2
2311  0
2312  5
2313  1
2314  3
2315  0
2316  2
2317  2
2318  5
2319  5
2320  3
2321  2
2322  1
2323  2
2324  3
2325  3
2326  2
2327  3
2328  4
2329  2
2330  2
2331  2
2332  1
2333  1
2334  0
2335  1
2336  1
2337  2
2338  1
2339  4
2340  5
2341  1
2342  1
2343  1
2344  5
2345  3
2346  3
2347  3
2348  2
2349  2
2350  3
2351  5
2352  3
2353  3
2354  5
2355  1
2356  2
2357  1
2358  0
2359  0
2360  1
2361  4
2362  2
2363  2
2364  2
2365  5
2366  1
2367  1
2368  1
2369  3
2370  5
2371  0
2372  2
2373  4
2374  1
2375  3
2376  1
2377  2
2378  2
2379  2
2380  3
2381  2
2382  1
2383  0
2384  0
2385  0
2386  2
2387  2
2388  4
2389  1
2390  4
2391  1
2392  2
2393  2
2394  0
2395  0
2396  1
2397  0
2398  1
2399  0
2400  2
2401  1
2402  3
2403  3
2404  4
2405  3
2406  2
2407  1
2408  3
2409  5
2410  0
2411  5
2412  1
2413  0
2414  0
2415  2
2416  0
2417  3
2418  1
2419  3
2420  4
2421  3
2422  0
2423  3
2424  3
2425  3
2426  5
2427  3
2428  2
2429  0
2430  4
2431  2
2432  2
2433  2
2434  2
2435  1
2436  2
2437  2
2438  1
2439  1
2440  3
2441  1
2442  3
2443  1
2444  1
2445  2
2446  2
2447  2
2448  3
2449  2
2450  0
2451  1
2452  1
2453  4
2454  4
2455  1
2456  4
2457  1
2458  2
2459  0
2460  1
2461  1
2462  2
2463  2
2464  0
2465  1
2466  2
2467  0
2468  3
2469  3
2470  3
2471  2
2472  0
2473  0
2474  0
2475  1
2476  5
2477  2
2478  2
2479  1
2480  2
2481  2
2482  2
2483  0
2484  3
2485  1
2486  1
2487  0
2488  0
2489  1
2490  4
2491  0
2492  0
2493  0
2494  3
2495  4
2496  4
2497  0
2498  1
2499  1
2500  2
2501  0
2502  0
2503  3
2504  0
2505  2
2506  0
2507  0
2508  1
2509  0
2510  4
2511  3
2512  3
2513  1
2514  0
2515  3
2516  0
2517  5
2518  3
2519  0
2520  0
2521  0
2522  0
2523  4
2524  2
2525  0
2526  0
2527  1
2528  0
2529  1
2530  1
2531  2
2532  2
2533  1
2534  0
2535  1
2536  0
2537  1
2538  0
2539  1
2540  1
2541  2
2542  2
2543  1
2544  1
2545  1
2546  0
2547  0
2548  0
2549  0
2550  0
2551  0
2552  2
2553  0
2554  2
2555  0
2556  1
2557  1
2558  3
2559  3
2560  0
2561  1
2562  1
2563  0
2564  0
2565  4
2566  2
2567  0
2568  2
2569  1
2570  0
2571  1
2572  2
2573  3
2574  1
2575  2
2576  0
2577  2
2578  1
2579  0
2580  1
2581  0
2582  1
2583  0
2584  1
2585  1
2586  0
2587  1
2588  0
2589  0
2590  1
2591  1
2592  0
2593  0
2594  0
2595  0
2596  0
2597  1
2598  0
2599  0
2600  0
2601  1
2602  0
2603  0
2604  1
2605  2
2606  0
2607  0
2608  0
2609  0
2610  1
2611  1
2612  3
2613  1
2614  0
2615  1
2616  0
2617  2
2618  1
2619  0
2620  0
2621  2
2622  0
2623  0
2624  1
2625  2
2626  2
2627  1
2628  0
2629  0
2630  0
2631  0
2632  1
2633  2
2634  0
2635  0
2636  0
2637  0
2638  1
2639  0
2640  0
2641  2
2642  3
2643  2
2644  1
2645  1
2646  1
2647  4
2648  0
2649  1
2650  0
2651  0
2652  2
2653  1
2654  0
2655  1
2656  0
2657  0
2658  0
2659  0
2660  1
2661  0
2662  0
2663  1
2664  0
2665  0
2666  1
2667  0
2668  0
2669  0
2670  1
2671  0
2672  1
2673  0
2674  0
2675  0
2676  1
2677  0
2678  1
2679  1
2680  0
2681  1
2682  0
2683  0
2684  0
2685  2
2686  0
2687  0
2688  2
2689  2
2690  0
2691  0
2692  1
2693  0
2694  0
2695  0
2696  1
2697  1
2698  1
2699  2
2700  0
2701  0
2702  1
2703  0
2704  0
2705  1
2706  2
2707  0
2708  1
2709  2
2710  0
2711  1
2712  3
2713  0
2714  0
2715  1
2716  0
2717  1
2718  1
2719  1
2720  0
2721  0
2722  1
2723  1
2724  0
2725  0
2726  1
2727  0
2728  1
2729  0
2730  1
2731  1
2732  1
2733  0
2734  0
2735  0
2736  1
2737  0
2738  0
2739  1
2740  3
2741  1
2742  1
2743  0
2744  0
2745  0
2746  1
2747  0
2748  0
2749  0
2750  1
2751  3
2752  0
2753  0
2754  0
2755  2
2756  1
2757  2
2758  0
2759  2
2760  1
2761  1
2762  0
2763  0
2764  1
2765  0
2766  0
2767  0
2768  2
2769  0
2770  0
2771  1
2772  0
2773  0
2774  0
2775  0
2776  1
2777  0
2778  0
2779  1
2780  2
2781  1
2782  1
2783  1
2784  0
2785  0
2786  0
2787  0
2788  1
2789  0
2790  0
2791  0
2792  0
2793  1
2794  0
2795  0
2796  0
2797  0
2798  0
2799  2
2800  0
2801  0
2802  0
2803  1
2804  0
2805  0
2806  0
2807  0
2808  0
2809  0
2810  0
2811  0
2812  0
2813  0
2814  1
2815  1
2816  0
2817  1
2818  1
2819  0
2820  1
2821  1
2822  2
2823  1
2824  0
2825  2
2826  0
2827  0
2828  0
2829  0
2830  0
2831  1
2832  0
2833  0
2834  1
2835  0
2836  0
2837  1
2838  1
2839  0
2840  0
2841  0
2842  1
2843  1
2844  0
2845  1
2846  1
2847  0
2848  0
2849  0
2850  1
2851  1
2852  1
2853  1
2854  0
2855  1
2856  1
2857  1
2858  0
2859  1
2860  1
2861  1
2862  0
2863  0
2864  3
2865  0
2866  0
2867  1
2868  1
2869  0
2870  2
2871  0
2872  0
2873  0
2874  1
2875  1
2876  0
2877  1
2878  1
2879  0
2880  1
2881  0
2882  1
2883  0
2884  1
2885  2
2886  0
2887  1
2888  1
2889  0
2890  0
2891  0
2892  0
2893  0
2894  1
2895  0
2896  0
2897  0
2898  0
2899  0
2900  0
2901  0
2902  1
2903  1
2904  0
2905  1
2906  0
2907  1
2908  2
2909  1
2910  1
2911  0
2912  0
2913  0
2914  0
2915  0
2916  1
2917  0
2918  0
2919  0
2920  0
2921  0
2922  1
2923  0
2924  1
2925  2
2926  1
2927  2
2928  0
2929  1
2930  0
2931  1
2932  0
2933  0
2934  1
2935  0
2936  0
2937  0
2938  0
2939  1
2940  0
2941  0
2942  1
2943  0
2944  0
2945  0
2946  0
2947  0
2948  0
2949  1
2950  0
2951  2
2952  0
2953  0
2954  0
2955  0
2956  0
2957  0
2958  0
2959  0
2960  0
2961  0
2962  1
2963  0
2964  1
2965  0
2966  1
2967  0
2968  0
2969  2
2970  0
2971  0
2972  1
2973  0
2974  1
2975  0
2976  1
2977  0
2978  2
2979  0
2980  1
2981  0
2982  0
2983  0
2984  0
2985  0
2986  0
2987  0
2988  0
2989  0
2990  0
2991  0
2992  0
2993  0
2994  0
2995  0
2996  0
2997  0
2998  0
2999  0
3000  0
3001  0
3002  0
3003  1
3004  1
3005  0
3006  1
3007  1
3008  1
3009  0
3010  0
3011  0
3012  0
3013  0
3014  1
3015  1
3016  0
3017  1
3018  0
3019  0
3020  1
3021  0
3022  1
3023  1
3024  0
3025  0
3026  0
3027  0
3028  0
3029  0
3030  0
3031  0
3032  0
3033  0
3034  0
3035  0
3036  2
3037  0
3038  0
3039  0
3040  0
3041  1
3042  0
3043  1
3044  0
3045  0
3046  0
3047  0
3048  0
3049  1
3050  0
3051  0
3052  1
3053  0
3054  0
3055  2
3056  0
3057  0
3058  0
3059  1
3060  0
3061  0
3062  0
3063  1
3064  0
3065  0
3066  0
3067  1
3068  0
3069  0
3070  1
3071  0
3072  0
3073  0
3074  0
3075  0
3076  0
3077  0
3078  0
3079  1
3080  0
3081  0
3082  0
3083  0
3084  0
3085  0
3086  0
3087  0
3088  0
3089  0
3090  0
3091  0
3092  0
3093  0
3094  0
3095  0
3096  0
3097  0
3098  1
3099  0
3100  0
3101  0
3102  0
3103  0
3104  0
3105  1
3106  0
3107  0
3108  0
3109  0
3110  0
3111  0
3112  0
3113  0
3114  0
3115  1
3116  0
3117  0
3118  0
3119  0
3120  0
3121  0
3122  0
3123  0
3124  0
3125  0
3126  0
3127  0
3128  0
3129  0
3130  0
3131  0
3132  0
3133  0
3134  0
3135  0
3136  0
3137  0
3138  1
3139  0
3140  1
3141  0
3142  0
3143  1
3144  1
3145  1
3146  0
3147  0
3148  0
3149  0
3150  0
3151  0
3152  0
3153  1
3154  0
3155  0
3156  1
3157  0
3158  0
3159  0
3160  0
3161  2
3162  0
3163  0
3164  0
3165  0
3166  0
3167  0
3168  0
3169  0
3170  0
3171  0
3172  1
3173  0
3174  0
3175  0
3176  0
3177  0
3178  0
3179  0
3180  1
3181  0
3182  1
3183  0
3184  0
3185  0
3186  0
3187  0
3188  0
3189  1
3190  0
3191  0
3192  1
3193  0
3194  0
3195  0
3196  0
3197  0
3198  0
3199  0
3200  0
3201  1
3202  0
3203  0
3204  1
3205  0
3206  0
3207  0
3208  0
3209  0
3210  0
3211  0
3212  0
3213  0
3214  0
3215  0
3216  0
3217  0
3218  0
3219  0
3220  0
3221  0
3222  0
3223  0
3224  0
3225  0
3226  0
3227  0
3228  0
3229  0
3230  0
3231  0
3232  1
3233  0
3234  0
3235  1
3236  0
3237  0
3238  0
3239  0
3240  0
3241  0
3242  0
3243  0
3244  0
3245  0
3246  0
3247  0
3248  1
3249  0
3250  0
3251  0
3252  0
3253  1
3254  0
3255  0
3256  0
3257  0
3258  0
3259  0
3260  0
3261  0
3262  0
3263  0
3264  0
3265  0
3266  0
3267  0
3268  0
3269  0
3270  0
3271  0
3272  0
3273  0
3274  0
3275  0
3276  0
3277  0
3278  0
3279  0
3280  0
3281  0
3282  0
3283  0
3284  0
3285  0
3286  0
3287  0
3288  0
3289  0
3290  0
3291  0
3292  0
3293  0
3294  0
3295  0
3296  0
3297  0
3298  0
3299  0
3300  0
3301  0
3302  0
3303  0
3304  0
3305  0
3306  0
3307  0
3308  0
3309  0
3310  0
3311  0
3312  0
3313  0
3314  1
3315  0
3316  0
3317  0
3318  0
3319  1
3320  0
3321  0
3322  0
3323  0
3324  0
3325  0
3326  0
3327  0
3328  0
3329  0
3330  0
3331  0
3332  0
3333  0
3334  0
3335  0
3336  0
3337  1
3338  0
3339  0
3340  0
3341  0
3342  0
3343  0
3344  0
3345  0
3346  0
3347  0
3348  0
3349  0
3350  0
3351  0
3352  0
3353  0
3354  0
3355  0
3356  0
3357  0
3358  0
3359  1
3360  0
3361  0
3362  0
3363  1
3364  0
3365  0
3366  0
3367  0
3368  0
3369  0
3370  0
3371  0
3372  1
3373  0
3374  0
3375  0
3376  0
3377  0
3378  0
3379  0
3380  0
3381  0
3382  0
3383  0
3384  0
3385  0
3386  0
3387  0
3388  0
3389  0
3390  0
3391  0
3392  0
3393  0
3394  0
3395  0
3396  0
3397  0
3398  0
3399  0
3400  0
3401  0
3402  0
3403  0
3404  0
3405  0
3406  0
3407  0
3408  0
3409  0
3410  0
3411  0
3412  0
3413  0
3414  0
3415  0
3416  0
3417  0
3418  0
3419  0
3420  0
3421  0
3422  0
3423  0
3424  0
3425  0
3426  0
3427  0
3428  0
3429  0
3430  0
3431  0
3432  0
3433  0
3434  0
3435  0
3436  0
3437  0
3438  0
3439  0
3440  0
3441  0
3442  0
3443  1
3444  0
3445  0
3446  0
3447  0
3448  0
3449  0
3450  0
3451  0
3452  0
3453  0
3454  0
3455  0
3456  0
3457  0
3458  0
3459  0
3460  1
3461  0
3462  0
3463  0
3464  0
3465  0
3466  0
3467  0
3468  0
3469  0
3470  0
3471  1
3472  0
3473  1
3474  0
3475  0
3476  0
3477  0
3478  0
3479  0
3480  0
3481  0
3482  0
3483  0
3484  0
3485  0
3486  0
3487  0
3488  0
3489  0
3490  0
3491  0
3492  0
3493  1
3494  0
3495  0
3496  0
3497  0
3498  0
3499  0
3500  0
3501  0
3502  0
3503  0
3504  1
3505  0
3506  1
3507  0
3508  1
3509  0
3510  1
3511  0
3512  0
3513  0
3514  0
3515  0
3516  0
3517  0
3518  0
3519  0
3520  0
3521  1
3522  0
3523  1
3524  0
3525  0
3526  0
3527  0
3528  0
3529  0
3530  0
3531  0
3532  0
3533  0
3534  0
3535  0
3536  0
3537  0
3538  0
3539  0
3540  0
3541  0
3542  0
3543  0
3544  0
3545  0
3546  0
3547  0
3548  0
3549  0
3550  0
3551  0
3552  0
3553  0
3554  0
3555  0
3556  0
3557  0
3558  0
3559  0
3560  0
3561  0
3562  0
3563  0
3564  0
3565  0
3566  0
3567  0
3568  0
3569  0
3570  0
3571  0
3572  0
3573  0
3574  0
3575  0
3576  0
3577  0
3578  0
3579  0
3580  0
3581  0
3582  0
3583  0
3584  0
3585  0
3586  0
3587  0
3588  0
3589  1
3590  1
3591  0
3592  0
3593  0
3594  0
3595  0
3596  0
3597  0
3598  0
3599  0
3600  0
3601  0
3602  1
3603  0
3604  0
3605  0
3606  0
3607  0
3608  0
3609  0
3610  0
3611  0
3612  0
3613  0
3614  0
3615  0
3616  0
3617  0
3618  0
3619  0
3620  0
3621  0
3622  0
3623  0
3624  0
3625  0
3626  0
3627  0
3628  0
3629  0
3630  0
3631  0
3632  0
3633  0
3634  0
3635  0
3636  0
3637  0
3638  0
3639  0
3640  0
3641  0
3642  0
3643  0
3644  0
3645  0
3646  0
3647  0
3648  0
3649  0
3650  0
3651  0
3652  0
3653  0
3654  0
3655  0
3656  0
3657  0
3658  0
3659  0
3660  0
3661  0
3662  0
3663  0
3664  0
3665  0
3666  0
3667  0
3668  0
3669  0
3670  0
3671  0
3672  0
3673  0
3674  0
3675  0
3676  0
3677  0
3678  0
3679  0
3680  0
3681  0
3682  0
3683  0
3684  0
3685  0
3686  0
3687  0
3688  0
3689  0
3690  0
3691  0
3692  0
3693  0
3694  0
3695  0
3696  0
3697  0
3698  0
3699  0
3700  0
3701  0
3702  0
3703  0
3704  0
3705  0
3706  0
3707  0
3708  0
3709  0
3710  0
3711  0
3712  0
3713  0
3714  0
3715  0
3716  0
3717  0
3718  0
3719  0
3720  0
3721  0
3722  0
3723  0
3724  0
3725  0
3726  0
3727  0
3728  0
3729  0
3730  0
3731  0
3732  0
3733  0
3734  0
3735  0
3736  0
3737  0
3738  0
3739  0
3740  0
3741  0
3742  0
3743  0
3744  0
3745  0
3746  0
3747  0
3748  0
3749  0
3750  0
3751  0
3752  0
3753  0
3754  0
3755  0
3756  0
3757  0
3758  0
3759  0
3760  0
3761  0
3762  0
3763  0
3764  0
3765  0
3766  0
3767  0
3768  0
3769  0
3770  0
3771  0
3772  0
3773  0
3774  0
3775  0
3776  0
3777  0
3778  0
3779  0
3780  0
3781  0
3782  0
3783  0
3784  0
3785  0
3786  0
3787  0
3788  0
3789  0
3790  0
3791  0
3792  0
3793  0
3794  0
3795  0
3796  0
3797  0
3798  0
3799  0
3800  0
3801  0
3802  0
3803  0
3804  0
3805  0
3806  0
3807  0
3808  0
3809  0
3810  0
3811  0
3812  0
3813  0
3814  0
3815  0
3816  0
3817  0
3818  0
3819  0
3820  0
3821  0
3822  0
3823  0
3824  0
3825  0
3826  0
3827  0
3828  0
3829  0
3830  0
3831  0
3832  0
3833  0
3834  0
3835  0
3836  0
3837  0
3838  0
3839  0
3840  0
3841  0
3842  0
3843  0
3844  0
3845  0
3846  0
3847  0
3848  0
3849  0
3850  0
3851  0
3852  0
3853  0
3854  0
3855  0
3856  0
3857  0
3858  0
3859  0
3860  0
3861  0
3862  0
3863  0
3864  0
3865  0
3866  0
3867  0
3868  0
3869  0
3870  0
3871  0
3872  0
3873  0
3874  0
3875  0
3876  0
3877  0
3878  0
3879  0
3880  0
3881  0
3882  0
3883  0
3884  0
3885  0
3886  0
3887  0
3888  0
3889  0
3890  0
3891  0
3892  0
3893  0
3894  0
3895  0
3896  0
3897  0
3898  0
3899  0
3900  0
3901  0
3902  0
3903  0
3904  0
3905  0
3906  0
3907  0
3908  0
3909  0
3910  0
3911  0
3912  0
3913  0
3914  0
3915  0
3916  0
3917  0
3918  0
3919  0
3920  0
3921  0
3922  0
3923  0
3924  0
3925  0
3926  0
3927  0
3928  0
3929  0
3930  0
3931  0
3932  0
3933  0
3934  0
3935  0
3936  0
3937  0
3938  0
3939  0
3940  0
3941  0
3942  0
3943  0
3944  0
3945  0
3946  0
3947  0
3948  0
3949  0
3950  0
3951  0
3952  0
3953  0
3954  0
3955  0
3956  0
3957  0
3958  0
3959  0
3960  0
3961  0
3962  0
3963  0
3964  0
3965  0
3966  0
3967  0
3968  0
3969  0
3970  0
3971  0
3972  0
3973  0
3974  0
3975  0
3976  0
3977  0
3978  0
3979  0
3980  0
3981  0
3982  0
3983  0
3984  0
3985  0
3986  0
3987  0
3988  0
3989  0
3990  0
3991  0
3992  0
3993  0
3994  0
3995  0
3996  0
3997  0
3998  0
3999  0
4000  0
4001  0
4002  0
4003  0
4004  0
4005  0
4006  0
4007  0
4008  0
4009  0
4010  0
4011  0
4012  0
4013  0
4014  0
4015  0
4016  0
4017  0
4018  0
4019  0
4020  0
4021  0
4022  0
4023  0
4024  0
4025  0
4026  0
4027  0
4028  0
4029  0
4030  0
4031  0
4032  0
4033  0
4034  0
4035  0
4036  0
4037  0
4038  0
4039  0
4040  0
4041  0
4042  0
4043  0
4044  0
4045  0
4046  0
4047  0
4048  0
4049  0
4050  0
4051  0
4052  0
4053  0
4054  0
4055  0
4056  0
4057  0
4058  0
4059  0
4060  0
4061  0
4062  0
4063  0
4064  0
4065  0
4066  0
4067  0
4068  0
4069  0
4070  0
4071  0
4072  0
4073  0
4074  0
4075  0
4076  0
4077  0
4078  0
4079  0
4080  0
4081  0
4082  0
4083  0
4084  0
4085  0
4086  0
4087  0
4088  0
4089  0
4090  0
4091  0
4092  0
4093  0
4094  0
4095  0
