0  0
1  0
2  0
3  0
4  0
5  0
6  0
7  0
8  0
9  0
10  0
11  0
12  0
13  0
14  0
15  0
16  0
17  0
18  2
19  1
20  0
21  0
22  1
23  0
24  0
25  0
26  0
27  0
28  3
29  0
30  0
31  1
32  1
33  1
34  0
35  1
36  1
37  0
38  0
39  1
40  0
41  0
42  0
43  0
44  0
45  0
46  0
47  0
48  0
49  0
50  2
51  0
52  0
53  1
54  1
55  0
56  1
57  0
58  0
59  0
60  1
61  0
62  0
63  0
64  0
65  1
66  0
67  1
68  0
69  2
70  1
71  1
72  1
73  0
74  0
75  0
76  0
77  1
78  0
79  0
80  2
81  0
82  0
83  1
84  0
85  1
86  1
87  2
88  0
89  1
90  0
91  1
92  1
93  1
94  0
95  3
96  3
97  1
98  1
99  2
100  2
101  1
102  0
103  2
104  2
105  3
106  2
107  0
108  0
109  1
110  2
111  2
112  2
113  0
114  1
115  1
116  4
117  1
118  1
119  2
120  2
121  3
122  3
123  3
124  3
125  1
126  3
127  1
128  2
129  0
130  2
131  4
132  2
133  2
134  0
135  2
136  0
137  2
138  0
139  0
140  3
141  2
142  1
143  4
144  2
145  3
146  2
147  5
148  2
149  4
150  3
151  5
152  4
153  3
154  6
155  1
156  2
157  2
158  8
159  8
160  7
161  4
162  10
163  6
164  9
165  6
166  6
167  14
168  12
169  11
170  9
171  11
172  9
173  17
174  16
175  18
176  21
177  12
178  21
179  33
180  19
181  23
182  22
183  28
184  35
185  34
186  34
187  57
188  67
189  87
190  111
191  146
192  209
193  273
194  314
195  430
196  491
197  530
198  556
199  628
200  640
201  662
202  682
203  641
204  683
205  704
206  633
207  648
208  674
209  632
210  571
211  644
212  648
213  654
214  628
215  654
216  619
217  602
218  627
219  608
220  618
221  621
222  572
223  586
224  557
225  559
226  558
227  544
228  547
229  542
230  575
231  554
232  562
233  542
234  562
235  553
236  536
237  532
238  544
239  538
240  527
241  558
242  563
243  549
244  559
245  483
246  552
247  516
248  530
249  469
250  509
251  504
252  493
253  502
254  515
255  458
256  510
257  485
258  490
259  492
260  453
261  479
262  446
263  468
264  433
265  452
266  488
267  410
268  447
269  406
270  442
271  398
272  424
273  410
274  442
275  373
276  404
277  426
278  454
279  389
280  388
281  433
282  439
283  358
284  391
285  399
286  407
287  409
288  394
289  395
290  372
291  344
292  365
293  357
294  352
295  354
296  392
297  349
298  345
299  329
300  340
301  380
302  369
303  348
304  364
305  412
306  347
307  354
308  338
309  341
310  339
311  355
312  383
313  385
314  370
315  320
316  335
317  317
318  327
319  375
320  299
321  333
322  321
323  335
324  380
325  364
326  329
327  353
328  351
329  336
330  324
331  316
332  313
333  347
334  327
335  337
336  347
337  352
338  316
339  327
340  349
341  310
342  319
343  310
344  350
345  321
346  315
347  300
348  331
349  313
350  327
351  308
352  338
353  341
354  334
355  286
356  322
357  287
358  303
359  314
360  290
361  297
362  304
363  310
364  294
365  308
366  312
367  312
368  288
369  305
370  335
371  313
372  320
373  285
374  307
375  324
376  338
377  267
378  283
379  286
380  333
381  298
382  339
383  290
384  298
385  310
386  305
387  295
388  342
389  312
390  333
391  282
392  317
393  300
394  316
395  288
396  323
397  307
398  311
399  306
400  279
401  302
402  285
403  256
404  283
405  317
406  297
407  285
408  305
409  297
410  293
411  295
412  310
413  277
414  293
415  308
416  282
417  273
418  282
419  304
420  282
421  260
422  301
423  278
424  298
425  300
426  273
427  279
428  293
429  285
430  258
431  262
432  302
433  262
434  288
435  262
436  268
437  262
438  248
439  275
440  263
441  268
442  261
443  251
444  249
445  262
446  229
447  254
448  245
449  283
450  255
451  256
452  249
453  232
454  248
455  270
456  233
457  280
458  239
459  211
460  244
461  236
462  235
463  221
464  221
465  256
466  240
467  243
468  253
469  237
470  241
471  239
472  213
473  228
474  225
475  243
476  238
477  222
478  200
479  222
480  208
481  222
482  224
483  195
484  200
485  203
486  239
487  219
488  213
489  207
490  200
491  199
492  213
493  244
494  219
495  212
496  210
497  228
498  217
499  198
500  222
501  195
502  204
503  232
504  205
505  210
506  189
507  220
508  227
509  201
510  198
511  219
512  218
513  204
514  194
515  216
516  213
517  196
518  209
519  206
520  208
521  207
522  202
523  207
524  202
525  187
526  190
527  194
528  231
529  223
530  236
531  202
532  211
533  206
534  222
535  222
536  214
537  200
538  214
539  215
540  233
541  194
542  204
543  223
544  196
545  215
546  185
547  195
548  207
549  239
550  212
551  232
552  192
553  199
554  198
555  196
556  220
557  197
558  188
559  208
560  181
561  206
562  199
563  225
564  183
565  203
566  216
567  195
568  204
569  180
570  215
571  197
572  201
573  207
574  208
575  189
576  189
577  200
578  196
579  194
580  211
581  190
582  191
583  190
584  202
585  203
586  190
587  211
588  197
589  218
590  157
591  181
592  183
593  198
594  190
595  203
596  187
597  203
598  168
599  199
600  193
601  168
602  190
603  172
604  191
605  196
606  206
607  202
608  169
609  190
610  184
611  194
612  180
613  198
614  194
615  180
616  147
617  209
618  201
619  176
620  248
621  183
622  199
623  177
624  189
625  184
626  209
627  203
628  196
629  195
630  179
631  193
632  212
633  206
634  180
635  216
636  192
637  213
638  180
639  175
640  182
641  190
642  199
643  211
644  205
645  206
646  180
647  206
648  201
649  208
650  190
651  214
652  196
653  190
654  210
655  215
656  245
657  188
658  197
659  202
660  191
661  209
662  189
663  204
664  194
665  212
666  200
667  191
668  208
669  185
670  189
671  217
672  190
673  216
674  180
675  233
676  184
677  204
678  207
679  220
680  208
681  178
682  209
683  222
684  207
685  183
686  226
687  190
688  212
689  187
690  200
691  203
692  191
693  228
694  193
695  195
696  193
697  218
698  197
699  215
700  189
701  187
702  195
703  198
704  182
705  213
706  207
707  181
708  201
709  195
710  178
711  201
712  203
713  204
714  205
715  183
716  175
717  192
718  177
719  201
720  180
721  201
722  213
723  203
724  171
725  186
726  184
727  184
728  186
729  212
730  189
731  182
732  201
733  212
734  175
735  166
736  174
737  175
738  180
739  173
740  156
741  143
742  177
743  162
744  155
745  146
746  140
747  153
748  163
749  140
750  151
751  141
752  149
753  147
754  145
755  152
756  146
757  162
758  144
759  136
760  124
761  126
762  131
763  131
764  129
765  120
766  111
767  126
768  111
769  130
770  131
771  104
772  132
773  119
774  120
775  117
776  123
777  101
778  134
779  96
780  94
781  98
782  113
783  110
784  83
785  111
786  98
787  122
788  102
789  92
790  118
791  100
792  76
793  88
794  97
795  85
796  83
797  98
798  105
799  96
800  89
801  119
802  70
803  103
804  99
805  94
806  94
807  79
808  90
809  86
810  85
811  75
812  87
813  94
814  80
815  80
816  89
817  84
818  95
819  91
820  95
821  82
822  75
823  80
824  78
825  76
826  78
827  82
828  72
829  80
830  62
831  71
832  73
833  90
834  72
835  69
836  78
837  73
838  72
839  86
840  76
841  77
842  78
843  83
844  68
845  71
846  63
847  75
848  83
849  83
850  77
851  60
852  67
853  78
854  77
855  68
856  60
857  87
858  85
859  77
860  88
861  72
862  80
863  78
864  69
865  69
866  64
867  71
868  64
869  59
870  75
871  56
872  71
873  67
874  65
875  79
876  79
877  80
878  71
879  57
880  82
881  68
882  74
883  76
884  80
885  75
886  71
887  81
888  59
889  63
890  67
891  86
892  71
893  67
894  64
895  63
896  72
897  52
898  79
899  75
900  56
901  74
902  65
903  56
904  82
905  68
906  64
907  65
908  63
909  63
910  66
911  55
912  76
913  58
914  77
915  63
916  67
917  58
918  64
919  59
920  54
921  65
922  54
923  62
924  63
925  62
926  56
927  65
928  79
929  64
930  61
931  61
932  52
933  75
934  61
935  67
936  58
937  58
938  70
939  70
940  65
941  62
942  61
943  59
944  56
945  58
946  53
947  56
948  52
949  55
950  49
951  46
952  60
953  46
954  66
955  47
956  48
957  58
958  63
959  64
960  63
961  56
962  64
963  51
964  66
965  51
966  55
967  52
968  47
969  49
970  65
971  48
972  55
973  55
974  65
975  54
976  47
977  45
978  47
979  51
980  49
981  60
982  50
983  50
984  61
985  53
986  48
987  47
988  48
989  61
990  50
991  73
992  61
993  61
994  68
995  64
996  55
997  68
998  52
999  53
1000  56
1001  56
1002  57
1003  62
1004  58
1005  46
1006  49
1007  63
1008  50
1009  58
1010  55
1011  43
1012  49
1013  45
1014  43
1015  55
1016  63
1017  44
1018  40
1019  48
1020  52
1021  57
1022  39
1023  49
1024  50
1025  48
1026  50
1027  38
1028  49
1029  56
1030  47
1031  58
1032  35
1033  37
1034  57
1035  43
1036  55
1037  47
1038  51
1039  57
1040  54
1041  49
1042  44
1043  50
1044  47
1045  53
1046  46
1047  38
1048  51
1049  54
1050  47
1051  43
1052  50
1053  56
1054  54
1055  54
1056  54
1057  55
1058  49
1059  45
1060  33
1061  55
1062  42
1063  61
1064  48
1065  48
1066  35
1067  53
1068  50
1069  59
1070  42
1071  48
1072  46
1073  60
1074  47
1075  36
1076  45
1077  45
1078  55
1079  35
1080  44
1081  52
1082  31
1083  47
1084  37
1085  39
1086  45
1087  51
1088  49
1089  36
1090  43
1091  55
1092  46
1093  50
1094  46
1095  37
1096  38
1097  49
1098  43
1099  31
1100  40
1101  57
1102  44
1103  38
1104  41
1105  41
1106  30
1107  41
1108  48
1109  50
1110  50
1111  46
1112  47
1113  54
1114  49
1115  47
1116  42
1117  61
1118  56
1119  38
1120  50
1121  51
1122  31
1123  48
1124  40
1125  47
1126  39
1127  51
1128  36
1129  50
1130  42
1131  45
1132  39
1133  40
1134  33
1135  45
1136  47
1137  54
1138  44
1139  40
1140  29
1141  46
1142  42
1143  49
1144  28
1145  45
1146  61
1147  34
1148  36
1149  52
1150  36
1151  39
1152  39
1153  41
1154  45
1155  35
1156  42
1157  34
1158  46
1159  54
1160  36
1161  40
1162  31
1163  33
1164  37
1165  51
1166  39
1167  55
1168  30
1169  31
1170  27
1171  44
1172  38
1173  36
1174  37
1175  43
1176  36
1177  62
1178  36
1179  39
1180  40
1181  35
1182  41
1183  35
1184  46
1185  39
1186  34
1187  40
1188  34
1189  41
1190  46
1191  33
1192  33
1193  36
1194  45
1195  42
1196  37
1197  41
1198  32
1199  30
1200  41
1201  31
1202  35
1203  32
1204  26
1205  42
1206  38
1207  39
1208  41
1209  30
1210  35
1211  34
1212  28
1213  53
1214  37
1215  49
1216  37
1217  40
1218  35
1219  47
1220  42
1221  35
1222  37
1223  47
1224  34
1225  50
1226  39
1227  42
1228  46
1229  40
1230  37
1231  34
1232  35
1233  19
1234  30
1235  44
1236  29
1237  32
1238  27
1239  24
1240  45
1241  31
1242  28
1243  36
1244  37
1245  30
1246  33
1247  35
1248  27
1249  38
1250  38
1251  39
1252  25
1253  31
1254  38
1255  36
1256  44
1257  34
1258  26
1259  36
1260  38
1261  35
1262  35
1263  33
1264  34
1265  29
1266  48
1267  34
1268  41
1269  25
1270  35
1271  32
1272  30
1273  29
1274  33
1275  37
1276  29
1277  25
1278  30
1279  25
1280  29
1281  24
1282  41
1283  27
1284  37
1285  25
1286  26
1287  22
1288  29
1289  23
1290  34
1291  21
1292  39
1293  30
1294  27
1295  26
1296  20
1297  25
1298  28
1299  45
1300  39
1301  38
1302  26
1303  30
1304  34
1305  33
1306  34
1307  31
1308  23
1309  35
1310  30
1311  27
1312  40
1313  22
1314  26
1315  30
1316  27
1317  23
1318  32
1319  28
1320  21
1321  32
1322  34
1323  23
1324  31
1325  36
1326  21
1327  21
1328  28
1329  41
1330  35
1331  26
1332  22
1333  38
1334  35
1335  36
1336  20
1337  31
1338  30
1339  37
1340  35
1341  26
1342  27
1343  23
1344  33
1345  30
1346  30
1347  34
1348  36
1349  33
1350  32
1351  31
1352  32
1353  45
1354  28
1355  25
1356  27
1357  21
1358  35
1359  34
1360  34
1361  25
1362  41
1363  25
1364  26
1365  28
1366  26
1367  32
1368  27
1369  28
1370  25
1371  21
1372  26
1373  30
1374  26
1375  31
1376  22
1377  36
1378  22
1379  31
1380  34
1381  30
1382  40
1383  38
1384  42
1385  26
1386  25
1387  22
1388  31
1389  18
1390  32
1391  27
1392  27
1393  27
1394  35
1395  33
1396  32
1397  32
1398  29
1399  33
1400  28
1401  34
1402  30
1403  39
1404  28
1405  28
1406  38
1407  26
1408  26
1409  33
1410  25
1411  26
1412  26
1413  23
1414  25
1415  25
1416  21
1417  22
1418  27
1419  32
1420  30
1421  27
1422  25
1423  26
1424  21
1425  25
1426  24
1427  30
1428  28
1429  26
1430  31
1431  25
1432  21
1433  27
1434  13
1435  28
1436  30
1437  22
1438  21
1439  22
1440  27
1441  30
1442  32
1443  22
1444  23
1445  24
1446  29
1447  26
1448  26
1449  21
1450  24
1451  22
1452  22
1453  24
1454  32
1455  25
1456  23
1457  26
1458  27
1459  31
1460  13
1461  21
1462  20
1463  16
1464  18
1465  26
1466  27
1467  26
1468  21
1469  28
1470  34
1471  18
1472  33
1473  23
1474  25
1475  18
1476  13
1477  24
1478  20
1479  22
1480  22
1481  32
1482  27
1483  27
1484  23
1485  27
1486  23
1487  26
1488  17
1489  27
1490  27
1491  22
1492  28
1493  21
1494  27
1495  26
1496  33
1497  26
1498  26
1499  24
1500  29
1501  19
1502  30
1503  29
1504  24
1505  22
1506  24
1507  29
1508  23
1509  27
1510  22
1511  30
1512  24
1513  23
1514  22
1515  26
1516  20
1517  23
1518  25
1519  23
1520  16
1521  18
1522  24
1523  28
1524  29
1525  41
1526  32
1527  28
1528  24
1529  32
1530  26
1531  22
1532  17
1533  33
1534  18
1535  27
1536  27
1537  19
1538  35
1539  20
1540  23
1541  19
1542  27
1543  34
1544  17
1545  21
1546  20
1547  30
1548  34
1549  22
1550  21
1551  29
1552  31
1553  26
1554  22
1555  22
1556  31
1557  14
1558  28
1559  30
1560  25
1561  27
1562  18
1563  20
1564  28
1565  20
1566  24
1567  16
1568  18
1569  18
1570  22
1571  29
1572  24
1573  16
1574  21
1575  32
1576  25
1577  23
1578  18
1579  17
1580  21
1581  29
1582  22
1583  28
1584  21
1585  19
1586  21
1587  26
1588  23
1589  21
1590  19
1591  31
1592  19
1593  26
1594  18
1595  19
1596  24
1597  27
1598  25
1599  22
1600  12
1601  23
1602  25
1603  30
1604  23
1605  26
1606  20
1607  31
1608  21
1609  13
1610  26
1611  31
1612  16
1613  16
1614  20
1615  23
1616  23
1617  22
1618  22
1619  22
1620  21
1621  28
1622  20
1623  12
1624  16
1625  25
1626  17
1627  15
1628  22
1629  14
1630  19
1631  20
1632  23
1633  26
1634  24
1635  27
1636  17
1637  13
1638  22
1639  18
1640  25
1641  18
1642  20
1643  27
1644  20
1645  22
1646  19
1647  13
1648  21
1649  21
1650  23
1651  16
1652  18
1653  20
1654  21
1655  22
1656  17
1657  20
1658  19
1659  20
1660  10
1661  21
1662  24
1663  20
1664  26
1665  18
1666  18
1667  18
1668  25
1669  16
1670  16
1671  14
1672  29
1673  15
1674  22
1675  15
1676  17
1677  24
1678  17
1679  17
1680  12
1681  24
1682  23
1683  10
1684  18
1685  16
1686  18
1687  16
1688  21
1689  20
1690  14
1691  17
1692  24
1693  18
1694  21
1695  12
1696  21
1697  13
1698  14
1699  26
1700  19
1701  26
1702  17
1703  25
1704  29
1705  13
1706  22
1707  23
1708  16
1709  20
1710  27
1711  20
1712  13
1713  18
1714  23
1715  13
1716  19
1717  24
1718  11
1719  27
1720  25
1721  20
1722  18
1723  25
1724  13
1725  20
1726  27
1727  21
1728  16
1729  25
1730  18
1731  20
1732  17
1733  30
1734  21
1735  17
1736  12
1737  19
1738  16
1739  11
1740  18
1741  15
1742  15
1743  21
1744  17
1745  17
1746  14
1747  18
1748  13
1749  14
1750  12
1751  29
1752  17
1753  10
1754  15
1755  17
1756  16
1757  23
1758  16
1759  20
1760  15
1761  19
1762  20
1763  14
1764  24
1765  15
1766  21
1767  17
1768  14
1769  17
1770  21
1771  14
1772  19
1773  17
1774  20
1775  12
1776  15
1777  13
1778  23
1779  21
1780  12
1781  19
1782  16
1783  12
1784  20
1785  15
1786  20
1787  12
1788  19
1789  20
1790  18
1791  9
1792  19
1793  15
1794  24
1795  22
1796  14
1797  19
1798  15
1799  15
1800  17
1801  14
1802  17
1803  10
1804  23
1805  17
1806  22
1807  13
1808  13
1809  15
1810  19
1811  21
1812  15
1813  17
1814  19
1815  17
1816  18
1817  13
1818  19
1819  19
1820  9
1821  18
1822  11
1823  15
1824  12
1825  17
1826  19
1827  18
1828  12
1829  13
1830  17
1831  14
1832  18
1833  18
1834  16
1835  23
1836  12
1837  18
1838  15
1839  21
1840  20
1841  16
1842  17
1843  13
1844  19
1845  6
1846  13
1847  12
1848  14
1849  15
1850  12
1851  17
1852  16
1853  19
1854  10
1855  11
1856  16
1857  9
1858  14
1859  12
1860  22
1861  11
1862  15
1863  11
1864  17
1865  9
1866  15
1867  7
1868  16
1869  11
1870  21
1871  15
1872  15
1873  10
1874  14
1875  7
1876  21
1877  16
1878  9
1879  6
1880  11
1881  10
1882  16
1883  12
1884  13
1885  14
1886  10
1887  18
1888  9
1889  16
1890  15
1891  18
1892  11
1893  12
1894  14
1895  10
1896  7
1897  18
1898  9
1899  14
1900  13
1901  15
1902  5
1903  13
1904  9
1905  10
1906  10
1907  10
1908  14
1909  11
1910  11
1911  10
1912  20
1913  15
1914  9
1915  17
1916  8
1917  8
1918  18
1919  10
1920  10
1921  9
1922  10
1923  16
1924  19
1925  9
1926  10
1927  12
1928  10
1929  12
1930  10
1931  18
1932  13
1933  10
1934  10
1935  9
1936  10
1937  13
1938  10
1939  12
1940  6
1941  11
1942  14
1943  15
1944  11
1945  8
1946  5
1947  13
1948  15
1949  13
1950  13
1951  12
1952  18
1953  9
1954  7
1955  12
1956  9
1957  15
1958  10
1959  11
1960  13
1961  7
1962  7
1963  4
1964  7
1965  8
1966  7
1967  10
1968  10
1969  14
1970  8
1971  12
1972  13
1973  6
1974  10
1975  11
1976  14
1977  8
1978  14
1979  12
1980  7
1981  7
1982  10
1983  11
1984  13
1985  15
1986  9
1987  8
1988  14
1989  7
1990  13
1991  10
1992  13
1993  11
1994  13
1995  12
1996  10
1997  13
1998  11
1999  9
2000  7
2001  16
2002  11
2003  5
2004  5
2005  8
2006  10
2007  8
2008  12
2009  8
2010  4
2011  9
2012  7
2013  12
2014  8
2015  11
2016  6
2017  8
2018  9
2019  11
2020  10
2021  8
2022  5
2023  8
2024  8
2025  4
2026  12
2027  7
2028  14
2029  12
2030  8
2031  5
2032  12
2033  7
2034  4
2035  9
2036  5
2037  14
2038  7
2039  10
2040  6
2041  7
2042  6
2043  6
2044  8
2045  7
2046  6
2047  7
2048  7
2049  6
2050  7
2051  3
2052  4
2053  13
2054  8
2055  10
2056  7
2057  9
2058  5
2059  3
2060  4
2061  7
2062  7
2063  9
2064  11
2065  7
2066  7
2067  9
2068  6
2069  14
2070  6
2071  7
2072  10
2073  7
2074  4
2075  13
2076  11
2077  6
2078  3
2079  6
2080  10
2081  4
2082  5
2083  10
2084  7
2085  3
2086  6
2087  4
2088  8
2089  15
2090  11
2091  7
2092  2
2093  8
2094  9
2095  2
2096  9
2097  9
2098  5
2099  7
2100  7
2101  7
2102  14
2103  15
2104  9
2105  10
2106  10
2107  12
2108  11
2109  6
2110  7
2111  11
2112  8
2113  9
2114  2
2115  9
2116  7
2117  3
2118  10
2119  5
2120  8
2121  6
2122  6
2123  8
2124  6
2125  16
2126  12
2127  6
2128  7
2129  6
2130  6
2131  5
2132  5
2133  6
2134  9
2135  7
2136  14
2137  5
2138  5
2139  5
2140  9
2141  7
2142  5
2143  8
2144  7
2145  7
2146  8
2147  0
2148  6
2149  6
2150  7
2151  9
2152  11
2153  3
2154  2
2155  6
2156  8
2157  5
2158  4
2159  4
2160  5
2161  4
2162  11
2163  5
2164  5
2165  5
2166  6
2167  7
2168  4
2169  8
2170  6
2171  7
2172  6
2173  10
2174  5
2175  7
2176  5
2177  2
2178  6
2179  6
2180  6
2181  9
2182  9
2183  9
2184  4
2185  7
2186  7
2187  2
2188  5
2189  7
2190  9
2191  12
2192  6
2193  2
2194  4
2195  15
2196  3
2197  8
2198  3
2199  5
2200  2
2201  8
2202  8
2203  6
2204  2
2205  5
2206  7
2207  4
2208  2
2209  4
2210  12
2211  5
2212  5
2213  4
2214  7
2215  6
2216  5
2217  10
2218  6
2219  4
2220  5
2221  5
2222  5
2223  5
2224  5
2225  3
2226  4
2227  9
2228  4
2229  4
2230  6
2231  7
2232  10
2233  2
2234  7
2235  5
2236  6
2237  7
2238  7
2239  4
2240  10
2241  6
2242  4
2243  6
2244  3
2245  2
2246  13
2247  4
2248  8
2249  6
2250  5
2251  7
2252  2
2253  4
2254  5
2255  4
2256  4
2257  3
2258  4
2259  5
2260  2
2261  8
2262  5
2263  6
2264  4
2265  3
2266  7
2267  8
2268  6
2269  2
2270  6
2271  4
2272  5
2273  4
2274  9
2275  7
2276  4
2277  4
2278  4
2279  6
2280  3
2281  4
2282  3
2283  4
2284  7
2285  5
2286  5
2287  4
2288  3
2289  1
2290  5
2291  8
2292  8
2293  5
2294  1
2295  3
2296  4
2297  1
2298  6
2299  2
2300  7
2301  9
2302  2
2303  5
2304  4
2305  5
2306  8
2307  4
2308  6
2309  4
2310  1
2311  2
2312  6
2313  5
2314  6
2315  6
2316  3
2317  5
2318  4
2319  5
2320  3
2321  7
2322  7
2323  1
2324  4
2325  4
2326  4
2327  4
2328  2
2329  4
2330  8
2331  5
2332  5
2333  8
2334  3
2335  3
2336  3
2337  4
2338  6
2339  6
2340  5
2341  2
2342  3
2343  2
2344  1
2345  3
2346  2
2347  2
2348  2
2349  4
2350  4
2351  5
2352  1
2353  4
2354  2
2355  2
2356  1
2357  6
2358  5
2359  3
2360  2
2361  5
2362  2
2363  4
2364  3
2365  1
2366  3
2367  3
2368  5
2369  7
2370  3
2371  2
2372  6
2373  2
2374  3
2375  4
2376  4
2377  2
2378  5
2379  2
2380  2
2381  3
2382  3
2383  1
2384  8
2385  5
2386  2
2387  4
2388  4
2389  5
2390  6
2391  5
2392  3
2393  6
2394  8
2395  3
2396  5
2397  0
2398  1
2399  7
2400  2
2401  2
2402  1
2403  4
2404  2
2405  1
2406  0
2407  4
2408  2
2409  4
2410  2
2411  4
2412  1
2413  1
2414  3
2415  5
2416  0
2417  6
2418  6
2419  0
2420  5
2421  5
2422  5
2423  1
2424  2
2425  7
2426  1
2427  4
2428  3
2429  3
2430  3
2431  2
2432  4
2433  2
2434  6
2435  6
2436  3
2437  2
2438  2
2439  5
2440  4
2441  3
2442  4
2443  0
2444  5
2445  3
2446  1
2447  0
2448  3
2449  3
2450  1
2451  3
2452  3
2453  2
2454  2
2455  5
2456  4
2457  4
2458  5
2459  3
2460  0
2461  1
2462  1
2463  3
2464  7
2465  6
2466  2
2467  2
2468  3
2469  3
2470  6
2471  2
2472  1
2473  3
2474  3
2475  2
2476  4
2477  2
2478  0
2479  2
2480  3
2481  4
2482  5
2483  5
2484  1
2485  1
2486  0
2487  1
2488  1
2489  5
2490  5
2491  4
2492  2
2493  3
2494  1
2495  3
2496  3
2497  1
2498  3
2499  3
2500  3
2501  0
2502  4
2503  4
2504  3
2505  4
2506  2
2507  3
2508  4
2509  5
2510  3
2511  4
2512  3
2513  2
2514  1
2515  3
2516  2
2517  2
2518  3
2519  2
2520  2
2521  1
2522  0
2523  3
2524  4
2525  1
2526  1
2527  5
2528  3
2529  0
2530  1
2531  2
2532  4
2533  3
2534  1
2535  2
2536  0
2537  0
2538  0
2539  4
2540  3
2541  2
2542  2
2543  1
2544  1
2545  4
2546  0
2547  4
2548  0
2549  1
2550  0
2551  1
2552  0
2553  2
2554  2
2555  1
2556  2
2557  1
2558  2
2559  4
2560  2
2561  1
2562  2
2563  2
2564  1
2565  3
2566  1
2567  2
2568  2
2569  1
2570  1
2571  1
2572  0
2573  0
2574  0
2575  2
2576  4
2577  2
2578  1
2579  2
2580  1
2581  0
2582  0
2583  1
2584  1
2585  3
2586  1
2587  0
2588  1
2589  1
2590  0
2591  6
2592  2
2593  2
2594  3
2595  1
2596  1
2597  3
2598  2
2599  3
2600  1
2601  2
2602  2
2603  0
2604  2
2605  2
2606  2
2607  2
2608  1
2609  1
2610  3
2611  1
2612  1
2613  2
2614  0
2615  3
2616  2
2617  2
2618  1
2619  1
2620  1
2621  6
2622  2
2623  2
2624  2
2625  2
2626  1
2627  3
2628  4
2629  1
2630  3
2631  3
2632  2
2633  2
2634  2
2635  1
2636  1
2637  4
2638  0
2639  2
2640  0
2641  1
2642  2
2643  1
2644  2
2645  4
2646  4
2647  1
2648  0
2649  1
2650  1
2651  1
2652  2
2653  3
2654  1
2655  1
2656  0
2657  1
2658  1
2659  3
2660  2
2661  0
2662  1
2663  1
2664  2
2665  1
2666  4
2667  0
2668  0
2669  1
2670  2
2671  3
2672  2
2673  1
2674  0
2675  0
2676  0
2677  4
2678  1
2679  3
2680  0
2681  0
2682  1
2683  1
2684  3
2685  1
2686  1
2687  1
2688  2
2689  3
2690  1
2691  1
2692  1
2693  1
2694  0
2695  1
2696  1
2697  3
2698  1
2699  1
2700  0
2701  0
2702  2
2703  3
2704  1
2705  0
2706  4
2707  0
2708  1
2709  2
2710  0
2711  0
2712  1
2713  2
2714  2
2715  1
2716  1
2717  0
2718  1
2719  1
2720  2
2721  1
2722  3
2723  1
2724  2
2725  0
2726  0
2727  0
2728  1
2729  1
2730  1
2731  1
2732  1
2733  0
2734  1
2735  1
2736  2
2737  0
2738  0
2739  0
2740  1
2741  2
2742  3
2743  0
2744  1
2745  1
2746  0
2747  1
2748  0
2749  1
2750  0
2751  0
2752  1
2753  2
2754  0
2755  1
2756  0
2757  1
2758  0
2759  0
2760  1
2761  1
2762  0
2763  3
2764  1
2765  1
2766  0
2767  2
2768  0
2769  1
2770  2
2771  1
2772  0
2773  1
2774  1
2775  3
2776  1
2777  0
2778  0
2779  0
2780  1
2781  0
2782  0
2783  1
2784  1
2785  2
2786  0
2787  2
2788  1
2789  0
2790  2
2791  0
2792  0
2793  0
2794  0
2795  0
2796  1
2797  1
2798  1
2799  0
2800  2
2801  0
2802  0
2803  0
2804  0
2805  2
2806  0
2807  3
2808  0
2809  0
2810  0
2811  1
2812  0
2813  0
2814  0
2815  0
2816  1
2817  0
2818  0
2819  1
2820  0
2821  0
2822  1
2823  0
2824  0
2825  1
2826  2
2827  0
2828  1
2829  1
2830  1
2831  1
2832  1
2833  0
2834  0
2835  1
2836  1
2837  2
2838  0
2839  1
2840  0
2841  2
2842  0
2843  1
2844  0
2845  0
2846  0
2847  0
2848  0
2849  2
2850  0
2851  1
2852  1
2853  1
2854  3
2855  0
2856  0
2857  0
2858  0
2859  1
2860  2
2861  0
2862  0
2863  0
2864  1
2865  1
2866  0
2867  2
2868  0
2869  1
2870  2
2871  2
2872  1
2873  0
2874  0
2875  1
2876  2
2877  1
2878  0
2879  3
2880  1
2881  1
2882  0
2883  0
2884  0
2885  0
2886  2
2887  1
2888  2
2889  0
2890  1
2891  0
2892  0
2893  0
2894  1
2895  0
2896  1
2897  0
2898  0
2899  1
2900  0
2901  1
2902  1
2903  2
2904  1
2905  1
2906  0
2907  0
2908  1
2909  1
2910  0
2911  0
2912  0
2913  0
2914  0
2915  0
2916  1
2917  1
2918  1
2919  0
2920  0
2921  0
2922  1
2923  2
2924  1
2925  0
2926  0
2927  0
2928  1
2929  0
2930  0
2931  1
2932  2
2933  1
2934  3
2935  0
2936  0
2937  1
2938  1
2939  1
2940  1
2941  0
2942  0
2943  0
2944  0
2945  1
2946  2
2947  1
2948  0
2949  1
2950  0
2951  0
2952  0
2953  1
2954  0
2955  2
2956  0
2957  0
2958  1
2959  0
2960  1
2961  0
2962  1
2963  3
2964  2
2965  0
2966  0
2967  1
2968  1
2969  0
2970  1
2971  1
2972  0
2973  0
2974  1
2975  0
2976  1
2977  1
2978  3
2979  0
2980  0
2981  0
2982  0
2983  1
2984  2
2985  1
2986  0
2987  1
2988  0
2989  1
2990  1
2991  1
2992  0
2993  1
2994  2
2995  0
2996  1
2997  0
2998  2
2999  0
3000  0
3001  0
3002  0
3003  0
3004  0
3005  1
3006  0
3007  0
3008  1
3009  0
3010  0
3011  0
3012  0
3013  1
3014  0
3015  2
3016  1
3017  0
3018  1
3019  1
3020  0
3021  0
3022  0
3023  0
3024  0
3025  0
3026  0
3027  0
3028  0
3029  0
3030  0
3031  2
3032  0
3033  0
3034  0
3035  0
3036  0
3037  0
3038  1
3039  1
3040  1
3041  1
3042  0
3043  0
3044  1
3045  1
3046  0
3047  0
3048  0
3049  1
3050  1
3051  0
3052  0
3053  0
3054  0
3055  0
3056  1
3057  0
3058  1
3059  0
3060  0
3061  3
3062  0
3063  0
3064  0
3065  0
3066  2
3067  1
3068  1
3069  1
3070  0
3071  1
3072  0
3073  1
3074  0
3075  0
3076  0
3077  0
3078  1
3079  0
3080  0
3081  0
3082  1
3083  0
3084  0
3085  0
3086  0
3087  0
3088  1
3089  0
3090  0
3091  0
3092  0
3093  0
3094  0
3095  1
3096  0
3097  2
3098  0
3099  0
3100  0
3101  0
3102  0
3103  0
3104  0
3105  1
3106  1
3107  0
3108  1
3109  0
3110  1
3111  0
3112  0
3113  0
3114  1
3115  0
3116  1
3117  0
3118  1
3119  0
3120  0
3121  0
3122  0
3123  1
3124  0
3125  1
3126  0
3127  0
3128  0
3129  0
3130  0
3131  0
3132  0
3133  0
3134  0
3135  0
3136  0
3137  0
3138  0
3139  1
3140  0
3141  0
3142  0
3143  2
3144  2
3145  1
3146  0
3147  1
3148  0
3149  0
3150  0
3151  2
3152  1
3153  0
3154  0
3155  0
3156  0
3157  2
3158  1
3159  0
3160  0
3161  0
3162  0
3163  0
3164  2
3165  0
3166  1
3167  0
3168  0
3169  1
3170  0
3171  0
3172  0
3173  0
3174  0
3175  0
3176  0
3177  0
3178  0
3179  0
3180  0
3181  0
3182  0
3183  0
3184  1
3185  0
3186  0
3187  0
3188  1
3189  0
3190  2
3191  0
3192  0
3193  0
3194  0
3195  0
3196  0
3197  0
3198  1
3199  0
3200  0
3201  1
3202  0
3203  0
3204  0
3205  0
3206  1
3207  1
3208  1
3209  0
3210  0
3211  0
3212  0
3213  0
3214  0
3215  0
3216  0
3217  1
3218  0
3219  0
3220  0
3221  0
3222  1
3223  0
3224  0
3225  0
3226  0
3227  0
3228  0
3229  0
3230  0
3231  0
3232  0
3233  1
3234  0
3235  0
3236  0
3237  2
3238  0
3239  0
3240  0
3241  0
3242  0
3243  0
3244  0
3245  0
3246  0
3247  0
3248  0
3249  0
3250  0
3251  0
3252  1
3253  0
3254  0
3255  0
3256  0
3257  0
3258  0
3259  1
3260  0
3261  0
3262  0
3263  0
3264  0
3265  0
3266  0
3267  1
3268  0
3269  0
3270  0
3271  0
3272  0
3273  1
3274  0
3275  0
3276  0
3277  0
3278  0
3279  0
3280  1
3281  1
3282  0
3283  0
3284  0
3285  0
3286  0
3287  0
3288  0
3289  0
3290  0
3291  0
3292  0
3293  0
3294  0
3295  0
3296  0
3297  0
3298  0
3299  0
3300  0
3301  0
3302  0
3303  0
3304  0
3305  0
3306  1
3307  0
3308  0
3309  0
3310  0
3311  0
3312  0
3313  0
3314  0
3315  0
3316  0
3317  0
3318  0
3319  0
3320  0
3321  0
3322  0
3323  0
3324  1
3325  0
3326  0
3327  0
3328  0
3329  0
3330  0
3331  0
3332  0
3333  1
3334  0
3335  0
3336  0
3337  0
3338  0
3339  0
3340  0
3341  0
3342  0
3343  1
3344  0
3345  0
3346  0
3347  0
3348  0
3349  0
3350  0
3351  0
3352  0
3353  0
3354  0
3355  1
3356  1
3357  0
3358  0
3359  0
3360  0
3361  0
3362  0
3363  0
3364  0
3365  0
3366  0
3367  0
3368  0
3369  0
3370  0
3371  0
3372  0
3373  0
3374  0
3375  0
3376  0
3377  1
3378  0
3379  0
3380  1
3381  0
3382  1
3383  0
3384  0
3385  0
3386  0
3387  0
3388  0
3389  0
3390  0
3391  0
3392  0
3393  0
3394  0
3395  0
3396  0
3397  0
3398  0
3399  0
3400  0
3401  0
3402  1
3403  0
3404  1
3405  0
3406  1
3407  0
3408  0
3409  0
3410  0
3411  0
3412  0
3413  0
3414  0
3415  0
3416  0
3417  0
3418  0
3419  0
3420  0
3421  0
3422  0
3423  0
3424  0
3425  0
3426  1
3427  0
3428  0
3429  0
3430  0
3431  0
3432  0
3433  0
3434  0
3435  0
3436  0
3437  0
3438  0
3439  0
3440  0
3441  0
3442  0
3443  0
3444  0
3445  0
3446  0
3447  0
3448  0
3449  0
3450  0
3451  0
3452  0
3453  0
3454  0
3455  0
3456  0
3457  0
3458  0
3459  0
3460  0
3461  0
3462  0
3463  0
3464  0
3465  0
3466  0
3467  0
3468  0
3469  0
3470  0
3471  1
3472  1
3473  0
3474  1
3475  0
3476  0
3477  0
3478  0
3479  0
3480  0
3481  0
3482  0
3483  0
3484  1
3485  1
3486  0
3487  0
3488  0
3489  0
3490  0
3491  0
3492  1
3493  0
3494  0
3495  0
3496  0
3497  0
3498  2
3499  2
3500  0
3501  0
3502  0
3503  1
3504  1
3505  0
3506  0
3507  0
3508  1
3509  0
3510  0
3511  1
3512  0
3513  0
3514  0
3515  0
3516  0
3517  0
3518  1
3519  0
3520  0
3521  0
3522  0
3523  0
3524  0
3525  0
3526  0
3527  0
3528  0
3529  0
3530  0
3531  0
3532  0
3533  0
3534  0
3535  0
3536  0
3537  0
3538  0
3539  0
3540  0
3541  0
3542  0
3543  0
3544  0
3545  0
3546  0
3547  0
3548  0
3549  0
3550  0
3551  1
3552  0
3553  0
3554  0
3555  0
3556  0
3557  0
3558  0
3559  0
3560  0
3561  0
3562  0
3563  0
3564  0
3565  0
3566  0
3567  0
3568  0
3569  0
3570  0
3571  0
3572  0
3573  0
3574  0
3575  0
3576  1
3577  0
3578  0
3579  0
3580  0
3581  1
3582  0
3583  0
3584  0
3585  0
3586  0
3587  0
3588  0
3589  0
3590  0
3591  0
3592  0
3593  1
3594  0
3595  0
3596  0
3597  0
3598  1
3599  0
3600  0
3601  0
3602  0
3603  1
3604  0
3605  0
3606  0
3607  0
3608  0
3609  0
3610  0
3611  0
3612  0
3613  0
3614  0
3615  0
3616  0
3617  0
3618  0
3619  0
3620  0
3621  0
3622  0
3623  0
3624  0
3625  0
3626  0
3627  0
3628  0
3629  0
3630  0
3631  0
3632  0
3633  0
3634  0
3635  0
3636  0
3637  0
3638  0
3639  0
3640  0
3641  0
3642  0
3643  0
3644  0
3645  0
3646  0
3647  0
3648  0
3649  0
3650  0
3651  0
3652  0
3653  0
3654  0
3655  0
3656  0
3657  0
3658  0
3659  0
3660  0
3661  0
3662  0
3663  0
3664  0
3665  0
3666  0
3667  0
3668  0
3669  0
3670  0
3671  0
3672  0
3673  0
3674  0
3675  0
3676  0
3677  0
3678  0
3679  0
3680  0
3681  0
3682  0
3683  0
3684  0
3685  0
3686  0
3687  0
3688  0
3689  0
3690  0
3691  0
3692  0
3693  0
3694  0
3695  0
3696  0
3697  0
3698  0
3699  0
3700  0
3701  0
3702  0
3703  0
3704  0
3705  0
3706  0
3707  0
3708  0
3709  0
3710  0
3711  0
3712  0
3713  0
3714  0
3715  0
3716  0
3717  0
3718  0
3719  0
3720  0
3721  0
3722  0
3723  0
3724  0
3725  0
3726  0
3727  0
3728  0
3729  0
3730  0
3731  0
3732  0
3733  0
3734  0
3735  0
3736  0
3737  0
3738  0
3739  0
3740  0
3741  0
3742  0
3743  0
3744  0
3745  0
3746  0
3747  0
3748  0
3749  0
3750  0
3751  0
3752  0
3753  0
3754  0
3755  0
3756  0
3757  0
3758  0
3759  0
3760  0
3761  0
3762  0
3763  0
3764  0
3765  0
3766  0
3767  0
3768  0
3769  0
3770  0
3771  0
3772  0
3773  0
3774  0
3775  0
3776  0
3777  0
3778  0
3779  0
3780  0
3781  0
3782  0
3783  0
3784  0
3785  0
3786  0
3787  0
3788  0
3789  0
3790  0
3791  0
3792  0
3793  0
3794  0
3795  0
3796  0
3797  0
3798  0
3799  0
3800  0
3801  0
3802  0
3803  0
3804  0
3805  0
3806  0
3807  0
3808  0
3809  0
3810  0
3811  0
3812  0
3813  0
3814  0
3815  0
3816  0
3817  0
3818  0
3819  0
3820  0
3821  0
3822  0
3823  0
3824  0
3825  0
3826  0
3827  0
3828  0
3829  0
3830  0
3831  0
3832  0
3833  0
3834  0
3835  0
3836  0
3837  0
3838  0
3839  0
3840  0
3841  0
3842  0
3843  0
3844  0
3845  0
3846  0
3847  0
3848  0
3849  0
3850  0
3851  0
3852  0
3853  0
3854  0
3855  0
3856  0
3857  0
3858  0
3859  0
3860  0
3861  0
3862  0
3863  0
3864  0
3865  0
3866  0
3867  0
3868  0
3869  0
3870  0
3871  0
3872  0
3873  0
3874  0
3875  0
3876  0
3877  0
3878  0
3879  0
3880  0
3881  0
3882  0
3883  0
3884  0
3885  0
3886  0
3887  0
3888  0
3889  0
3890  0
3891  0
3892  0
3893  0
3894  0
3895  0
3896  0
3897  0
3898  0
3899  0
3900  0
3901  0
3902  0
3903  0
3904  0
3905  0
3906  0
3907  0
3908  0
3909  0
3910  0
3911  0
3912  0
3913  0
3914  0
3915  0
3916  0
3917  0
3918  0
3919  0
3920  0
3921  0
3922  0
3923  0
3924  0
3925  0
3926  0
3927  0
3928  0
3929  0
3930  0
3931  0
3932  0
3933  0
3934  0
3935  0
3936  0
3937  0
3938  0
3939  0
3940  0
3941  0
3942  0
3943  0
3944  0
3945  0
3946  0
3947  0
3948  0
3949  0
3950  0
3951  0
3952  0
3953  0
3954  0
3955  0
3956  0
3957  0
3958  0
3959  0
3960  0
3961  0
3962  0
3963  0
3964  0
3965  0
3966  0
3967  0
3968  0
3969  0
3970  0
3971  0
3972  0
3973  0
3974  0
3975  0
3976  0
3977  0
3978  0
3979  0
3980  0
3981  0
3982  0
3983  0
3984  0
3985  0
3986  0
3987  0
3988  0
3989  0
3990  0
3991  0
3992  0
3993  0
3994  0
3995  0
3996  0
3997  0
3998  0
3999  0
4000  0
4001  0
4002  0
4003  0
4004  0
4005  0
4006  0
4007  0
4008  0
4009  0
4010  0
4011  0
4012  0
4013  0
4014  0
4015  0
4016  0
4017  0
4018  0
4019  0
4020  0
4021  0
4022  0
4023  0
4024  0
4025  0
4026  0
4027  0
4028  0
4029  0
4030  0
4031  0
4032  0
4033  0
4034  0
4035  0
4036  0
4037  0
4038  0
4039  0
4040  0
4041  0
4042  0
4043  0
4044  0
4045  0
4046  0
4047  0
4048  0
4049  0
4050  0
4051  0
4052  0
4053  0
4054  0
4055  0
4056  0
4057  0
4058  0
4059  0
4060  0
4061  0
4062  0
4063  0
4064  0
4065  0
4066  0
4067  0
4068  0
4069  0
4070  0
4071  0
4072  0
4073  0
4074  0
4075  0
4076  0
4077  0
4078  0
4079  0
4080  0
4081  0
4082  0
4083  0
4084  0
4085  0
4086  0
4087  0
4088  0
4089  0
4090  0
4091  0
4092  0
4093  0
4094  0
4095  0
