0  1
1  1
2  1
3  1
4  2
5  0
6  0
7  1
8  3
9  3
10  3
11  2
12  1
13  3
14  4
15  0
16  1
17  1
18  1
19  2
20  3
21  3
22  0
23  1
24  3
25  1
26  1
27  1
28  5
29  4
30  1
31  2
32  5
33  4
34  1
35  4
36  2
37  5
38  1
39  2
40  1
41  5
42  4
43  5
44  4
45  1
46  4
47  3
48  3
49  8
50  6
51  7
52  3
53  6
54  5
55  5
56  6
57  4
58  6
59  5
60  3
61  7
62  2
63  8
64  10
65  5
66  4
67  7
68  10
69  9
70  6
71  6
72  11
73  8
74  5
75  7
76  4
77  5
78  9
79  5
80  7
81  8
82  12
83  6
84  13
85  13
86  17
87  10
88  12
89  10
90  11
91  13
92  10
93  13
94  7
95  13
96  11
97  10
98  10
99  14
100  7
101  9
102  13
103  17
104  16
105  14
106  14
107  12
108  18
109  12
110  16
111  8
112  17
113  10
114  16
115  16
116  13
117  19
118  28
119  20
120  19
121  22
122  15
123  20
124  17
125  22
126  20
127  26
128  20
129  19
130  32
131  20
132  30
133  22
134  27
135  35
136  39
137  41
138  41
139  41
140  39
141  42
142  38
143  37
144  36
145  44
146  52
147  38
148  67
149  65
150  54
151  71
152  78
153  84
154  83
155  91
156  106
157  107
158  98
159  120
160  142
161  178
162  205
163  243
164  375
165  514
166  606
167  844
168  1028
169  1311
170  1517
171  1707
172  1836
173  2044
174  2154
175  2257
176  2220
177  2269
178  2306
179  2248
180  2233
181  2172
182  2230
183  2177
184  2068
185  2155
186  2115
187  2027
188  2048
189  2036
190  1987
191  1967
192  1982
193  1931
194  1871
195  1821
196  1858
197  1862
198  1911
199  1862
200  1788
201  1821
202  1717
203  1716
204  1745
205  1756
206  1634
207  1711
208  1631
209  1646
210  1605
211  1609
212  1583
213  1579
214  1590
215  1724
216  1514
217  1629
218  1546
219  1485
220  1484
221  1529
222  1453
223  1415
224  1415
225  1440
226  1425
227  1449
228  1452
229  1382
230  1364
231  1400
232  1299
233  1343
234  1344
235  1354
236  1341
237  1263
238  1354
239  1310
240  1279
241  1253
242  1262
243  1266
244  1218
245  1211
246  1194
247  1203
248  1198
249  1209
250  1240
251  1135
252  1115
253  1108
254  1108
255  1119
256  1084
257  1122
258  1096
259  1059
260  1050
261  1038
262  1069
263  1024
264  1022
265  1049
266  1003
267  1076
268  1023
269  1043
270  1041
271  976
272  978
273  1025
274  984
275  931
276  986
277  943
278  952
279  917
280  939
281  898
282  924
283  889
284  944
285  861
286  858
287  946
288  932
289  877
290  896
291  887
292  901
293  869
294  882
295  901
296  890
297  883
298  930
299  889
300  895
301  872
302  883
303  793
304  853
305  821
306  855
307  848
308  878
309  833
310  864
311  815
312  751
313  810
314  783
315  842
316  870
317  801
318  804
319  869
320  794
321  794
322  804
323  743
324  812
325  818
326  810
327  782
328  770
329  785
330  784
331  773
332  807
333  817
334  785
335  775
336  791
337  786
338  782
339  792
340  759
341  746
342  742
343  768
344  757
345  776
346  734
347  729
348  778
349  787
350  762
351  740
352  737
353  775
354  706
355  755
356  728
357  723
358  771
359  726
360  724
361  742
362  760
363  721
364  718
365  753
366  755
367  742
368  744
369  734
370  700
371  712
372  687
373  714
374  690
375  724
376  771
377  719
378  686
379  687
380  696
381  733
382  678
383  737
384  662
385  661
386  707
387  675
388  699
389  664
390  698
391  662
392  602
393  701
394  669
395  658
396  654
397  633
398  653
399  681
400  676
401  653
402  653
403  652
404  640
405  608
406  616
407  642
408  623
409  602
410  603
411  624
412  574
413  568
414  590
415  627
416  613
417  576
418  619
419  611
420  604
421  622
422  616
423  592
424  535
425  587
426  567
427  600
428  619
429  606
430  570
431  598
432  577
433  623
434  594
435  562
436  557
437  580
438  550
439  528
440  557
441  573
442  551
443  567
444  528
445  545
446  525
447  528
448  538
449  557
450  586
451  532
452  554
453  497
454  522
455  552
456  542
457  544
458  538
459  520
460  534
461  539
462  550
463  544
464  520
465  534
466  509
467  510
468  513
469  515
470  516
471  498
472  558
473  526
474  526
475  511
476  574
477  522
478  532
479  515
480  525
481  491
482  507
483  493
484  465
485  536
486  512
487  507
488  516
489  520
490  520
491  471
492  523
493  511
494  550
495  568
496  572
497  488
498  501
499  499
500  495
501  592
502  528
503  500
504  522
505  516
506  521
507  512
508  508
509  485
510  525
511  474
512  498
513  528
514  506
515  488
516  484
517  460
518  478
519  527
520  510
521  511
522  508
523  506
524  489
525  483
526  537
527  499
528  473
529  455
530  495
531  491
532  510
533  516
534  528
535  489
536  484
537  480
538  516
539  481
540  527
541  499
542  530
543  546
544  542
545  498
546  516
547  532
548  486
549  519
550  496
551  490
552  483
553  499
554  545
555  451
556  503
557  500
558  549
559  521
560  487
561  530
562  500
563  550
564  484
565  499
566  517
567  509
568  489
569  528
570  514
571  515
572  528
573  531
574  509
575  526
576  540
577  513
578  516
579  487
580  521
581  560
582  516
583  505
584  565
585  558
586  550
587  543
588  551
589  513
590  568
591  536
592  514
593  518
594  543
595  559
596  593
597  510
598  579
599  539
600  575
601  539
602  556
603  611
604  566
605  575
606  550
607  575
608  582
609  554
610  601
611  587
612  611
613  565
614  529
615  533
616  587
617  595
618  531
619  613
620  584
621  584
622  598
623  544
624  555
625  595
626  555
627  575
628  586
629  578
630  573
631  603
632  581
633  559
634  600
635  558
636  607
637  540
638  601
639  617
640  559
641  575
642  555
643  540
644  574
645  570
646  587
647  587
648  526
649  525
650  529
651  541
652  562
653  524
654  482
655  479
656  520
657  503
658  524
659  487
660  500
661  478
662  521
663  487
664  496
665  472
666  482
667  488
668  430
669  466
670  444
671  464
672  426
673  446
674  424
675  411
676  444
677  420
678  429
679  414
680  418
681  395
682  378
683  381
684  403
685  393
686  398
687  402
688  374
689  370
690  369
691  363
692  354
693  351
694  346
695  315
696  362
697  313
698  335
699  322
700  320
701  311
702  294
703  316
704  305
705  295
706  274
707  314
708  263
709  328
710  302
711  275
712  268
713  294
714  270
715  259
716  263
717  249
718  267
719  254
720  246
721  260
722  240
723  249
724  258
725  253
726  233
727  231
728  222
729  260
730  251
731  228
732  212
733  251
734  234
735  202
736  198
737  221
738  220
739  217
740  240
741  183
742  209
743  188
744  204
745  195
746  191
747  200
748  189
749  185
750  178
751  208
752  184
753  182
754  201
755  183
756  187
757  194
758  177
759  203
760  188
761  199
762  176
763  210
764  208
765  166
766  191
767  184
768  194
769  199
770  182
771  184
772  170
773  189
774  177
775  194
776  181
777  180
778  186
779  176
780  197
781  189
782  197
783  193
784  180
785  182
786  170
787  176
788  181
789  166
790  169
791  185
792  182
793  187
794  175
795  200
796  197
797  175
798  160
799  160
800  169
801  165
802  165
803  184
804  163
805  166
806  192
807  200
808  175
809  168
810  188
811  154
812  153
813  160
814  154
815  175
816  164
817  165
818  165
819  171
820  155
821  176
822  151
823  160
824  161
825  159
826  166
827  161
828  166
829  163
830  153
831  156
832  165
833  171
834  176
835  170
836  175
837  150
838  158
839  152
840  149
841  155
842  134
843  152
844  167
845  163
846  143
847  137
848  147
849  138
850  169
851  152
852  161
853  147
854  142
855  156
856  136
857  155
858  170
859  133
860  138
861  142
862  140
863  126
864  154
865  153
866  144
867  153
868  148
869  148
870  153
871  148
872  140
873  152
874  121
875  139
876  145
877  138
878  146
879  145
880  149
881  166
882  122
883  144
884  153
885  144
886  132
887  123
888  146
889  112
890  130
891  140
892  136
893  108
894  130
895  123
896  119
897  155
898  126
899  132
900  136
901  134
902  131
903  128
904  145
905  136
906  141
907  124
908  133
909  132
910  150
911  117
912  134
913  127
914  130
915  118
916  114
917  128
918  114
919  143
920  137
921  132
922  132
923  125
924  118
925  140
926  119
927  125
928  135
929  129
930  144
931  124
932  126
933  128
934  137
935  130
936  116
937  102
938  130
939  126
940  130
941  140
942  121
943  143
944  122
945  126
946  127
947  109
948  117
949  131
950  119
951  124
952  135
953  126
954  120
955  128
956  135
957  129
958  117
959  130
960  150
961  121
962  135
963  134
964  130
965  117
966  138
967  126
968  119
969  130
970  120
971  106
972  127
973  127
974  112
975  139
976  132
977  109
978  116
979  103
980  106
981  110
982  120
983  121
984  107
985  120
986  136
987  101
988  118
989  124
990  120
991  120
992  126
993  118
994  113
995  94
996  124
997  134
998  134
999  109
1000  103
1001  124
1002  129
1003  118
1004  115
1005  99
1006  117
1007  134
1008  122
1009  125
1010  121
1011  118
1012  124
1013  108
1014  125
1015  129
1016  95
1017  114
1018  125
1019  124
1020  119
1021  115
1022  119
1023  110
1024  105
1025  123
1026  114
1027  107
1028  117
1029  106
1030  119
1031  109
1032  125
1033  114
1034  100
1035  110
1036  109
1037  134
1038  114
1039  92
1040  103
1041  111
1042  104
1043  96
1044  121
1045  100
1046  109
1047  115
1048  115
1049  93
1050  105
1051  134
1052  110
1053  100
1054  114
1055  101
1056  105
1057  90
1058  109
1059  91
1060  109
1061  103
1062  110
1063  90
1064  96
1065  90
1066  103
1067  107
1068  115
1069  97
1070  94
1071  112
1072  115
1073  99
1074  113
1075  105
1076  105
1077  95
1078  90
1079  100
1080  104
1081  94
1082  95
1083  106
1084  109
1085  111
1086  83
1087  97
1088  111
1089  105
1090  98
1091  100
1092  88
1093  91
1094  94
1095  110
1096  110
1097  120
1098  94
1099  94
1100  113
1101  91
1102  98
1103  96
1104  99
1105  88
1106  99
1107  102
1108  101
1109  108
1110  94
1111  95
1112  90
1113  70
1114  78
1115  104
1116  104
1117  101
1118  86
1119  97
1120  124
1121  97
1122  86
1123  104
1124  85
1125  99
1126  124
1127  77
1128  107
1129  101
1130  102
1131  102
1132  90
1133  78
1134  101
1135  100
1136  82
1137  93
1138  91
1139  86
1140  95
1141  99
1142  110
1143  101
1144  99
1145  96
1146  69
1147  92
1148  88
1149  94
1150  96
1151  103
1152  106
1153  82
1154  86
1155  92
1156  106
1157  104
1158  87
1159  95
1160  99
1161  74
1162  92
1163  74
1164  98
1165  102
1166  90
1167  106
1168  102
1169  98
1170  87
1171  96
1172  87
1173  101
1174  76
1175  113
1176  98
1177  91
1178  87
1179  79
1180  83
1181  104
1182  110
1183  98
1184  89
1185  85
1186  94
1187  105
1188  84
1189  98
1190  81
1191  77
1192  97
1193  84
1194  87
1195  92
1196  98
1197  106
1198  100
1199  101
1200  99
1201  83
1202  85
1203  88
1204  88
1205  94
1206  105
1207  90
1208  88
1209  97
1210  85
1211  90
1212  93
1213  89
1214  87
1215  92
1216  99
1217  76
1218  91
1219  84
1220  73
1221  96
1222  99
1223  95
1224  105
1225  95
1226  103
1227  97
1228  75
1229  91
1230  67
1231  69
1232  79
1233  80
1234  91
1235  76
1236  90
1237  109
1238  77
1239  96
1240  89
1241  92
1242  90
1243  98
1244  96
1245  89
1246  83
1247  92
1248  94
1249  106
1250  88
1251  98
1252  89
1253  79
1254  75
1255  91
1256  86
1257  67
1258  94
1259  92
1260  79
1261  90
1262  90
1263  77
1264  90
1265  79
1266  95
1267  76
1268  84
1269  90
1270  76
1271  81
1272  86
1273  63
1274  83
1275  87
1276  73
1277  81
1278  78
1279  99
1280  105
1281  71
1282  72
1283  90
1284  87
1285  87
1286  80
1287  65
1288  70
1289  86
1290  80
1291  75
1292  82
1293  78
1294  99
1295  83
1296  85
1297  73
1298  87
1299  76
1300  64
1301  67
1302  102
1303  77
1304  82
1305  77
1306  60
1307  83
1308  77
1309  74
1310  87
1311  65
1312  74
1313  68
1314  68
1315  70
1316  66
1317  94
1318  75
1319  65
1320  82
1321  65
1322  59
1323  79
1324  80
1325  61
1326  81
1327  65
1328  71
1329  74
1330  85
1331  68
1332  77
1333  79
1334  76
1335  60
1336  66
1337  70
1338  69
1339  78
1340  70
1341  78
1342  55
1343  60
1344  61
1345  72
1346  63
1347  71
1348  72
1349  71
1350  85
1351  77
1352  63
1353  75
1354  68
1355  66
1356  76
1357  61
1358  61
1359  75
1360  64
1361  82
1362  80
1363  62
1364  67
1365  67
1366  75
1367  68
1368  56
1369  77
1370  58
1371  75
1372  69
1373  86
1374  56
1375  74
1376  64
1377  75
1378  55
1379  70
1380  58
1381  67
1382  70
1383  64
1384  62
1385  63
1386  55
1387  65
1388  64
1389  77
1390  72
1391  67
1392  58
1393  64
1394  68
1395  53
1396  62
1397  82
1398  70
1399  60
1400  71
1401  65
1402  60
1403  61
1404  74
1405  72
1406  72
1407  77
1408  67
1409  73
1410  67
1411  63
1412  62
1413  73
1414  56
1415  60
1416  47
1417  67
1418  63
1419  71
1420  58
1421  89
1422  59
1423  69
1424  72
1425  66
1426  52
1427  63
1428  68
1429  77
1430  63
1431  73
1432  54
1433  73
1434  63
1435  76
1436  71
1437  79
1438  54
1439  62
1440  62
1441  64
1442  58
1443  58
1444  51
1445  61
1446  68
1447  55
1448  60
1449  79
1450  72
1451  57
1452  69
1453  57
1454  72
1455  72
1456  63
1457  61
1458  51
1459  54
1460  57
1461  66
1462  67
1463  74
1464  58
1465  54
1466  55
1467  57
1468  52
1469  59
1470  64
1471  62
1472  62
1473  62
1474  63
1475  53
1476  53
1477  66
1478  73
1479  48
1480  62
1481  72
1482  71
1483  53
1484  63
1485  46
1486  60
1487  54
1488  67
1489  68
1490  57
1491  56
1492  66
1493  63
1494  49
1495  50
1496  52
1497  58
1498  72
1499  60
1500  61
1501  75
1502  46
1503  44
1504  50
1505  54
1506  59
1507  68
1508  62
1509  74
1510  57
1511  57
1512  50
1513  60
1514  74
1515  52
1516  48
1517  67
1518  60
1519  59
1520  52
1521  50
1522  49
1523  60
1524  67
1525  50
1526  69
1527  56
1528  55
1529  66
1530  66
1531  63
1532  52
1533  57
1534  49
1535  52
1536  42
1537  56
1538  64
1539  41
1540  61
1541  41
1542  61
1543  52
1544  41
1545  66
1546  74
1547  52
1548  45
1549  64
1550  54
1551  61
1552  52
1553  64
1554  49
1555  61
1556  71
1557  47
1558  39
1559  53
1560  63
1561  61
1562  53
1563  61
1564  58
1565  49
1566  64
1567  57
1568  50
1569  40
1570  54
1571  63
1572  57
1573  66
1574  45
1575  53
1576  48
1577  57
1578  44
1579  58
1580  66
1581  35
1582  56
1583  52
1584  51
1585  50
1586  63
1587  41
1588  45
1589  47
1590  52
1591  54
1592  42
1593  48
1594  55
1595  67
1596  44
1597  65
1598  54
1599  56
1600  58
1601  53
1602  48
1603  43
1604  46
1605  54
1606  58
1607  46
1608  54
1609  47
1610  45
1611  53
1612  41
1613  51
1614  53
1615  56
1616  47
1617  56
1618  47
1619  54
1620  54
1621  57
1622  53
1623  57
1624  43
1625  45
1626  61
1627  49
1628  46
1629  37
1630  49
1631  50
1632  51
1633  41
1634  60
1635  55
1636  42
1637  54
1638  60
1639  63
1640  53
1641  39
1642  54
1643  44
1644  59
1645  46
1646  64
1647  57
1648  58
1649  47
1650  47
1651  41
1652  38
1653  49
1654  38
1655  64
1656  51
1657  40
1658  50
1659  43
1660  38
1661  53
1662  36
1663  49
1664  47
1665  36
1666  41
1667  47
1668  51
1669  41
1670  42
1671  38
1672  44
1673  50
1674  45
1675  52
1676  44
1677  53
1678  49
1679  47
1680  39
1681  43
1682  44
1683  45
1684  44
1685  49
1686  37
1687  49
1688  50
1689  35
1690  37
1691  41
1692  43
1693  48
1694  50
1695  38
1696  32
1697  37
1698  51
1699  33
1700  36
1701  42
1702  58
1703  37
1704  52
1705  49
1706  44
1707  37
1708  39
1709  35
1710  38
1711  34
1712  31
1713  35
1714  36
1715  40
1716  33
1717  40
1718  31
1719  54
1720  46
1721  31
1722  38
1723  47
1724  40
1725  37
1726  38
1727  27
1728  46
1729  43
1730  42
1731  40
1732  31
1733  45
1734  45
1735  38
1736  30
1737  38
1738  47
1739  37
1740  27
1741  32
1742  32
1743  31
1744  52
1745  31
1746  48
1747  25
1748  23
1749  31
1750  27
1751  35
1752  39
1753  34
1754  42
1755  34
1756  30
1757  34
1758  42
1759  39
1760  38
1761  38
1762  35
1763  27
1764  33
1765  30
1766  40
1767  37
1768  29
1769  38
1770  33
1771  37
1772  26
1773  32
1774  31
1775  28
1776  42
1777  34
1778  39
1779  39
1780  29
1781  33
1782  28
1783  40
1784  34
1785  28
1786  36
1787  30
1788  26
1789  27
1790  36
1791  36
1792  36
1793  39
1794  29
1795  37
1796  33
1797  23
1798  27
1799  38
1800  30
1801  23
1802  34
1803  23
1804  33
1805  22
1806  20
1807  28
1808  34
1809  21
1810  34
1811  37
1812  30
1813  36
1814  34
1815  25
1816  32
1817  32
1818  30
1819  35
1820  32
1821  27
1822  39
1823  22
1824  29
1825  24
1826  29
1827  23
1828  23
1829  37
1830  24
1831  29
1832  27
1833  23
1834  30
1835  22
1836  21
1837  30
1838  26
1839  20
1840  26
1841  27
1842  23
1843  28
1844  24
1845  38
1846  25
1847  25
1848  28
1849  35
1850  39
1851  27
1852  23
1853  24
1854  28
1855  23
1856  28
1857  22
1858  28
1859  20
1860  28
1861  21
1862  24
1863  26
1864  27
1865  16
1866  42
1867  22
1868  28
1869  23
1870  23
1871  25
1872  31
1873  25
1874  22
1875  20
1876  32
1877  23
1878  19
1879  24
1880  20
1881  25
1882  19
1883  19
1884  18
1885  24
1886  32
1887  20
1888  15
1889  15
1890  25
1891  22
1892  19
1893  24
1894  23
1895  26
1896  15
1897  16
1898  22
1899  18
1900  16
1901  24
1902  18
1903  24
1904  23
1905  20
1906  29
1907  26
1908  14
1909  19
1910  31
1911  21
1912  19
1913  12
1914  19
1915  17
1916  29
1917  27
1918  23
1919  16
1920  20
1921  17
1922  25
1923  34
1924  23
1925  16
1926  8
1927  17
1928  27
1929  22
1930  20
1931  16
1932  28
1933  24
1934  20
1935  19
1936  25
1937  20
1938  18
1939  20
1940  17
1941  20
1942  26
1943  23
1944  21
1945  16
1946  21
1947  21
1948  29
1949  17
1950  23
1951  31
1952  17
1953  19
1954  23
1955  16
1956  25
1957  24
1958  11
1959  23
1960  25
1961  21
1962  20
1963  14
1964  22
1965  24
1966  19
1967  20
1968  22
1969  24
1970  17
1971  13
1972  17
1973  12
1974  19
1975  15
1976  19
1977  15
1978  12
1979  19
1980  19
1981  18
1982  18
1983  14
1984  17
1985  31
1986  19
1987  24
1988  17
1989  19
1990  12
1991  13
1992  20
1993  25
1994  14
1995  17
1996  10
1997  23
1998  15
1999  19
2000  14
2001  14
2002  21
2003  12
2004  14
2005  21
2006  21
2007  18
2008  24
2009  18
2010  12
2011  19
2012  16
2013  20
2014  17
2015  13
2016  15
2017  20
2018  16
2019  19
2020  23
2021  23
2022  15
2023  15
2024  17
2025  24
2026  22
2027  20
2028  16
2029  12
2030  11
2031  15
2032  20
2033  15
2034  13
2035  8
2036  10
2037  19
2038  15
2039  16
2040  16
2041  12
2042  12
2043  17
2044  12
2045  18
2046  14
2047  22
2048  14
2049  20
2050  12
2051  17
2052  18
2053  13
2054  16
2055  21
2056  16
2057  21
2058  12
2059  18
2060  19
2061  16
2062  13
2063  10
2064  15
2065  14
2066  12
2067  17
2068  5
2069  19
2070  8
2071  15
2072  18
2073  12
2074  19
2075  9
2076  17
2077  11
2078  21
2079  21
2080  14
2081  7
2082  23
2083  18
2084  14
2085  9
2086  17
2087  17
2088  19
2089  13
2090  11
2091  19
2092  17
2093  22
2094  11
2095  17
2096  15
2097  13
2098  13
2099  12
2100  14
2101  13
2102  17
2103  13
2104  16
2105  7
2106  23
2107  10
2108  12
2109  9
2110  12
2111  13
2112  13
2113  15
2114  15
2115  12
2116  16
2117  21
2118  9
2119  8
2120  13
2121  9
2122  21
2123  20
2124  13
2125  15
2126  13
2127  13
2128  12
2129  18
2130  12
2131  22
2132  10
2133  10
2134  19
2135  17
2136  12
2137  14
2138  14
2139  11
2140  15
2141  16
2142  12
2143  8
2144  14
2145  12
2146  14
2147  9
2148  14
2149  19
2150  11
2151  8
2152  12
2153  13
2154  5
2155  13
2156  14
2157  8
2158  7
2159  9
2160  14
2161  11
2162  10
2163  15
2164  10
2165  11
2166  16
2167  11
2168  11
2169  16
2170  6
2171  13
2172  15
2173  12
2174  14
2175  13
2176  8
2177  13
2178  12
2179  10
2180  11
2181  9
2182  13
2183  8
2184  9
2185  11
2186  10
2187  14
2188  7
2189  11
2190  10
2191  8
2192  9
2193  13
2194  9
2195  8
2196  15
2197  15
2198  10
2199  10
2200  7
2201  13
2202  11
2203  8
2204  14
2205  10
2206  14
2207  14
2208  10
2209  8
2210  11
2211  8
2212  8
2213  9
2214  9
2215  11
2216  8
2217  9
2218  11
2219  8
2220  7
2221  4
2222  9
2223  13
2224  10
2225  12
2226  11
2227  8
2228  11
2229  12
2230  6
2231  9
2232  13
2233  8
2234  12
2235  7
2236  7
2237  6
2238  6
2239  10
2240  12
2241  8
2242  9
2243  12
2244  8
2245  10
2246  6
2247  12
2248  11
2249  13
2250  2
2251  8
2252  6
2253  6
2254  14
2255  9
2256  5
2257  7
2258  5
2259  7
2260  5
2261  14
2262  3
2263  14
2264  13
2265  10
2266  4
2267  12
2268  9
2269  8
2270  13
2271  7
2272  8
2273  11
2274  13
2275  9
2276  11
2277  11
2278  8
2279  7
2280  12
2281  6
2282  10
2283  11
2284  15
2285  6
2286  7
2287  9
2288  8
2289  10
2290  12
2291  9
2292  7
2293  8
2294  8
2295  6
2296  10
2297  9
2298  8
2299  6
2300  7
2301  9
2302  16
2303  9
2304  12
2305  10
2306  5
2307  5
2308  3
2309  3
2310  5
2311  9
2312  9
2313  13
2314  10
2315  7
2316  6
2317  5
2318  5
2319  8
2320  6
2321  4
2322  8
2323  8
2324  6
2325  5
2326  8
2327  7
2328  6
2329  7
2330  8
2331  6
2332  4
2333  9
2334  8
2335  4
2336  8
2337  9
2338  10
2339  2
2340  6
2341  4
2342  7
2343  4
2344  8
2345  6
2346  8
2347  6
2348  8
2349  9
2350  7
2351  3
2352  6
2353  6
2354  3
2355  8
2356  6
2357  7
2358  9
2359  10
2360  7
2361  5
2362  9
2363  8
2364  9
2365  8
2366  4
2367  5
2368  12
2369  4
2370  10
2371  4
2372  9
2373  7
2374  6
2375  6
2376  5
2377  7
2378  2
2379  4
2380  3
2381  6
2382  5
2383  3
2384  10
2385  3
2386  3
2387  7
2388  7
2389  3
2390  8
2391  4
2392  6
2393  6
2394  4
2395  6
2396  2
2397  4
2398  7
2399  6
2400  8
2401  5
2402  3
2403  5
2404  3
2405  11
2406  6
2407  4
2408  3
2409  5
2410  6
2411  6
2412  5
2413  6
2414  3
2415  3
2416  9
2417  7
2418  6
2419  3
2420  5
2421  4
2422  8
2423  9
2424  5
2425  6
2426  3
2427  5
2428  2
2429  4
2430  3
2431  7
2432  7
2433  6
2434  5
2435  3
2436  6
2437  8
2438  3
2439  5
2440  2
2441  2
2442  6
2443  5
2444  7
2445  6
2446  3
2447  5
2448  5
2449  2
2450  8
2451  1
2452  7
2453  5
2454  7
2455  4
2456  6
2457  6
2458  3
2459  5
2460  6
2461  0
2462  8
2463  5
2464  3
2465  3
2466  6
2467  4
2468  4
2469  2
2470  6
2471  10
2472  4
2473  6
2474  1
2475  5
2476  2
2477  10
2478  3
2479  0
2480  7
2481  6
2482  3
2483  2
2484  8
2485  3
2486  2
2487  2
2488  4
2489  5
2490  2
2491  3
2492  5
2493  2
2494  8
2495  2
2496  7
2497  2
2498  2
2499  5
2500  3
2501  4
2502  4
2503  8
2504  2
2505  1
2506  3
2507  3
2508  2
2509  3
2510  3
2511  2
2512  4
2513  3
2514  5
2515  1
2516  2
2517  3
2518  8
2519  4
2520  4
2521  6
2522  1
2523  4
2524  2
2525  1
2526  2
2527  8
2528  3
2529  6
2530  2
2531  5
2532  2
2533  2
2534  3
2535  5
2536  3
2537  4
2538  3
2539  2
2540  5
2541  6
2542  2
2543  1
2544  1
2545  3
2546  4
2547  4
2548  4
2549  1
2550  5
2551  6
2552  4
2553  1
2554  2
2555  3
2556  3
2557  2
2558  5
2559  3
2560  4
2561  1
2562  4
2563  3
2564  5
2565  2
2566  3
2567  3
2568  2
2569  3
2570  3
2571  2
2572  3
2573  1
2574  1
2575  2
2576  4
2577  2
2578  3
2579  1
2580  0
2581  1
2582  2
2583  8
2584  4
2585  4
2586  1
2587  1
2588  3
2589  3
2590  1
2591  2
2592  2
2593  3
2594  2
2595  3
2596  3
2597  3
2598  1
2599  2
2600  2
2601  2
2602  1
2603  5
2604  2
2605  2
2606  0
2607  0
2608  2
2609  3
2610  4
2611  2
2612  7
2613  3
2614  3
2615  2
2616  1
2617  3
2618  3
2619  3
2620  2
2621  3
2622  1
2623  1
2624  0
2625  2
2626  2
2627  3
2628  1
2629  6
2630  1
2631  2
2632  1
2633  2
2634  4
2635  3
2636  5
2637  2
2638  2
2639  4
2640  4
2641  2
2642  3
2643  3
2644  1
2645  3
2646  2
2647  3
2648  0
2649  2
2650  2
2651  3
2652  2
2653  5
2654  2
2655  3
2656  6
2657  1
2658  2
2659  1
2660  0
2661  1
2662  1
2663  1
2664  3
2665  1
2666  3
2667  6
2668  4
2669  1
2670  3
2671  3
2672  3
2673  2
2674  1
2675  3
2676  3
2677  1
2678  3
2679  3
2680  2
2681  1
2682  1
2683  4
2684  2
2685  0
2686  1
2687  3
2688  1
2689  3
2690  1
2691  0
2692  1
2693  5
2694  2
2695  2
2696  2
2697  3
2698  2
2699  2
2700  3
2701  2
2702  1
2703  0
2704  2
2705  2
2706  2
2707  3
2708  2
2709  1
2710  5
2711  4
2712  3
2713  1
2714  2
2715  0
2716  4
2717  2
2718  2
2719  1
2720  2
2721  4
2722  1
2723  2
2724  1
2725  1
2726  0
2727  1
2728  0
2729  1
2730  3
2731  2
2732  3
2733  5
2734  1
2735  2
2736  1
2737  0
2738  1
2739  0
2740  2
2741  1
2742  4
2743  1
2744  2
2745  1
2746  1
2747  1
2748  1
2749  0
2750  3
2751  2
2752  2
2753  2
2754  0
2755  3
2756  1
2757  3
2758  1
2759  1
2760  0
2761  0
2762  1
2763  0
2764  2
2765  1
2766  0
2767  1
2768  2
2769  1
2770  2
2771  2
2772  2
2773  1
2774  1
2775  3
2776  3
2777  0
2778  3
2779  3
2780  4
2781  3
2782  3
2783  2
2784  0
2785  2
2786  2
2787  0
2788  5
2789  1
2790  2
2791  0
2792  1
2793  3
2794  1
2795  1
2796  1
2797  7
2798  0
2799  2
2800  1
2801  2
2802  0
2803  1
2804  1
2805  1
2806  2
2807  2
2808  2
2809  0
2810  2
2811  0
2812  2
2813  1
2814  3
2815  0
2816  1
2817  2
2818  3
2819  0
2820  4
2821  1
2822  1
2823  0
2824  2
2825  2
2826  1
2827  1
2828  0
2829  2
2830  1
2831  0
2832  1
2833  0
2834  0
2835  0
2836  0
2837  4
2838  1
2839  2
2840  1
2841  0
2842  0
2843  0
2844  2
2845  3
2846  0
2847  3
2848  0
2849  1
2850  1
2851  0
2852  2
2853  1
2854  1
2855  0
2856  1
2857  2
2858  0
2859  0
2860  1
2861  0
2862  2
2863  0
2864  1
2865  2
2866  1
2867  2
2868  0
2869  0
2870  0
2871  1
2872  0
2873  3
2874  1
2875  2
2876  0
2877  2
2878  2
2879  3
2880  3
2881  1
2882  1
2883  2
2884  0
2885  2
2886  2
2887  1
2888  0
2889  2
2890  1
2891  0
2892  1
2893  1
2894  1
2895  1
2896  0
2897  1
2898  1
2899  2
2900  1
2901  0
2902  0
2903  0
2904  2
2905  1
2906  2
2907  5
2908  1
2909  1
2910  1
2911  3
2912  0
2913  3
2914  0
2915  0
2916  0
2917  3
2918  2
2919  1
2920  2
2921  2
2922  1
2923  0
2924  2
2925  0
2926  2
2927  3
2928  1
2929  2
2930  1
2931  0
2932  1
2933  2
2934  0
2935  0
2936  1
2937  1
2938  1
2939  1
2940  4
2941  1
2942  0
2943  0
2944  0
2945  0
2946  0
2947  2
2948  1
2949  0
2950  0
2951  1
2952  1
2953  1
2954  0
2955  1
2956  1
2957  0
2958  0
2959  1
2960  1
2961  1
2962  1
2963  0
2964  3
2965  0
2966  2
2967  1
2968  2
2969  1
2970  2
2971  0
2972  1
2973  0
2974  1
2975  0
2976  2
2977  0
2978  1
2979  2
2980  1
2981  0
2982  0
2983  2
2984  1
2985  0
2986  0
2987  1
2988  2
2989  2
2990  1
2991  0
2992  0
2993  0
2994  1
2995  0
2996  2
2997  2
2998  1
2999  1
3000  4
3001  1
3002  2
3003  0
3004  1
3005  2
3006  2
3007  2
3008  0
3009  0
3010  0
3011  1
3012  2
3013  1
3014  3
3015  2
3016  1
3017  1
3018  1
3019  2
3020  0
3021  0
3022  0
3023  0
3024  0
3025  0
3026  0
3027  0
3028  0
3029  0
3030  0
3031  0
3032  0
3033  0
3034  1
3035  0
3036  0
3037  0
3038  0
3039  0
3040  1
3041  0
3042  0
3043  1
3044  0
3045  2
3046  0
3047  1
3048  2
3049  1
3050  1
3051  0
3052  0
3053  0
3054  3
3055  0
3056  0
3057  0
3058  1
3059  0
3060  0
3061  0
3062  0
3063  0
3064  0
3065  0
3066  0
3067  2
3068  1
3069  1
3070  1
3071  3
3072  2
3073  1
3074  1
3075  1
3076  1
3077  0
3078  0
3079  0
3080  0
3081  1
3082  1
3083  0
3084  2
3085  2
3086  2
3087  0
3088  0
3089  0
3090  0
3091  2
3092  1
3093  0
3094  0
3095  2
3096  0
3097  0
3098  1
3099  0
3100  0
3101  0
3102  0
3103  1
3104  0
3105  0
3106  1
3107  0
3108  0
3109  0
3110  0
3111  0
3112  0
3113  0
3114  0
3115  0
3116  0
3117  0
3118  0
3119  0
3120  0
3121  0
3122  1
3123  0
3124  0
3125  0
3126  1
3127  1
3128  0
3129  0
3130  0
3131  0
3132  0
3133  0
3134  0
3135  0
3136  0
3137  0
3138  1
3139  0
3140  0
3141  0
3142  1
3143  1
3144  0
3145  2
3146  0
3147  0
3148  0
3149  0
3150  0
3151  2
3152  0
3153  0
3154  1
3155  1
3156  0
3157  0
3158  1
3159  0
3160  1
3161  1
3162  1
3163  1
3164  0
3165  2
3166  0
3167  0
3168  1
3169  0
3170  0
3171  1
3172  1
3173  0
3174  1
3175  0
3176  0
3177  0
3178  1
3179  0
3180  1
3181  1
3182  0
3183  0
3184  0
3185  0
3186  1
3187  0
3188  1
3189  0
3190  0
3191  0
3192  0
3193  0
3194  0
3195  0
3196  0
3197  0
3198  0
3199  0
3200  0
3201  1
3202  0
3203  0
3204  0
3205  0
3206  1
3207  1
3208  0
3209  0
3210  1
3211  0
3212  0
3213  2
3214  0
3215  1
3216  1
3217  1
3218  0
3219  0
3220  0
3221  0
3222  0
3223  0
3224  1
3225  1
3226  0
3227  0
3228  0
3229  0
3230  1
3231  0
3232  0
3233  0
3234  0
3235  0
3236  0
3237  0
3238  0
3239  0
3240  0
3241  0
3242  0
3243  0
3244  0
3245  0
3246  0
3247  0
3248  0
3249  0
3250  0
3251  0
3252  0
3253  1
3254  0
3255  0
3256  0
3257  0
3258  0
3259  0
3260  0
3261  0
3262  1
3263  1
3264  0
3265  0
3266  0
3267  0
3268  0
3269  1
3270  1
3271  0
3272  0
3273  0
3274  1
3275  0
3276  0
3277  0
3278  0
3279  0
3280  1
3281  0
3282  0
3283  0
3284  0
3285  0
3286  2
3287  0
3288  0
3289  1
3290  0
3291  0
3292  1
3293  0
3294  0
3295  1
3296  1
3297  0
3298  0
3299  1
3300  0
3301  0
3302  0
3303  0
3304  1
3305  0
3306  1
3307  1
3308  1
3309  0
3310  0
3311  0
3312  0
3313  0
3314  0
3315  0
3316  1
3317  0
3318  0
3319  0
3320  0
3321  0
3322  0
3323  0
3324  0
3325  0
3326  0
3327  0
3328  0
3329  0
3330  0
3331  0
3332  0
3333  0
3334  0
3335  0
3336  0
3337  0
3338  1
3339  0
3340  0
3341  0
3342  0
3343  0
3344  0
3345  0
3346  0
3347  1
3348  0
3349  0
3350  0
3351  0
3352  0
3353  0
3354  0
3355  0
3356  0
3357  1
3358  0
3359  0
3360  1
3361  0
3362  0
3363  2
3364  0
3365  0
3366  0
3367  0
3368  0
3369  0
3370  0
3371  0
3372  0
3373  0
3374  0
3375  0
3376  0
3377  0
3378  0
3379  0
3380  0
3381  0
3382  0
3383  1
3384  0
3385  0
3386  0
3387  0
3388  0
3389  0
3390  0
3391  1
3392  0
3393  0
3394  0
3395  0
3396  0
3397  0
3398  0
3399  0
3400  0
3401  0
3402  0
3403  0
3404  0
3405  0
3406  0
3407  0
3408  0
3409  0
3410  0
3411  0
3412  0
3413  0
3414  0
3415  0
3416  0
3417  0
3418  0
3419  0
3420  0
3421  0
3422  0
3423  0
3424  0
3425  1
3426  0
3427  0
3428  0
3429  1
3430  0
3431  0
3432  0
3433  0
3434  0
3435  0
3436  0
3437  0
3438  0
3439  0
3440  0
3441  0
3442  0
3443  1
3444  0
3445  0
3446  0
3447  1
3448  0
3449  1
3450  0
3451  1
3452  0
3453  0
3454  0
3455  0
3456  0
3457  0
3458  0
3459  0
3460  0
3461  0
3462  0
3463  0
3464  0
3465  0
3466  1
3467  0
3468  0
3469  0
3470  0
3471  0
3472  0
3473  0
3474  1
3475  0
3476  1
3477  0
3478  0
3479  0
3480  0
3481  0
3482  0
3483  1
3484  0
3485  1
3486  0
3487  2
3488  0
3489  2
3490  0
3491  0
3492  0
3493  0
3494  0
3495  0
3496  1
3497  0
3498  0
3499  0
3500  0
3501  0
3502  0
3503  0
3504  0
3505  0
3506  0
3507  1
3508  0
3509  0
3510  0
3511  0
3512  0
3513  1
3514  0
3515  0
3516  0
3517  0
3518  0
3519  0
3520  0
3521  0
3522  0
3523  0
3524  0
3525  0
3526  0
3527  0
3528  0
3529  1
3530  0
3531  0
3532  0
3533  0
3534  0
3535  0
3536  0
3537  0
3538  0
3539  0
3540  0
3541  0
3542  0
3543  0
3544  0
3545  0
3546  0
3547  0
3548  0
3549  0
3550  0
3551  0
3552  0
3553  0
3554  0
3555  0
3556  0
3557  0
3558  0
3559  0
3560  0
3561  0
3562  0
3563  0
3564  0
3565  1
3566  0
3567  0
3568  0
3569  0
3570  0
3571  0
3572  0
3573  0
3574  0
3575  0
3576  0
3577  0
3578  0
3579  0
3580  0
3581  0
3582  0
3583  0
3584  0
3585  0
3586  0
3587  0
3588  0
3589  0
3590  0
3591  0
3592  1
3593  0
3594  0
3595  1
3596  0
3597  0
3598  0
3599  0
3600  0
3601  0
3602  0
3603  0
3604  0
3605  0
3606  0
3607  0
3608  0
3609  0
3610  0
3611  0
3612  0
3613  0
3614  0
3615  0
3616  0
3617  0
3618  0
3619  0
3620  0
3621  0
3622  0
3623  0
3624  0
3625  0
3626  0
3627  0
3628  0
3629  0
3630  0
3631  0
3632  0
3633  0
3634  0
3635  0
3636  0
3637  0
3638  0
3639  0
3640  0
3641  0
3642  0
3643  0
3644  0
3645  0
3646  0
3647  0
3648  0
3649  0
3650  0
3651  0
3652  0
3653  0
3654  0
3655  0
3656  0
3657  0
3658  0
3659  0
3660  0
3661  0
3662  0
3663  0
3664  0
3665  0
3666  0
3667  0
3668  0
3669  0
3670  0
3671  0
3672  0
3673  0
3674  0
3675  0
3676  0
3677  0
3678  0
3679  0
3680  0
3681  0
3682  0
3683  0
3684  0
3685  0
3686  0
3687  0
3688  0
3689  0
3690  0
3691  0
3692  0
3693  0
3694  0
3695  0
3696  0
3697  0
3698  0
3699  0
3700  0
3701  0
3702  0
3703  0
3704  0
3705  0
3706  0
3707  0
3708  0
3709  0
3710  0
3711  0
3712  0
3713  0
3714  0
3715  0
3716  0
3717  0
3718  0
3719  0
3720  0
3721  0
3722  0
3723  0
3724  0
3725  0
3726  0
3727  0
3728  0
3729  0
3730  0
3731  0
3732  0
3733  0
3734  0
3735  0
3736  0
3737  0
3738  0
3739  0
3740  0
3741  0
3742  0
3743  0
3744  0
3745  0
3746  0
3747  0
3748  0
3749  0
3750  0
3751  0
3752  0
3753  0
3754  0
3755  0
3756  0
3757  0
3758  0
3759  0
3760  0
3761  0
3762  0
3763  0
3764  0
3765  0
3766  0
3767  0
3768  0
3769  0
3770  0
3771  0
3772  0
3773  0
3774  0
3775  0
3776  0
3777  0
3778  0
3779  0
3780  0
3781  0
3782  0
3783  0
3784  0
3785  0
3786  0
3787  0
3788  0
3789  0
3790  0
3791  0
3792  0
3793  0
3794  0
3795  0
3796  0
3797  0
3798  0
3799  0
3800  0
3801  0
3802  0
3803  0
3804  0
3805  0
3806  0
3807  0
3808  0
3809  0
3810  0
3811  0
3812  0
3813  0
3814  0
3815  0
3816  0
3817  0
3818  0
3819  0
3820  0
3821  0
3822  0
3823  0
3824  0
3825  0
3826  0
3827  0
3828  0
3829  0
3830  0
3831  0
3832  0
3833  0
3834  0
3835  0
3836  0
3837  0
3838  0
3839  0
3840  0
3841  0
3842  0
3843  0
3844  0
3845  0
3846  0
3847  0
3848  0
3849  0
3850  0
3851  0
3852  0
3853  0
3854  0
3855  0
3856  0
3857  0
3858  0
3859  0
3860  0
3861  0
3862  0
3863  0
3864  0
3865  0
3866  0
3867  0
3868  0
3869  0
3870  0
3871  0
3872  0
3873  0
3874  0
3875  0
3876  0
3877  0
3878  0
3879  0
3880  0
3881  0
3882  0
3883  0
3884  0
3885  0
3886  0
3887  0
3888  0
3889  0
3890  0
3891  0
3892  0
3893  0
3894  0
3895  0
3896  0
3897  0
3898  0
3899  0
3900  0
3901  0
3902  0
3903  0
3904  0
3905  0
3906  0
3907  0
3908  0
3909  0
3910  0
3911  0
3912  0
3913  0
3914  0
3915  0
3916  0
3917  0
3918  0
3919  0
3920  0
3921  0
3922  0
3923  0
3924  0
3925  0
3926  0
3927  0
3928  0
3929  0
3930  0
3931  0
3932  0
3933  0
3934  0
3935  0
3936  0
3937  0
3938  0
3939  0
3940  0
3941  0
3942  0
3943  0
3944  0
3945  0
3946  0
3947  0
3948  0
3949  0
3950  0
3951  0
3952  0
3953  0
3954  0
3955  0
3956  0
3957  0
3958  0
3959  0
3960  0
3961  0
3962  0
3963  0
3964  0
3965  0
3966  0
3967  0
3968  0
3969  0
3970  0
3971  0
3972  0
3973  0
3974  0
3975  0
3976  0
3977  0
3978  0
3979  0
3980  0
3981  0
3982  0
3983  0
3984  0
3985  0
3986  0
3987  0
3988  0
3989  0
3990  0
3991  0
3992  0
3993  0
3994  0
3995  0
3996  0
3997  0
3998  0
3999  0
4000  0
4001  0
4002  0
4003  0
4004  0
4005  0
4006  0
4007  0
4008  0
4009  0
4010  0
4011  0
4012  0
4013  0
4014  0
4015  0
4016  0
4017  0
4018  0
4019  0
4020  0
4021  0
4022  0
4023  0
4024  0
4025  0
4026  0
4027  0
4028  0
4029  0
4030  0
4031  0
4032  0
4033  0
4034  0
4035  0
4036  0
4037  0
4038  0
4039  0
4040  0
4041  0
4042  0
4043  0
4044  0
4045  0
4046  0
4047  0
4048  0
4049  0
4050  0
4051  0
4052  0
4053  0
4054  0
4055  0
4056  0
4057  0
4058  0
4059  0
4060  0
4061  0
4062  0
4063  0
4064  0
4065  0
4066  0
4067  0
4068  0
4069  0
4070  0
4071  0
4072  0
4073  0
4074  0
4075  0
4076  0
4077  0
4078  0
4079  0
4080  0
4081  0
4082  0
4083  0
4084  0
4085  0
4086  0
4087  0
4088  0
4089  0
4090  0
4091  0
4092  0
4093  0
4094  0
4095  0
