0  1
1  0
2  0
3  0
4  0
5  0
6  0
7  0
8  0
9  0
10  1
11  1
12  1
13  0
14  0
15  0
16  0
17  1
18  0
19  0
20  0
21  1
22  0
23  0
24  0
25  2
26  0
27  1
28  2
29  1
30  1
31  1
32  0
33  1
34  0
35  1
36  0
37  0
38  0
39  0
40  0
41  1
42  1
43  1
44  0
45  0
46  0
47  1
48  1
49  0
50  0
51  0
52  2
53  0
54  0
55  0
56  0
57  0
58  0
59  2
60  2
61  1
62  1
63  1
64  0
65  0
66  0
67  1
68  0
69  0
70  1
71  0
72  0
73  1
74  1
75  1
76  0
77  1
78  0
79  0
80  0
81  2
82  0
83  0
84  0
85  2
86  0
87  0
88  0
89  2
90  1
91  2
92  0
93  0
94  1
95  1
96  1
97  0
98  2
99  1
100  1
101  1
102  1
103  2
104  1
105  0
106  2
107  1
108  2
109  0
110  0
111  0
112  2
113  1
114  2
115  2
116  2
117  0
118  0
119  1
120  0
121  4
122  1
123  1
124  1
125  1
126  1
127  2
128  2
129  1
130  2
131  1
132  5
133  0
134  1
135  3
136  1
137  0
138  0
139  1
140  0
141  1
142  7
143  4
144  2
145  1
146  1
147  0
148  3
149  3
150  2
151  0
152  1
153  1
154  4
155  1
156  2
157  1
158  2
159  2
160  2
161  4
162  1
163  5
164  2
165  1
166  3
167  2
168  2
169  5
170  10
171  3
172  3
173  9
174  7
175  11
176  8
177  10
178  11
179  6
180  9
181  10
182  5
183  4
184  8
185  8
186  7
187  5
188  10
189  4
190  7
191  7
192  3
193  7
194  10
195  5
196  14
197  8
198  9
199  15
200  9
201  9
202  17
203  5
204  5
205  15
206  14
207  4
208  9
209  3
210  10
211  10
212  10
213  7
214  13
215  11
216  10
217  12
218  6
219  8
220  11
221  7
222  3
223  5
224  11
225  11
226  11
227  11
228  10
229  16
230  16
231  8
232  10
233  9
234  12
235  20
236  12
237  12
238  14
239  11
240  8
241  15
242  8
243  15
244  6
245  12
246  17
247  14
248  9
249  16
250  9
251  16
252  15
253  12
254  10
255  26
256  16
257  23
258  21
259  20
260  22
261  31
262  30
263  59
264  49
265  61
266  56
267  95
268  113
269  137
270  145
271  178
272  218
273  299
274  295
275  369
276  428
277  464
278  548
279  573
280  615
281  717
282  706
283  766
284  787
285  809
286  832
287  843
288  809
289  835
290  843
291  831
292  845
293  847
294  836
295  837
296  793
297  884
298  829
299  792
300  848
301  852
302  861
303  851
304  832
305  809
306  809
307  826
308  785
309  842
310  785
311  831
312  766
313  751
314  835
315  856
316  783
317  826
318  862
319  835
320  855
321  856
322  885
323  923
324  919
325  954
326  894
327  935
328  921
329  915
330  1031
331  1021
332  1031
333  1032
334  990
335  1013
336  1061
337  1124
338  1024
339  1066
340  1018
341  1115
342  1053
343  1097
344  1073
345  1081
346  990
347  1076
348  1122
349  1079
350  1077
351  1052
352  1023
353  1058
354  1043
355  1057
356  1029
357  1007
358  1003
359  967
360  1002
361  963
362  1051
363  935
364  958
365  997
366  999
367  995
368  991
369  976
370  919
371  902
372  1009
373  938
374  940
375  976
376  922
377  883
378  883
379  932
380  919
381  888
382  857
383  894
384  897
385  814
386  861
387  842
388  879
389  852
390  834
391  873
392  788
393  817
394  803
395  833
396  833
397  801
398  791
399  830
400  744
401  773
402  833
403  789
404  786
405  759
406  778
407  783
408  768
409  735
410  762
411  782
412  734
413  763
414  725
415  750
416  723
417  676
418  717
419  739
420  682
421  704
422  669
423  679
424  648
425  678
426  648
427  637
428  655
429  657
430  668
431  696
432  651
433  658
434  674
435  627
436  688
437  691
438  646
439  639
440  691
441  603
442  614
443  621
444  583
445  634
446  612
447  622
448  606
449  590
450  593
451  624
452  646
453  622
454  586
455  627
456  580
457  622
458  581
459  560
460  541
461  552
462  524
463  562
464  542
465  569
466  525
467  556
468  519
469  541
470  588
471  561
472  528
473  539
474  547
475  548
476  528
477  510
478  532
479  543
480  535
481  489
482  507
483  494
484  487
485  519
486  486
487  495
488  538
489  516
490  518
491  518
492  480
493  479
494  473
495  511
496  475
497  498
498  482
499  459
500  500
501  460
502  462
503  505
504  489
505  463
506  459
507  454
508  464
509  465
510  461
511  419
512  479
513  434
514  465
515  452
516  413
517  454
518  454
519  392
520  472
521  430
522  458
523  404
524  403
525  394
526  451
527  448
528  414
529  409
530  408
531  399
532  425
533  442
534  429
535  392
536  390
537  417
538  422
539  366
540  406
541  386
542  393
543  406
544  380
545  399
546  401
547  369
548  389
549  387
550  376
551  400
552  435
553  386
554  390
555  366
556  329
557  358
558  354
559  339
560  404
561  358
562  330
563  386
564  343
565  354
566  348
567  374
568  342
569  365
570  379
571  366
572  383
573  375
574  376
575  384
576  373
577  381
578  348
579  341
580  342
581  363
582  336
583  315
584  340
585  337
586  323
587  334
588  355
589  344
590  354
591  360
592  322
593  356
594  342
595  347
596  343
597  327
598  328
599  352
600  331
601  335
602  293
603  332
604  330
605  340
606  316
607  294
608  349
609  332
610  345
611  306
612  304
613  325
614  278
615  336
616  320
617  307
618  295
619  330
620  282
621  294
622  292
623  328
624  324
625  300
626  286
627  326
628  305
629  301
630  308
631  286
632  279
633  288
634  299
635  295
636  276
637  252
638  264
639  306
640  272
641  292
642  272
643  277
644  260
645  265
646  275
647  261
648  282
649  270
650  266
651  237
652  274
653  259
654  274
655  275
656  254
657  240
658  252
659  203
660  266
661  215
662  246
663  236
664  229
665  258
666  235
667  225
668  212
669  224
670  247
671  234
672  196
673  228
674  218
675  215
676  216
677  238
678  194
679  208
680  190
681  243
682  205
683  153
684  195
685  184
686  201
687  200
688  204
689  173
690  183
691  187
692  185
693  196
694  196
695  163
696  178
697  190
698  170
699  170
700  164
701  203
702  169
703  159
704  164
705  156
706  183
707  161
708  144
709  197
710  175
711  170
712  176
713  163
714  174
715  160
716  157
717  153
718  169
719  159
720  146
721  155
722  152
723  126
724  158
725  169
726  147
727  154
728  147
729  144
730  151
731  161
732  172
733  154
734  148
735  164
736  135
737  136
738  143
739  161
740  157
741  148
742  163
743  150
744  152
745  118
746  133
747  130
748  134
749  137
750  139
751  141
752  134
753  153
754  135
755  158
756  142
757  155
758  160
759  152
760  123
761  140
762  152
763  155
764  129
765  142
766  130
767  142
768  126
769  148
770  164
771  126
772  112
773  156
774  143
775  142
776  122
777  130
778  140
779  145
780  140
781  146
782  133
783  114
784  129
785  150
786  146
787  131
788  133
789  134
790  150
791  125
792  133
793  115
794  141
795  122
796  149
797  128
798  109
799  109
800  128
801  139
802  124
803  124
804  119
805  148
806  125
807  120
808  113
809  140
810  113
811  122
812  117
813  128
814  122
815  117
816  120
817  93
818  117
819  134
820  136
821  119
822  117
823  121
824  118
825  110
826  124
827  135
828  137
829  117
830  121
831  122
832  94
833  113
834  122
835  113
836  129
837  131
838  135
839  94
840  111
841  132
842  116
843  134
844  127
845  127
846  121
847  108
848  119
849  126
850  132
851  102
852  110
853  129
854  116
855  112
856  127
857  106
858  119
859  121
860  103
861  101
862  124
863  131
864  97
865  92
866  111
867  107
868  131
869  113
870  108
871  116
872  124
873  117
874  123
875  111
876  113
877  116
878  118
879  110
880  135
881  118
882  115
883  115
884  131
885  126
886  123
887  127
888  128
889  118
890  116
891  112
892  116
893  113
894  112
895  126
896  126
897  113
898  121
899  116
900  96
901  100
902  114
903  109
904  112
905  135
906  116
907  107
908  111
909  125
910  120
911  112
912  122
913  128
914  132
915  120
916  111
917  100
918  94
919  127
920  114
921  111
922  97
923  111
924  119
925  110
926  107
927  103
928  109
929  115
930  116
931  114
932  111
933  104
934  99
935  110
936  106
937  116
938  122
939  93
940  107
941  107
942  114
943  99
944  122
945  113
946  95
947  105
948  113
949  108
950  105
951  115
952  118
953  106
954  107
955  126
956  107
957  89
958  105
959  109
960  105
961  106
962  87
963  106
964  98
965  107
966  104
967  115
968  108
969  115
970  107
971  101
972  96
973  105
974  108
975  97
976  103
977  104
978  108
979  105
980  95
981  88
982  107
983  119
984  108
985  104
986  108
987  97
988  109
989  116
990  102
991  111
992  107
993  106
994  106
995  101
996  113
997  107
998  102
999  106
1000  105
1001  100
1002  104
1003  103
1004  98
1005  82
1006  109
1007  101
1008  109
1009  98
1010  99
1011  93
1012  96
1013  90
1014  99
1015  99
1016  118
1017  104
1018  97
1019  97
1020  121
1021  82
1022  94
1023  117
1024  87
1025  89
1026  104
1027  94
1028  98
1029  97
1030  116
1031  101
1032  116
1033  101
1034  105
1035  95
1036  100
1037  92
1038  106
1039  105
1040  90
1041  97
1042  96
1043  113
1044  97
1045  99
1046  89
1047  97
1048  89
1049  91
1050  106
1051  108
1052  107
1053  93
1054  99
1055  91
1056  103
1057  95
1058  88
1059  102
1060  89
1061  109
1062  112
1063  89
1064  82
1065  92
1066  109
1067  111
1068  89
1069  93
1070  81
1071  115
1072  112
1073  116
1074  103
1075  103
1076  97
1077  101
1078  86
1079  93
1080  104
1081  94
1082  103
1083  99
1084  98
1085  101
1086  92
1087  102
1088  121
1089  103
1090  115
1091  114
1092  84
1093  104
1094  104
1095  82
1096  118
1097  93
1098  103
1099  110
1100  88
1101  81
1102  98
1103  106
1104  112
1105  102
1106  99
1107  89
1108  99
1109  97
1110  99
1111  104
1112  95
1113  89
1114  96
1115  102
1116  105
1117  96
1118  93
1119  104
1120  95
1121  98
1122  107
1123  106
1124  92
1125  108
1126  90
1127  95
1128  87
1129  83
1130  97
1131  101
1132  87
1133  99
1134  98
1135  98
1136  82
1137  88
1138  94
1139  86
1140  97
1141  111
1142  101
1143  99
1144  79
1145  101
1146  103
1147  96
1148  103
1149  109
1150  90
1151  78
1152  81
1153  99
1154  101
1155  96
1156  102
1157  105
1158  89
1159  100
1160  99
1161  108
1162  100
1163  83
1164  82
1165  109
1166  100
1167  102
1168  97
1169  98
1170  84
1171  94
1172  89
1173  99
1174  100
1175  101
1176  105
1177  78
1178  95
1179  90
1180  77
1181  96
1182  89
1183  87
1184  84
1185  88
1186  105
1187  102
1188  87
1189  83
1190  86
1191  89
1192  87
1193  79
1194  81
1195  102
1196  79
1197  90
1198  107
1199  95
1200  88
1201  95
1202  95
1203  103
1204  85
1205  97
1206  109
1207  111
1208  86
1209  88
1210  92
1211  84
1212  91
1213  91
1214  98
1215  87
1216  98
1217  78
1218  89
1219  74
1220  90
1221  95
1222  76
1223  96
1224  77
1225  95
1226  89
1227  99
1228  93
1229  86
1230  77
1231  90
1232  88
1233  88
1234  84
1235  107
1236  71
1237  88
1238  99
1239  79
1240  83
1241  86
1242  88
1243  97
1244  91
1245  81
1246  69
1247  88
1248  87
1249  93
1250  101
1251  84
1252  84
1253  70
1254  87
1255  64
1256  78
1257  82
1258  66
1259  65
1260  71
1261  77
1262  74
1263  92
1264  90
1265  70
1266  85
1267  82
1268  78
1269  83
1270  80
1271  83
1272  73
1273  68
1274  77
1275  89
1276  80
1277  70
1278  70
1279  84
1280  68
1281  86
1282  72
1283  71
1284  73
1285  64
1286  88
1287  67
1288  73
1289  72
1290  74
1291  90
1292  68
1293  76
1294  64
1295  67
1296  74
1297  69
1298  67
1299  69
1300  75
1301  72
1302  67
1303  64
1304  64
1305  62
1306  58
1307  76
1308  61
1309  58
1310  87
1311  87
1312  63
1313  78
1314  66
1315  65
1316  62
1317  44
1318  71
1319  72
1320  66
1321  55
1322  73
1323  68
1324  64
1325  61
1326  65
1327  59
1328  59
1329  43
1330  62
1331  60
1332  51
1333  50
1334  67
1335  66
1336  59
1337  60
1338  59
1339  54
1340  59
1341  79
1342  67
1343  60
1344  64
1345  47
1346  50
1347  30
1348  61
1349  47
1350  58
1351  59
1352  48
1353  64
1354  52
1355  55
1356  64
1357  52
1358  57
1359  58
1360  58
1361  47
1362  59
1363  55
1364  60
1365  45
1366  54
1367  62
1368  60
1369  43
1370  62
1371  64
1372  58
1373  60
1374  47
1375  52
1376  55
1377  47
1378  39
1379  55
1380  37
1381  52
1382  54
1383  56
1384  60
1385  44
1386  50
1387  44
1388  37
1389  43
1390  39
1391  53
1392  37
1393  43
1394  41
1395  52
1396  42
1397  43
1398  32
1399  37
1400  39
1401  35
1402  39
1403  49
1404  51
1405  41
1406  42
1407  39
1408  47
1409  46
1410  47
1411  44
1412  45
1413  39
1414  41
1415  38
1416  37
1417  40
1418  51
1419  46
1420  38
1421  39
1422  38
1423  40
1424  27
1425  36
1426  35
1427  47
1428  42
1429  29
1430  41
1431  34
1432  35
1433  44
1434  31
1435  38
1436  36
1437  39
1438  48
1439  43
1440  46
1441  35
1442  46
1443  31
1444  29
1445  32
1446  30
1447  33
1448  39
1449  34
1450  35
1451  33
1452  34
1453  31
1454  29
1455  41
1456  38
1457  33
1458  31
1459  31
1460  39
1461  24
1462  26
1463  36
1464  29
1465  30
1466  33
1467  29
1468  27
1469  29
1470  37
1471  23
1472  23
1473  20
1474  35
1475  42
1476  28
1477  31
1478  20
1479  31
1480  28
1481  22
1482  24
1483  32
1484  29
1485  24
1486  17
1487  32
1488  19
1489  19
1490  25
1491  24
1492  20
1493  28
1494  22
1495  29
1496  24
1497  28
1498  32
1499  23
1500  32
1501  20
1502  28
1503  26
1504  25
1505  17
1506  25
1507  19
1508  24
1509  27
1510  28
1511  21
1512  26
1513  20
1514  26
1515  19
1516  22
1517  20
1518  18
1519  21
1520  25
1521  27
1522  24
1523  16
1524  17
1525  25
1526  20
1527  13
1528  16
1529  21
1530  14
1531  21
1532  16
1533  12
1534  20
1535  14
1536  27
1537  18
1538  21
1539  16
1540  14
1541  22
1542  16
1543  21
1544  8
1545  23
1546  16
1547  11
1548  16
1549  17
1550  19
1551  16
1552  11
1553  20
1554  15
1555  15
1556  16
1557  17
1558  15
1559  17
1560  12
1561  19
1562  11
1563  10
1564  17
1565  21
1566  11
1567  12
1568  15
1569  11
1570  23
1571  8
1572  9
1573  18
1574  16
1575  11
1576  17
1577  15
1578  16
1579  23
1580  14
1581  25
1582  16
1583  12
1584  21
1585  14
1586  12
1587  14
1588  12
1589  12
1590  10
1591  12
1592  11
1593  16
1594  10
1595  8
1596  14
1597  12
1598  16
1599  16
1600  13
1601  12
1602  13
1603  13
1604  20
1605  7
1606  9
1607  9
1608  10
1609  10
1610  13
1611  6
1612  12
1613  13
1614  12
1615  7
1616  14
1617  12
1618  14
1619  9
1620  9
1621  13
1622  16
1623  13
1624  16
1625  11
1626  11
1627  2
1628  7
1629  14
1630  8
1631  7
1632  10
1633  11
1634  4
1635  13
1636  12
1637  19
1638  14
1639  9
1640  13
1641  8
1642  14
1643  5
1644  7
1645  8
1646  12
1647  5
1648  7
1649  14
1650  12
1651  10
1652  7
1653  13
1654  7
1655  11
1656  12
1657  10
1658  12
1659  7
1660  10
1661  7
1662  9
1663  12
1664  10
1665  3
1666  8
1667  8
1668  1
1669  5
1670  18
1671  2
1672  8
1673  6
1674  7
1675  8
1676  7
1677  6
1678  7
1679  9
1680  7
1681  6
1682  8
1683  10
1684  4
1685  10
1686  14
1687  4
1688  7
1689  6
1690  7
1691  8
1692  7
1693  8
1694  8
1695  5
1696  4
1697  5
1698  5
1699  8
1700  6
1701  6
1702  7
1703  9
1704  6
1705  2
1706  5
1707  7
1708  7
1709  9
1710  7
1711  4
1712  7
1713  9
1714  7
1715  4
1716  5
1717  5
1718  2
1719  9
1720  6
1721  3
1722  4
1723  3
1724  3
1725  2
1726  3
1727  3
1728  2
1729  9
1730  4
1731  2
1732  5
1733  2
1734  1
1735  2
1736  1
1737  6
1738  2
1739  3
1740  3
1741  5
1742  3
1743  4
1744  3
1745  7
1746  3
1747  3
1748  2
1749  2
1750  1
1751  1
1752  1
1753  5
1754  5
1755  2
1756  2
1757  3
1758  2
1759  2
1760  2
1761  5
1762  6
1763  2
1764  5
1765  3
1766  4
1767  3
1768  3
1769  3
1770  2
1771  3
1772  3
1773  4
1774  4
1775  1
1776  3
1777  2
1778  3
1779  4
1780  4
1781  2
1782  4
1783  4
1784  5
1785  4
1786  3
1787  4
1788  2
1789  3
1790  0
1791  1
1792  3
1793  5
1794  4
1795  3
1796  3
1797  4
1798  2
1799  2
1800  4
1801  2
1802  0
1803  5
1804  3
1805  2
1806  2
1807  6
1808  4
1809  2
1810  1
1811  2
1812  4
1813  4
1814  4
1815  6
1816  1
1817  2
1818  2
1819  4
1820  6
1821  3
1822  1
1823  0
1824  2
1825  3
1826  1
1827  2
1828  0
1829  5
1830  1
1831  1
1832  2
1833  3
1834  2
1835  1
1836  0
1837  3
1838  3
1839  2
1840  2
1841  1
1842  2
1843  1
1844  3
1845  1
1846  1
1847  3
1848  3
1849  1
1850  1
1851  1
1852  3
1853  2
1854  6
1855  1
1856  4
1857  2
1858  0
1859  3
1860  3
1861  2
1862  3
1863  1
1864  2
1865  4
1866  4
1867  0
1868  2
1869  0
1870  0
1871  1
1872  2
1873  2
1874  1
1875  3
1876  2
1877  1
1878  0
1879  1
1880  3
1881  4
1882  1
1883  2
1884  3
1885  0
1886  2
1887  6
1888  1
1889  3
1890  2
1891  1
1892  1
1893  1
1894  0
1895  1
1896  2
1897  1
1898  1
1899  1
1900  1
1901  1
1902  1
1903  1
1904  0
1905  0
1906  1
1907  0
1908  0
1909  0
1910  2
1911  0
1912  0
1913  0
1914  0
1915  3
1916  1
1917  1
1918  0
1919  1
1920  1
1921  0
1922  3
1923  0
1924  0
1925  3
1926  0
1927  2
1928  1
1929  0
1930  1
1931  1
1932  0
1933  1
1934  2
1935  0
1936  1
1937  1
1938  0
1939  0
1940  5
1941  0
1942  1
1943  1
1944  1
1945  3
1946  1
1947  1
1948  1
1949  1
1950  0
1951  0
1952  2
1953  1
1954  0
1955  1
1956  0
1957  1
1958  0
1959  1
1960  1
1961  1
1962  0
1963  0
1964  1
1965  0
1966  1
1967  1
1968  3
1969  1
1970  2
1971  1
1972  1
1973  0
1974  4
1975  1
1976  2
1977  2
1978  1
1979  1
1980  0
1981  2
1982  0
1983  0
1984  0
1985  0
1986  0
1987  1
1988  0
1989  3
1990  1
1991  1
1992  0
1993  0
1994  1
1995  0
1996  0
1997  2
1998  2
1999  1
2000  1
2001  0
2002  1
2003  0
2004  0
2005  1
2006  1
2007  1
2008  0
2009  0
2010  1
2011  0
2012  1
2013  1
2014  0
2015  1
2016  0
2017  1
2018  1
2019  1
2020  1
2021  0
2022  0
2023  2
2024  0
2025  0
2026  0
2027  1
2028  0
2029  1
2030  0
2031  1
2032  0
2033  0
2034  0
2035  0
2036  1
2037  0
2038  0
2039  2
2040  0
2041  1
2042  1
2043  0
2044  0
2045  1
2046  0
2047  0
2048  0
2049  1
2050  0
2051  0
2052  0
2053  0
2054  1
2055  0
2056  0
2057  1
2058  0
2059  1
2060  0
2061  1
2062  1
2063  0
2064  1
2065  1
2066  0
2067  0
2068  0
2069  0
2070  0
2071  0
2072  0
2073  2
2074  0
2075  0
2076  0
2077  0
2078  0
2079  0
2080  0
2081  0
2082  0
2083  0
2084  0
2085  1
2086  1
2087  0
2088  1
2089  0
2090  0
2091  1
2092  0
2093  0
2094  1
2095  0
2096  1
2097  0
2098  0
2099  1
2100  0
2101  0
2102  1
2103  0
2104  1
2105  1
2106  1
2107  0
2108  0
2109  0
2110  0
2111  0
2112  0
2113  0
2114  0
2115  0
2116  0
2117  0
2118  0
2119  0
2120  0
2121  0
2122  0
2123  0
2124  0
2125  1
2126  0
2127  0
2128  0
2129  0
2130  0
2131  0
2132  0
2133  0
2134  0
2135  0
2136  0
2137  0
2138  0
2139  0
2140  0
2141  0
2142  0
2143  1
2144  0
2145  0
2146  0
2147  0
2148  0
2149  0
2150  1
2151  0
2152  0
2153  0
2154  0
2155  0
2156  0
2157  1
2158  0
2159  0
2160  0
2161  0
2162  0
2163  0
2164  0
2165  0
2166  0
2167  0
2168  0
2169  0
2170  0
2171  0
2172  0
2173  0
2174  0
2175  0
2176  1
2177  0
2178  0
2179  0
2180  0
2181  0
2182  0
2183  0
2184  0
2185  1
2186  0
2187  0
2188  0
2189  0
2190  0
2191  0
2192  0
2193  0
2194  0
2195  0
2196  0
2197  0
2198  0
2199  0
2200  0
2201  0
2202  0
2203  0
2204  0
2205  0
2206  1
2207  0
2208  0
2209  0
2210  0
2211  0
2212  0
2213  0
2214  0
2215  0
2216  0
2217  0
2218  0
2219  0
2220  0
2221  0
2222  0
2223  0
2224  0
2225  0
2226  2
2227  0
2228  0
2229  0
2230  0
2231  0
2232  1
2233  0
2234  0
2235  0
2236  0
2237  0
2238  0
2239  1
2240  0
2241  0
2242  0
2243  0
2244  0
2245  1
2246  0
2247  0
2248  0
2249  0
2250  1
2251  0
2252  0
2253  1
2254  0
2255  0
2256  1
2257  0
2258  0
2259  0
2260  0
2261  0
2262  0
2263  0
2264  1
2265  0
2266  0
2267  0
2268  0
2269  0
2270  0
2271  0
2272  0
2273  1
2274  0
2275  0
2276  0
2277  0
2278  0
2279  0
2280  0
2281  0
2282  0
2283  0
2284  0
2285  0
2286  0
2287  0
2288  0
2289  0
2290  0
2291  0
2292  0
2293  0
2294  0
2295  0
2296  0
2297  0
2298  0
2299  0
2300  1
2301  0
2302  0
2303  0
2304  0
2305  0
2306  0
2307  0
2308  0
2309  0
2310  0
2311  0
2312  0
2313  0
2314  0
2315  0
2316  0
2317  0
2318  1
2319  0
2320  0
2321  0
2322  0
2323  0
2324  0
2325  0
2326  0
2327  0
2328  1
2329  0
2330  0
2331  0
2332  0
2333  0
2334  0
2335  0
2336  0
2337  0
2338  0
2339  0
2340  0
2341  0
2342  0
2343  0
2344  0
2345  0
2346  0
2347  0
2348  0
2349  0
2350  0
2351  0
2352  0
2353  0
2354  0
2355  0
2356  0
2357  0
2358  0
2359  0
2360  0
2361  1
2362  0
2363  0
2364  0
2365  0
2366  0
2367  0
2368  0
2369  0
2370  0
2371  0
2372  0
2373  0
2374  0
2375  1
2376  0
2377  0
2378  0
2379  0
2380  0
2381  0
2382  0
2383  0
2384  0
2385  0
2386  0
2387  0
2388  0
2389  0
2390  0
2391  0
2392  0
2393  0
2394  0
2395  0
2396  0
2397  0
2398  0
2399  0
2400  0
2401  0
2402  0
2403  0
2404  0
2405  0
2406  0
2407  0
2408  0
2409  0
2410  0
2411  0
2412  1
2413  0
2414  1
2415  0
2416  0
2417  0
2418  0
2419  0
2420  0
2421  0
2422  0
2423  0
2424  0
2425  0
2426  0
2427  0
2428  0
2429  0
2430  0
2431  0
2432  0
2433  0
2434  0
2435  0
2436  0
2437  0
2438  0
2439  1
2440  0
2441  0
2442  0
2443  0
2444  0
2445  0
2446  0
2447  0
2448  0
2449  0
2450  0
2451  0
2452  0
2453  0
2454  0
2455  0
2456  0
2457  0
2458  0
2459  0
2460  0
2461  0
2462  0
2463  0
2464  0
2465  0
2466  0
2467  0
2468  0
2469  0
2470  0
2471  0
2472  0
2473  0
2474  0
2475  0
2476  0
2477  0
2478  0
2479  0
2480  0
2481  0
2482  0
2483  0
2484  0
2485  0
2486  0
2487  0
2488  0
2489  0
2490  0
2491  0
2492  0
2493  0
2494  0
2495  0
2496  0
2497  0
2498  0
2499  0
2500  0
2501  0
2502  0
2503  0
2504  0
2505  0
2506  0
2507  0
2508  0
2509  0
2510  0
2511  0
2512  0
2513  0
2514  0
2515  0
2516  0
2517  0
2518  0
2519  0
2520  0
2521  0
2522  0
2523  0
2524  0
2525  0
2526  0
2527  0
2528  0
2529  0
2530  0
2531  0
2532  0
2533  0
2534  0
2535  0
2536  0
2537  0
2538  0
2539  0
2540  0
2541  0
2542  0
2543  0
2544  0
2545  0
2546  0
2547  0
2548  0
2549  0
2550  0
2551  0
2552  0
2553  0
2554  0
2555  0
2556  0
2557  0
2558  0
2559  0
2560  0
2561  0
2562  0
2563  0
2564  0
2565  0
2566  0
2567  0
2568  0
2569  0
2570  0
2571  0
2572  0
2573  0
2574  0
2575  0
2576  0
2577  0
2578  0
2579  0
2580  0
2581  0
2582  0
2583  0
2584  0
2585  0
2586  0
2587  0
2588  0
2589  0
2590  0
2591  0
2592  0
2593  0
2594  0
2595  0
2596  0
2597  0
2598  0
2599  0
2600  0
2601  0
2602  0
2603  0
2604  0
2605  0
2606  0
2607  0
2608  0
2609  0
2610  0
2611  0
2612  0
2613  0
2614  0
2615  0
2616  0
2617  0
2618  0
2619  0
2620  0
2621  0
2622  0
2623  0
2624  0
2625  0
2626  0
2627  0
2628  0
2629  0
2630  0
2631  1
2632  0
2633  0
2634  0
2635  0
2636  0
2637  0
2638  0
2639  0
2640  0
2641  0
2642  0
2643  0
2644  0
2645  0
2646  0
2647  0
2648  0
2649  0
2650  0
2651  0
2652  0
2653  0
2654  0
2655  0
2656  0
2657  0
2658  0
2659  0
2660  0
2661  0
2662  0
2663  0
2664  0
2665  0
2666  0
2667  0
2668  0
2669  0
2670  0
2671  0
2672  0
2673  0
2674  0
2675  0
2676  0
2677  0
2678  1
2679  0
2680  0
2681  0
2682  0
2683  0
2684  0
2685  0
2686  0
2687  0
2688  0
2689  0
2690  0
2691  0
2692  0
2693  0
2694  0
2695  0
2696  0
2697  0
2698  0
2699  0
2700  0
2701  0
2702  0
2703  0
2704  0
2705  0
2706  0
2707  0
2708  0
2709  0
2710  0
2711  0
2712  0
2713  0
2714  0
2715  0
2716  0
2717  0
2718  0
2719  0
2720  0
2721  0
2722  0
2723  0
2724  0
2725  0
2726  0
2727  0
2728  0
2729  0
2730  0
2731  0
2732  1
2733  0
2734  0
2735  0
2736  0
2737  0
2738  0
2739  0
2740  0
2741  0
2742  0
2743  0
2744  0
2745  0
2746  0
2747  0
2748  0
2749  0
2750  0
2751  0
2752  0
2753  0
2754  0
2755  0
2756  0
2757  0
2758  0
2759  0
2760  0
2761  0
2762  0
2763  0
2764  0
2765  0
2766  0
2767  0
2768  0
2769  0
2770  0
2771  0
2772  0
2773  0
2774  0
2775  0
2776  0
2777  0
2778  0
2779  0
2780  0
2781  0
2782  0
2783  0
2784  0
2785  0
2786  0
2787  0
2788  0
2789  0
2790  0
2791  0
2792  0
2793  0
2794  0
2795  0
2796  0
2797  0
2798  0
2799  0
2800  0
2801  0
2802  0
2803  0
2804  0
2805  0
2806  0
2807  0
2808  0
2809  0
2810  0
2811  0
2812  0
2813  0
2814  0
2815  0
2816  0
2817  0
2818  0
2819  0
2820  0
2821  0
2822  0
2823  0
2824  0
2825  0
2826  0
2827  0
2828  0
2829  0
2830  0
2831  0
2832  0
2833  0
2834  0
2835  0
2836  0
2837  0
2838  0
2839  0
2840  0
2841  0
2842  0
2843  0
2844  0
2845  0
2846  0
2847  0
2848  0
2849  0
2850  0
2851  0
2852  0
2853  0
2854  0
2855  0
2856  0
2857  0
2858  0
2859  0
2860  0
2861  0
2862  0
2863  0
2864  0
2865  0
2866  0
2867  0
2868  0
2869  0
2870  0
2871  0
2872  0
2873  0
2874  0
2875  0
2876  0
2877  0
2878  0
2879  0
2880  0
2881  0
2882  0
2883  0
2884  0
2885  0
2886  0
2887  0
2888  0
2889  0
2890  0
2891  0
2892  0
2893  0
2894  0
2895  0
2896  0
2897  0
2898  0
2899  0
2900  0
2901  0
2902  0
2903  0
2904  0
2905  0
2906  0
2907  0
2908  0
2909  0
2910  0
2911  0
2912  0
2913  0
2914  0
2915  0
2916  0
2917  0
2918  0
2919  0
2920  0
2921  0
2922  0
2923  0
2924  0
2925  0
2926  0
2927  0
2928  0
2929  0
2930  0
2931  0
2932  0
2933  0
2934  0
2935  0
2936  0
2937  0
2938  0
2939  0
2940  0
2941  1
2942  0
2943  0
2944  0
2945  0
2946  0
2947  0
2948  0
2949  0
2950  0
2951  0
2952  0
2953  0
2954  0
2955  0
2956  0
2957  0
2958  0
2959  0
2960  0
2961  0
2962  0
2963  0
2964  0
2965  0
2966  0
2967  0
2968  0
2969  0
2970  0
2971  0
2972  0
2973  0
2974  0
2975  0
2976  0
2977  0
2978  0
2979  0
2980  0
2981  0
2982  0
2983  0
2984  0
2985  0
2986  0
2987  0
2988  0
2989  0
2990  0
2991  0
2992  0
2993  0
2994  0
2995  0
2996  0
2997  0
2998  0
2999  0
3000  0
3001  0
3002  0
3003  0
3004  0
3005  0
3006  0
3007  0
3008  0
3009  0
3010  0
3011  0
3012  0
3013  0
3014  0
3015  0
3016  0
3017  0
3018  0
3019  0
3020  0
3021  0
3022  0
3023  0
3024  0
3025  0
3026  0
3027  0
3028  0
3029  0
3030  0
3031  0
3032  0
3033  0
3034  0
3035  0
3036  0
3037  0
3038  0
3039  0
3040  0
3041  0
3042  0
3043  0
3044  0
3045  0
3046  0
3047  0
3048  0
3049  0
3050  0
3051  0
3052  0
3053  0
3054  0
3055  0
3056  0
3057  0
3058  0
3059  0
3060  0
3061  0
3062  0
3063  0
3064  0
3065  0
3066  0
3067  1
3068  0
3069  0
3070  0
3071  0
3072  0
3073  0
3074  0
3075  0
3076  0
3077  0
3078  0
3079  0
3080  0
3081  0
3082  0
3083  0
3084  0
3085  0
3086  0
3087  0
3088  0
3089  0
3090  0
3091  0
3092  0
3093  0
3094  0
3095  0
3096  0
3097  0
3098  0
3099  0
3100  0
3101  0
3102  0
3103  0
3104  0
3105  0
3106  0
3107  0
3108  0
3109  0
3110  0
3111  0
3112  0
3113  0
3114  0
3115  0
3116  0
3117  0
3118  0
3119  0
3120  0
3121  0
3122  0
3123  0
3124  0
3125  0
3126  0
3127  0
3128  0
3129  0
3130  0
3131  0
3132  0
3133  0
3134  0
3135  0
3136  0
3137  0
3138  0
3139  0
3140  0
3141  0
3142  0
3143  0
3144  0
3145  0
3146  0
3147  0
3148  0
3149  0
3150  0
3151  0
3152  1
3153  0
3154  0
3155  0
3156  0
3157  0
3158  0
3159  0
3160  0
3161  0
3162  0
3163  0
3164  0
3165  0
3166  0
3167  0
3168  0
3169  0
3170  0
3171  0
3172  0
3173  0
3174  0
3175  0
3176  0
3177  0
3178  0
3179  0
3180  0
3181  0
3182  0
3183  0
3184  0
3185  0
3186  0
3187  0
3188  0
3189  0
3190  0
3191  0
3192  0
3193  0
3194  0
3195  0
3196  0
3197  0
3198  0
3199  0
3200  0
3201  0
3202  0
3203  0
3204  0
3205  0
3206  0
3207  0
3208  0
3209  0
3210  0
3211  0
3212  0
3213  0
3214  0
3215  0
3216  0
3217  0
3218  0
3219  0
3220  0
3221  0
3222  0
3223  0
3224  0
3225  0
3226  0
3227  0
3228  0
3229  0
3230  0
3231  0
3232  0
3233  0
3234  0
3235  0
3236  0
3237  0
3238  0
3239  0
3240  0
3241  0
3242  0
3243  0
3244  0
3245  0
3246  0
3247  0
3248  0
3249  0
3250  0
3251  0
3252  0
3253  0
3254  0
3255  0
3256  0
3257  0
3258  0
3259  0
3260  0
3261  0
3262  0
3263  0
3264  0
3265  0
3266  0
3267  0
3268  0
3269  0
3270  0
3271  0
3272  0
3273  0
3274  0
3275  0
3276  0
3277  0
3278  0
3279  0
3280  0
3281  0
3282  0
3283  0
3284  0
3285  0
3286  0
3287  0
3288  0
3289  0
3290  0
3291  0
3292  0
3293  0
3294  0
3295  0
3296  0
3297  0
3298  0
3299  0
3300  0
3301  0
3302  0
3303  0
3304  0
3305  0
3306  0
3307  0
3308  0
3309  0
3310  0
3311  0
3312  0
3313  0
3314  0
3315  0
3316  0
3317  0
3318  0
3319  0
3320  0
3321  0
3322  0
3323  0
3324  0
3325  0
3326  0
3327  0
3328  0
3329  0
3330  0
3331  0
3332  0
3333  0
3334  0
3335  0
3336  0
3337  0
3338  0
3339  0
3340  0
3341  0
3342  0
3343  0
3344  0
3345  0
3346  0
3347  0
3348  0
3349  0
3350  0
3351  0
3352  0
3353  0
3354  0
3355  0
3356  0
3357  0
3358  0
3359  0
3360  0
3361  0
3362  0
3363  0
3364  0
3365  0
3366  0
3367  0
3368  0
3369  0
3370  0
3371  0
3372  0
3373  0
3374  0
3375  0
3376  0
3377  0
3378  0
3379  0
3380  0
3381  0
3382  0
3383  0
3384  0
3385  0
3386  0
3387  0
3388  0
3389  0
3390  0
3391  0
3392  0
3393  0
3394  0
3395  0
3396  0
3397  0
3398  0
3399  0
3400  0
3401  0
3402  0
3403  0
3404  0
3405  0
3406  0
3407  0
3408  0
3409  0
3410  0
3411  0
3412  0
3413  0
3414  0
3415  0
3416  0
3417  0
3418  0
3419  0
3420  0
3421  0
3422  0
3423  0
3424  0
3425  0
3426  0
3427  0
3428  0
3429  0
3430  0
3431  0
3432  0
3433  0
3434  0
3435  0
3436  0
3437  0
3438  0
3439  0
3440  0
3441  0
3442  0
3443  0
3444  0
3445  0
3446  0
3447  0
3448  0
3449  0
3450  0
3451  0
3452  0
3453  0
3454  0
3455  0
3456  0
3457  0
3458  0
3459  0
3460  0
3461  0
3462  0
3463  0
3464  0
3465  0
3466  0
3467  0
3468  0
3469  0
3470  0
3471  0
3472  0
3473  0
3474  0
3475  0
3476  0
3477  0
3478  0
3479  0
3480  0
3481  0
3482  0
3483  0
3484  0
3485  0
3486  0
3487  0
3488  0
3489  0
3490  0
3491  0
3492  0
3493  0
3494  0
3495  0
3496  0
3497  0
3498  0
3499  0
3500  0
3501  0
3502  0
3503  0
3504  0
3505  0
3506  0
3507  0
3508  0
3509  0
3510  0
3511  0
3512  0
3513  0
3514  0
3515  0
3516  0
3517  0
3518  0
3519  0
3520  0
3521  0
3522  0
3523  0
3524  0
3525  0
3526  0
3527  0
3528  0
3529  0
3530  0
3531  0
3532  0
3533  0
3534  0
3535  0
3536  0
3537  0
3538  0
3539  0
3540  0
3541  0
3542  0
3543  0
3544  0
3545  0
3546  0
3547  0
3548  0
3549  0
3550  0
3551  0
3552  0
3553  0
3554  0
3555  0
3556  0
3557  0
3558  0
3559  0
3560  0
3561  0
3562  0
3563  0
3564  0
3565  0
3566  0
3567  0
3568  0
3569  0
3570  0
3571  0
3572  0
3573  0
3574  0
3575  0
3576  0
3577  0
3578  0
3579  0
3580  0
3581  0
3582  0
3583  0
3584  0
3585  0
3586  0
3587  0
3588  0
3589  0
3590  0
3591  0
3592  0
3593  0
3594  0
3595  0
3596  0
3597  0
3598  0
3599  0
3600  0
3601  0
3602  0
3603  0
3604  0
3605  0
3606  0
3607  0
3608  0
3609  0
3610  0
3611  0
3612  0
3613  0
3614  0
3615  0
3616  0
3617  0
3618  0
3619  0
3620  0
3621  0
3622  0
3623  0
3624  0
3625  0
3626  0
3627  0
3628  0
3629  0
3630  0
3631  0
3632  0
3633  0
3634  0
3635  0
3636  0
3637  0
3638  0
3639  0
3640  0
3641  0
3642  0
3643  0
3644  0
3645  0
3646  0
3647  0
3648  0
3649  0
3650  0
3651  0
3652  0
3653  0
3654  0
3655  0
3656  0
3657  0
3658  0
3659  0
3660  0
3661  0
3662  0
3663  0
3664  0
3665  0
3666  0
3667  0
3668  0
3669  0
3670  0
3671  0
3672  0
3673  0
3674  0
3675  0
3676  0
3677  0
3678  0
3679  0
3680  0
3681  0
3682  0
3683  0
3684  0
3685  0
3686  0
3687  0
3688  0
3689  0
3690  0
3691  0
3692  0
3693  0
3694  0
3695  0
3696  0
3697  0
3698  0
3699  0
3700  0
3701  0
3702  0
3703  0
3704  0
3705  0
3706  0
3707  0
3708  0
3709  0
3710  0
3711  0
3712  0
3713  0
3714  0
3715  0
3716  0
3717  0
3718  0
3719  0
3720  0
3721  0
3722  0
3723  0
3724  0
3725  0
3726  0
3727  0
3728  0
3729  0
3730  0
3731  0
3732  0
3733  0
3734  0
3735  0
3736  0
3737  0
3738  0
3739  0
3740  0
3741  0
3742  0
3743  0
3744  0
3745  0
3746  0
3747  0
3748  0
3749  0
3750  0
3751  0
3752  0
3753  0
3754  0
3755  0
3756  0
3757  0
3758  0
3759  0
3760  0
3761  0
3762  0
3763  0
3764  0
3765  0
3766  0
3767  0
3768  0
3769  0
3770  0
3771  0
3772  0
3773  0
3774  0
3775  0
3776  0
3777  0
3778  0
3779  0
3780  0
3781  0
3782  0
3783  0
3784  0
3785  0
3786  0
3787  0
3788  0
3789  0
3790  0
3791  0
3792  0
3793  0
3794  0
3795  0
3796  0
3797  0
3798  0
3799  0
3800  0
3801  0
3802  0
3803  0
3804  0
3805  0
3806  0
3807  0
3808  0
3809  0
3810  0
3811  0
3812  0
3813  0
3814  0
3815  0
3816  0
3817  0
3818  0
3819  0
3820  0
3821  0
3822  0
3823  0
3824  0
3825  0
3826  0
3827  0
3828  0
3829  0
3830  0
3831  0
3832  0
3833  0
3834  0
3835  0
3836  0
3837  0
3838  0
3839  0
3840  0
3841  0
3842  0
3843  0
3844  0
3845  0
3846  0
3847  0
3848  0
3849  0
3850  0
3851  0
3852  0
3853  0
3854  0
3855  0
3856  0
3857  0
3858  0
3859  0
3860  0
3861  0
3862  0
3863  0
3864  0
3865  0
3866  0
3867  0
3868  0
3869  0
3870  0
3871  0
3872  0
3873  0
3874  0
3875  0
3876  0
3877  0
3878  0
3879  0
3880  0
3881  0
3882  0
3883  0
3884  0
3885  0
3886  0
3887  0
3888  0
3889  0
3890  0
3891  0
3892  0
3893  0
3894  0
3895  0
3896  0
3897  0
3898  0
3899  0
3900  0
3901  0
3902  0
3903  0
3904  0
3905  0
3906  0
3907  0
3908  0
3909  0
3910  0
3911  0
3912  0
3913  0
3914  0
3915  0
3916  0
3917  0
3918  0
3919  0
3920  0
3921  0
3922  0
3923  0
3924  0
3925  0
3926  0
3927  0
3928  0
3929  0
3930  0
3931  0
3932  0
3933  0
3934  0
3935  0
3936  0
3937  0
3938  0
3939  0
3940  0
3941  0
3942  0
3943  0
3944  0
3945  0
3946  0
3947  0
3948  0
3949  0
3950  0
3951  0
3952  0
3953  0
3954  0
3955  0
3956  0
3957  0
3958  0
3959  0
3960  0
3961  0
3962  0
3963  0
3964  0
3965  0
3966  0
3967  0
3968  0
3969  0
3970  0
3971  0
3972  0
3973  0
3974  0
3975  0
3976  0
3977  0
3978  0
3979  0
3980  0
3981  0
3982  0
3983  0
3984  0
3985  0
3986  0
3987  0
3988  0
3989  0
3990  0
3991  0
3992  0
3993  0
3994  0
3995  0
3996  0
3997  0
3998  0
3999  0
4000  0
4001  0
4002  0
4003  0
4004  0
4005  0
4006  0
4007  0
4008  0
4009  0
4010  0
4011  0
4012  0
4013  0
4014  0
4015  0
4016  0
4017  0
4018  0
4019  0
4020  0
4021  0
4022  0
4023  0
4024  0
4025  0
4026  0
4027  0
4028  0
4029  0
4030  0
4031  0
4032  0
4033  0
4034  0
4035  0
4036  0
4037  0
4038  0
4039  0
4040  0
4041  0
4042  0
4043  0
4044  0
4045  0
4046  0
4047  0
4048  0
4049  0
4050  0
4051  0
4052  0
4053  0
4054  0
4055  0
4056  0
4057  0
4058  0
4059  0
4060  0
4061  0
4062  0
4063  0
4064  0
4065  0
4066  0
4067  0
4068  0
4069  0
4070  0
4071  0
4072  0
4073  0
4074  0
4075  0
4076  0
4077  0
4078  0
4079  0
4080  0
4081  0
4082  0
4083  0
4084  0
4085  0
4086  0
4087  0
4088  0
4089  0
4090  0
4091  0
4092  0
4093  0
4094  0
4095  0
