0 0
1 0
2 0
3 0
4 0
5 0
6 0
7 0
8 0
9 0
10 0
11 0
12 0
13 0
14 0
15 0
16 0
17 0
18 0
19 0
20 0
21 0
22 0
23 0
24 0
25 0
26 0
27 0
28 0
29 0
30 0
31 0
32 0
33 0
34 0
35 0
36 276.423
37 60.6952
38 566.815
39 53.3427
40 234.714
41 123.95
42 855.271
43 540.731
44 267.757
45 1047.79
46 1104.5
47 871.653
48 716.45
49 505.944
50 1066.29
51 1644.15
52 2558.1
53 2481.43
54 2408.57
55 2336.97
56 2023.37
57 1280.43
58 2305.79
59 3254.36
60 2860.03
61 2635.16
62 3120.63
63 3240.38
64 3443.56
65 3479.43
66 3122.84
67 2839.51
68 2922.62
69 3183.36
70 3112.51
71 2347.07
72 2247.05
73 2080.07
74 1877.04
75 1837.96
76 3193.58
77 3530.65
78 3459.88
79 3430.51
80 3364.62
81 3299.59
82 3495.68
83 3430.13
84 3366.12
85 2987.58
86 2876.16
87 2824.27
88 3086.88
89 3344.79
90 3286.39
91 3229.61
92 1867.12
93 1747.91
94 1718.64
95 1852.93
96 2796.41
97 2750.96
98 2706.69
99 2738.76
100 3422.39
101 3368.88
102 3316.71
103 3265.81
104 2420.9
105 2141.87
106 2109.89
107 2078.67
108 2100.54
109 2417.52
110 2382.68
111 2348.63
112 2315.36
113 2258.24
114 2096
115 2067.05
116 2038.73
117 2011.02
118 1983.91
119 1779.46
120 1714.75
121 1692.18
122 1670.08
123 1648.44
124 1627.58
125 1613.11
126 1592.67
127 1572.65
128 1553.02
129 1533.78
130 1514.92
131 1423.32
132 1391.27
133 1374.53
134 1358.1
135 1341.98
136 1326.16
137 1335.49
138 1551.51
139 1533.6
140 1516.01
141 1498.74
142 1481.78
143 1465.12
144 1448.76
145 1137.32
146 1044.79
147 1033.35
148 1022.1
149 1011.05
150 1000.18
151 989.495
152 978.99
153 1245.65
154 1290.13
155 1276.69
156 1263.46
157 1250.45
158 1237.64
159 1225.05
160 1212.65
161 1159.27
162 886.432
163 877.617
164 868.94
165 860.396
166 851.985
167 843.702
168 835.545
169 827.511
170 819.598
171 857.682
172 878.623
173 870.357
174 862.213
175 854.188
176 846.28
177 838.485
178 830.803
179 823.231
180 815.767
181 818.47
182 875.115
183 867.301
184 859.595
185 851.997
186 844.503
187 837.111
188 829.821
189 822.629
190 815.534
191 808.535
192 801.629
193 821.736
194 835.322
195 828.289
196 821.348
197 814.497
198 807.735
199 801.061
200 794.472
201 787.967
202 781.545
203 775.204
204 768.943
205 762.76
206 938.888
207 997.792
208 989.876
209 982.057
210 974.334
211 966.705
212 959.168
213 951.723
214 944.367
215 937.099
216 929.918
217 922.821
218 915.809
219 908.879
220 765.542
221 575.234
222 570.935
223 566.686
224 562.486
225 558.333
226 554.228
227 550.17
228 546.157
229 542.19
230 538.267
231 534.388
232 530.552
233 526.758
234 523.006
235 519.296
236 444.474
237 327.821
238 325.522
239 323.247
240 320.998
241 318.772
242 316.57
243 314.391
244 312.236
245 310.103
246 307.993
247 305.905
248 303.838
249 301.793
250 299.769
251 297.766
252 295.784
253 293.822
254 324.921
255 402.907
256 400.263
257 397.645
258 395.053
259 392.487
260 389.947
261 387.432
262 384.942
263 382.477
264 380.035
265 377.618
266 375.224
267 372.853
268 370.505
269 368.18
270 365.877
271 363.596
272 361.337
273 359.1
274 356.883
275 380.338
276 387.085
277 384.719
278 382.376
279 380.054
280 377.753
281 375.474
282 373.216
283 370.978
284 368.762
285 366.565
286 364.388
287 362.231
288 360.093
289 357.975
290 355.875
291 353.795
292 351.732
293 349.689
294 347.663
295 345.655
296 343.665
297 341.692
298 340.932
299 343.697
300 341.742
301 339.803
302 337.881
303 335.976
304 334.087
305 332.215
306 330.358
307 328.517
308 326.692
309 324.882
310 323.087
311 321.307
312 319.542
313 317.792
314 316.056
315 314.335
316 312.628
317 310.935
318 309.256
319 307.591
320 305.939
321 304.301
322 302.676
323 301.064
324 299.465
325 297.879
326 293.131
327 291.586
328 290.054
329 288.535
330 287.027
331 285.532
332 284.048
333 282.576
334 281.115
335 279.666
336 278.228
337 276.801
338 275.385
339 273.98
340 272.586
341 271.203
342 269.83
343 268.468
344 267.116
345 265.775
346 264.443
347 263.122
348 261.811
349 260.509
350 259.217
351 257.935
352 256.663
353 255.399
354 254.146
355 252.901
356 251.666
357 251.646
358 254.712
359 253.477
360 252.251
361 251.034
362 249.825
363 248.626
364 247.435
365 246.253
366 245.079
367 243.914
368 242.757
369 241.608
370 240.467
371 239.335
372 238.21
373 237.094
374 235.985
375 234.884
376 233.791
377 232.705
378 231.627
379 230.556
380 229.493
381 228.437
382 227.389
383 226.348
384 225.313
385 224.286
386 223.266
387 222.253
388 221.247
389 220.247
390 219.255
391 218.269
392 217.289
393 216.317
394 215.35
395 192.905
396 178.413
397 177.621
398 176.835
399 176.054
400 175.278
401 174.507
402 173.741
403 172.98
404 172.224
405 171.473
406 170.727
407 169.986
408 169.25
409 168.518
410 167.791
411 167.069
412 166.351
413 165.638
414 164.93
415 164.226
416 163.526
417 162.831
418 162.141
419 161.454
420 160.773
421 160.095
422 159.422
423 158.752
424 158.087
425 157.427
426 156.77
427 156.117
428 155.469
429 154.824
430 154.183
431 153.547
432 152.914
433 152.285
434 151.66
435 151.039
436 150.421
437 149.808
438 149.198
439 148.591
440 181.53
441 227.706
442 226.786
443 225.872
444 224.963
445 224.06
446 223.161
447 222.269
448 221.381
449 220.499
450 219.622
451 218.751
452 217.884
453 217.022
454 216.166
455 215.314
456 214.468
457 213.626
458 212.79
459 211.958
460 211.131
461 210.309
462 209.491
463 208.678
464 207.87
465 207.067
466 206.268
467 205.474
468 204.684
469 203.898
470 203.118
471 202.341
472 201.569
473 200.801
474 200.038
475 199.279
476 198.524
477 197.774
478 197.027
479 196.285
480 195.547
481 194.813
482 194.083
483 193.357
484 192.635
485 191.917
486 191.203
487 190.493
488 189.787
489 189.085
490 188.386
491 187.691
492 187.001
493 186.313
494 185.63
495 181.682
496 134.059
497 133.57
498 133.083
499 132.599
500 132.118
501 131.639
502 131.163
503 130.689
504 130.218
505 129.749
506 129.283
507 128.819
508 128.358
509 127.899
510 127.443
511 126.989
512 126.537
513 126.088
514 125.641
515 125.196
516 124.754
517 124.314
518 123.876
519 123.441
520 123.008
521 122.577
522 122.148
523 121.721
524 121.297
525 120.875
526 120.455
527 120.037
528 119.621
529 119.208
530 118.796
531 118.387
532 117.979
533 117.574
534 117.171
535 116.769
536 116.37
537 115.973
538 115.578
539 115.184
540 114.793
541 114.404
542 114.016
543 113.631
544 113.247
545 112.865
546 112.485
547 112.107
548 111.731
549 111.357
550 110.985
551 110.614
552 110.245
553 109.878
554 109.513
555 109.15
556 108.788
557 108.428
558 108.07
559 107.714
560 107.359
561 107.006
562 106.655
563 106.305
564 105.957
565 100.87
566 97.804
567 97.4854
568 97.1682
569 96.8526
570 96.5384
571 96.2258
572 95.9146
573 95.6049
574 95.2966
575 94.9898
576 94.6845
577 94.3806
578 94.0781
579 93.777
580 93.4773
581 93.179
582 92.8821
583 92.5866
584 92.2924
585 91.9997
586 91.7082
587 91.4182
588 91.1294
589 90.842
590 90.5559
591 90.2711
592 89.9876
593 89.7055
594 89.4246
595 89.145
596 88.8666
597 88.5896
598 88.3137
599 88.0392
600 87.7659
601 87.4938
602 87.2229
603 86.9533
604 86.6849
605 86.4176
606 86.1516
607 85.8868
608 85.6231
609 85.3607
610 85.0994
611 84.8392
612 84.5802
613 84.3224
614 84.0657
615 83.8102
616 83.5557
617 83.3025
618 83.0503
619 82.7992
620 82.5492
621 82.3003
622 82.0525
623 81.8058
624 81.5602
625 81.3157
626 81.0722
627 80.8297
628 80.5883
629 80.348
630 80.1087
631 79.8704
632 79.6332
633 79.397
634 79.1618
635 78.9276
636 78.6944
637 78.4623
638 78.2311
639 78.0009
640 77.7717
641 77.5434
642 77.3161
643 77.0898
644 76.8645
645 76.6401
646 76.4166
647 76.1941
648 75.9726
649 75.752
650 75.5323
651 75.3135
652 75.0956
653 74.8787
654 74.6626
655 78.9773
656 80.0128
657 79.7829
658 79.5539
659 79.3258
660 79.0987
661 78.8725
662 78.6473
663 78.423
664 78.1996
665 77.9772
666 77.7556
667 77.535
668 77.3153
669 77.0965
670 76.8785
671 76.6615
672 76.4453
673 76.2301
674 76.0157
675 75.8021
676 75.5895
677 75.3777
678 75.1667
679 74.9566
680 74.7474
681 74.539
682 74.3315
683 74.1247
684 73.9188
685 73.7138
686 73.5095
687 73.3061
688 73.1035
689 72.9016
690 72.7006
691 72.5004
692 72.301
693 72.1024
694 71.9046
695 71.7075
696 71.5112
697 71.3157
698 71.121
699 70.927
700 70.7338
701 70.5414
702 70.3497
703 70.1588
704 69.9686
705 69.7791
706 69.5904
707 69.4025
708 69.2152
709 69.0287
710 68.8429
711 68.6578
712 68.4735
713 68.2898
714 68.1069
715 67.9247
716 67.7432
717 67.5623
718 67.3822
719 67.2028
720 67.024
721 66.8459
722 66.6685
723 66.4918
724 66.3158
725 66.1404
726 65.9657
727 65.7917
728 65.6183
729 65.4456
730 65.2735
731 65.1021
732 64.9313
733 64.7612
734 64.5917
735 64.4229
736 64.2546
737 64.0871
738 63.9201
739 63.7538
740 63.5881
741 63.423
742 63.2585
743 63.0946
744 62.9314
745 62.7687
746 62.6067
747 62.4452
748 62.2844
749 62.1241
750 61.9645
751 61.8054
752 61.6469
753 61.489
754 61.3317
755 61.1749
756 61.0188
757 60.8632
758 60.7082
759 60.5537
760 60.3998
761 60.2464
762 60.0937
763 59.9414
764 59.7898
765 59.6386
766 59.4881
767 59.338
768 59.1886
769 59.0396
770 58.8912
771 58.7433
772 58.596
773 58.4492
774 58.3029
775 58.1571
776 61.382
777 65.235
778 65.0724
779 64.9104
780 64.749
781 64.5882
782 64.4279
783 64.2682
784 64.1091
785 63.9505
786 63.7925
787 63.6351
788 63.4782
789 63.3219
790 63.1661
791 63.0108
792 62.8562
793 62.702
794 62.5484
795 62.3953
796 62.2428
797 62.0908
798 61.9393
799 61.7884
800 61.638
801 61.4881
802 61.3387
803 61.1898
804 61.0415
805 60.8937
806 60.7464
807 60.5996
808 60.4533
809 60.3075
810 60.1622
811 60.0174
812 59.8731
813 59.7293
814 59.586
815 59.4432
816 59.3009
817 59.159
818 59.0177
819 58.8768
820 58.7364
821 58.5965
822 58.4571
823 58.3181
824 58.1796
825 58.0416
826 57.904
827 57.7669
828 57.6303
829 57.4941
830 57.3584
831 57.2232
832 57.0884
833 56.954
834 56.8201
835 56.6867
836 56.5537
837 56.4211
838 56.289
839 56.1573
840 56.0261
841 55.8953
842 55.7649
843 55.635
844 55.5055
845 55.3765
846 55.2478
847 55.1196
848 54.9918
849 54.8644
850 54.7375
851 54.611
852 54.4849
853 54.3592
854 54.2339
855 54.109
856 53.9845
857 53.8605
858 53.7368
859 53.6136
860 53.4907
861 53.3683
862 53.2462
863 53.1246
864 53.0033
865 52.8825
866 52.762
867 52.6419
868 52.5222
869 52.4029
870 52.284
871 52.1655
872 52.0473
873 51.9296
874 51.8122
875 51.6952
876 51.5785
877 51.4622
878 51.3464
879 51.2308
880 51.1157
881 51.0009
882 50.8865
883 50.7724
884 50.6587
885 50.5454
886 50.4324
887 50.3198
888 50.2076
889 50.0957
890 49.9841
891 49.8729
892 49.7621
893 49.6516
894 49.5415
895 49.4317
896 49.3222
897 49.2131
898 49.1044
899 48.9959
900 48.8879
901 48.7801
902 48.6727
903 48.5656
904 48.4589
905 48.3525
906 48.2464
907 48.1407
908 48.0353
909 47.9302
910 47.8254
911 47.721
912 47.6169
913 47.5131
914 47.4096
915 47.3065
916 47.2036
917 47.1011
918 46.9989
919 46.897
920 46.7955
921 46.6942
922 46.5933
923 46.4926
924 46.3923
925 46.2923
926 46.1925
927 46.0931
928 45.994
929 45.8952
930 45.7967
931 45.6985
932 45.6006
933 45.5029
934 45.4056
935 45.3086
936 45.2119
937 45.1154
938 45.0193
939 44.9234
940 44.8279
941 44.7326
942 44.6376
943 44.5429
944 44.4484
945 44.3543
946 44.2604
947 44.1669
948 44.0736
949 43.9806
950 47.1912
951 57.6596
952 57.5383
953 57.4173
954 57.2966
955 57.1763
956 57.0564
957 56.9368
958 56.8176
959 56.6987
960 56.5802
961 56.462
962 56.3442
963 56.2267
964 56.1096
965 55.9928
966 55.8764
967 55.7603
968 55.6445
969 55.5291
970 55.414
971 55.2993
972 55.1849
973 55.0708
974 54.957
975 54.8436
976 54.7306
977 54.6178
978 54.5054
979 54.3933
980 54.2815
981 54.1701
982 54.059
983 53.9482
984 53.8377
985 53.7275
986 53.6177
987 53.5082
988 53.399
989 53.2901
990 53.1815
991 53.0732
992 52.9653
993 52.8576
994 52.7503
995 52.6432
996 52.5365
997 52.4301
998 52.324
999 52.2182
1000 52.1127
1001 52.0075
1002 51.9026
1003 51.7979
1004 51.6936
1005 51.5896
1006 51.4859
1007 51.3825
1008 51.2793
1009 51.1765
1010 51.0739
1011 50.9717
1012 50.8697
1013 50.768
1014 50.6666
1015 50.5655
1016 50.4647
1017 50.3641
1018 50.2639
1019 50.1639
1020 50.0642
1021 49.9647
1022 49.8656
1023 49.7667
1024 49.6681
1025 49.5698
1026 49.4718
1027 49.374
1028 49.2765
1029 49.1793
1030 49.0823
1031 48.9856
1032 48.8892
1033 48.7931
1034 48.6972
1035 48.6016
1036 48.5062
1037 48.4111
1038 48.3163
1039 48.2217
1040 48.1274
1041 48.0333
1042 47.9396
1043 47.846
1044 47.7527
1045 47.6597
1046 47.567
1047 47.4744
1048 47.3822
1049 47.2902
1050 47.1984
1051 47.1069
1052 47.0157
1053 46.9247
1054 46.8339
1055 46.7434
1056 46.6531
1057 46.5631
1058 46.4733
1059 46.3838
1060 46.2945
1061 46.2055
1062 46.1167
1063 46.0281
1064 45.9398
1065 45.8517
1066 45.7638
1067 45.6762
1068 45.5888
1069 45.5017
1070 45.4148
1071 45.3281
1072 45.2416
1073 45.1554
1074 45.0694
1075 44.9837
1076 44.8982
1077 44.8129
1078 44.7278
1079 44.643
1080 44.5583
1081 44.4739
1082 44.3898
1083 44.3058
1084 44.2221
1085 44.1386
1086 44.0553
1087 43.9723
1088 43.8895
1089 43.8068
1090 43.7244
1091 43.6423
1092 43.5603
1093 43.4786
1094 43.397
1095 43.3157
1096 43.2346
1097 43.1537
1098 43.073
1099 42.9926
1100 42.9123
1101 42.8323
1102 42.7524
1103 42.6728
1104 42.5934
1105 42.5142
1106 42.4352
1107 42.3564
1108 42.2778
1109 42.1994
1110 42.1212
1111 42.0432
1112 41.9654
1113 41.8879
1114 41.8105
1115 41.7333
1116 41.6563
1117 41.5795
1118 41.503
1119 41.4266
1120 41.3504
1121 41.2744
1122 41.1986
1123 41.123
1124 41.0476
1125 40.9724
1126 40.8974
1127 40.8226
1128 40.7479
1129 40.6735
1130 40.5992
1131 40.5252
1132 40.4513
1133 40.3776
1134 40.3041
1135 40.2308
1136 40.1577
1137 40.0848
1138 40.012
1139 39.9395
1140 39.8671
1141 39.7949
1142 39.7229
1143 39.651
1144 39.5794
1145 39.5079
1146 39.4366
1147 39.3655
1148 39.2946
1149 39.2239
1150 39.1533
1151 39.0829
1152 39.0127
1153 38.9426
1154 38.8728
1155 38.8031
1156 38.7336
1157 38.6643
1158 38.5951
1159 38.5261
1160 38.4573
1161 38.3886
1162 38.3202
1163 38.2519
1164 38.1837
1165 38.1158
1166 38.048
1167 37.9803
1168 37.9129
1169 37.8456
1170 37.7785
1171 37.7115
1172 37.6447
1173 37.5781
1174 37.5116
1175 37.4453
1176 37.3792
1177 37.3132
1178 37.2474
1179 37.1818
1180 37.1163
1181 37.051
1182 36.9858
1183 36.9208
1184 36.856
1185 36.7913
1186 36.7268
1187 36.6624
1188 36.5982
1189 36.5342
1190 36.4703
1191 36.4065
1192 36.3429
1193 36.2795
1194 36.2162
1195 36.1531
1196 36.0902
1197 36.0274
1198 35.9647
1199 35.9022
1200 35.8398
1201 35.7776
1202 35.7156
1203 35.6537
1204 35.5919
1205 35.5303
1206 35.4689
1207 35.4076
1208 35.3464
1209 35.2854
1210 35.2245
1211 35.1638
1212 35.1032
1213 35.0428
1214 34.9825
1215 34.9224
1216 34.8624
1217 34.8026
1218 34.7429
1219 34.6833
1220 34.6239
1221 34.5646
1222 34.5055
1223 34.4465
1224 34.3876
1225 34.3289
1226 30.2124
1227 23.9608
1228 23.92
1229 23.8792
1230 23.8386
1231 23.7981
1232 23.7576
1233 23.7173
1234 23.677
1235 23.6369
1236 23.5968
1237 23.5569
1238 23.517
1239 23.4772
1240 23.4375
1241 23.398
1242 23.3585
1243 23.3191
1244 23.2798
1245 23.2405
1246 23.2014
1247 23.1624
1248 23.1234
1249 23.0846
1250 23.0458
1251 23.0072
1252 22.9686
1253 22.9301
1254 22.8917
1255 22.8534
1256 22.8152
1257 22.777
1258 22.739
1259 22.701
1260 22.6632
1261 22.6254
1262 22.5877
1263 22.5501
1264 22.5126
1265 22.4752
1266 22.4378
1267 22.4006
1268 22.3634
1269 22.3263
1270 22.2893
1271 22.2524
1272 22.2156
1273 22.1789
1274 22.1422
1275 22.1056
1276 22.0691
1277 22.0327
1278 21.9964
1279 21.9602
1280 21.924
1281 21.888
1282 21.852
1283 21.8161
1284 21.7802
1285 21.7445
1286 21.7088
1287 21.6733
1288 21.6378
1289 21.6023
1290 21.567
1291 21.5317
1292 21.4966
1293 21.4615
1294 21.4265
1295 21.3915
1296 21.3567
1297 21.3219
1298 21.2872
1299 21.2526
1300 21.218
1301 21.1836
1302 21.1492
1303 21.1149
1304 21.0806
1305 21.0465
1306 21.0124
1307 20.9784
1308 20.9445
1309 20.9106
1310 20.8769
1311 20.8432
1312 20.8095
1313 20.776
1314 20.7425
1315 20.7091
1316 20.6758
1317 20.6426
1318 20.6094
1319 20.5763
1320 20.5433
1321 20.5103
1322 20.4775
1323 20.4447
1324 20.4119
1325 20.3793
1326 20.3467
1327 20.3142
1328 20.2817
1329 20.2494
1330 20.2171
1331 20.1848
1332 20.1527
1333 20.1206
1334 20.0886
1335 20.0567
1336 20.0248
1337 19.993
1338 19.9613
1339 19.9296
1340 19.898
1341 19.8665
1342 19.835
1343 19.8037
1344 19.7724
1345 19.7411
1346 19.7099
1347 19.6788
1348 19.6478
1349 19.6168
1350 19.5859
1351 19.5551
1352 19.5243
1353 19.4936
1354 19.463
1355 19.4324
1356 19.4019
1357 19.3715
1358 19.3411
1359 19.3108
1360 19.2806
1361 19.2504
1362 19.2203
1363 19.1903
1364 19.1603
1365 19.1304
1366 19.1005
1367 19.0708
1368 19.0411
1369 19.0114
1370 18.9818
1371 18.9523
1372 18.9228
1373 18.8934
1374 18.8641
1375 18.8348
1376 18.8056
1377 18.7765
1378 18.7474
1379 18.7184
1380 18.6894
1381 18.6606
1382 18.6317
1383 18.603
1384 18.5742
1385 18.5456
1386 18.517
1387 18.4885
1388 18.46
1389 18.4316
1390 18.4033
1391 18.375
1392 18.3468
1393 18.3186
1394 18.2905
1395 18.2625
1396 18.2345
1397 18.2066
1398 18.1787
1399 18.1509
1400 18.1232
1401 18.0955
1402 18.0679
1403 18.0403
1404 18.0128
1405 17.9853
1406 17.9579
1407 17.9306
1408 17.9033
1409 17.8761
1410 17.8489
1411 17.8218
1412 17.7948
1413 17.7678
1414 17.7408
1415 17.714
1416 17.6871
1417 17.6604
1418 17.6337
1419 17.607
1420 17.5804
1421 17.5539
1422 17.5274
1423 17.5009
1424 17.4746
1425 17.4483
1426 17.422
1427 17.3958
1428 17.3696
1429 17.3435
1430 17.3175
1431 17.2915
1432 17.2655
1433 17.2396
1434 17.2138
1435 17.188
1436 17.1623
1437 17.1366
1438 17.111
1439 17.0854
1440 17.0599
1441 17.0345
1442 17.0091
1443 16.9837
1444 16.9584
1445 16.9332
1446 16.908
1447 16.8828
1448 16.8577
1449 16.8327
1450 16.8077
1451 16.7827
1452 16.7578
1453 16.733
1454 16.7082
1455 16.6835
1456 16.6588
1457 16.6342
1458 16.6096
1459 16.585
1460 16.5606
1461 16.5361
1462 16.5117
1463 16.4874
1464 16.4631
1465 16.4389
1466 16.4147
1467 16.3906
1468 16.3665
1469 16.3424
1470 16.3184
1471 16.2945
1472 16.2706
1473 16.2468
1474 16.223
1475 16.1992
1476 16.1755
1477 16.1519
1478 16.1283
1479 16.1047
1480 16.0812
1481 16.0577
1482 16.0343
1483 16.011
1484 15.9876
1485 15.9644
1486 15.9411
1487 15.918
1488 15.8948
1489 15.8717
1490 15.8487
1491 15.8257
1492 15.8028
1493 15.7799
1494 15.757
1495 15.7342
1496 15.7114
1497 15.6887
1498 15.666
1499 15.6434
1500 15.6208
1501 15.5983
1502 15.5758
1503 15.5533
1504 15.5309
1505 15.5086
1506 15.4863
1507 15.464
1508 15.4418
1509 15.4196
1510 15.3975
1511 15.3754
1512 15.3533
1513 15.3313
1514 15.3093
1515 15.2874
1516 15.2655
1517 15.2437
1518 15.2219
1519 15.2002
1520 15.1785
1521 15.1568
1522 15.1352
1523 15.1136
1524 15.0921
1525 15.0706
1526 15.0492
1527 15.0277
1528 15.0064
1529 14.9851
1530 14.9638
1531 14.9425
1532 14.9213
1533 14.9002
1534 14.8791
1535 14.858
1536 14.837
1537 14.816
1538 14.795
1539 14.7741
1540 14.7533
1541 14.7324
1542 14.7116
1543 14.6909
1544 14.6702
1545 14.6495
1546 14.6289
1547 14.6083
1548 14.5878
1549 14.5673
1550 14.5468
1551 14.5264
1552 14.506
1553 14.4856
1554 14.4653
1555 14.4451
1556 14.4248
1557 14.4046
1558 14.3845
1559 14.3644
1560 14.3443
1561 14.3243
1562 14.3043
1563 14.2843
1564 14.2644
1565 14.2445
1566 14.2247
1567 14.2049
1568 14.1851
1569 14.1654
1570 14.1457
1571 14.126
1572 14.1064
1573 14.0869
1574 14.0673
1575 14.0478
1576 14.0283
1577 14.0089
1578 13.9895
1579 13.9702
1580 13.9509
1581 13.9316
1582 13.9123
1583 13.8931
1584 13.874
1585 13.8548
1586 13.8357
1587 13.8167
1588 13.7976
1589 13.7787
1590 13.7597
1591 13.7408
1592 13.7219
1593 13.7031
1594 13.6842
1595 13.6655
1596 13.6467
1597 13.628
1598 13.6094
1599 13.5907
1600 13.5721
1601 13.5536
1602 13.535
1603 13.5166
1604 13.4981
1605 13.4797
1606 13.4613
1607 13.4429
1608 13.4246
1609 13.4063
1610 13.3881
1611 13.3699
1612 13.3517
1613 13.3335
1614 13.3154
1615 13.2973
1616 13.2793
1617 13.2613
1618 13.2433
1619 13.2254
1620 13.2074
1621 13.1896
1622 13.1717
1623 13.1539
1624 13.1361
1625 13.1184
1626 13.1007
1627 13.083
1628 13.0654
1629 13.0477
1630 13.0302
1631 13.0126
1632 12.9951
1633 12.9776
1634 12.9602
1635 12.9427
1636 12.9254
1637 12.908
1638 12.8907
1639 12.8734
1640 12.8561
1641 12.8389
1642 12.8217
1643 12.8045
1644 12.7874
1645 12.7703
1646 12.7532
1647 12.7362
1648 12.7192
1649 12.7022
1650 12.6853
1651 12.6684
1652 12.6515
1653 12.6346
1654 12.6178
1655 12.601
1656 12.5843
1657 12.5676
1658 12.5509
1659 12.5342
1660 12.5176
1661 12.501
1662 12.4844
1663 12.4678
1664 12.4513
1665 12.4348
1666 12.4184
1667 12.402
1668 12.3856
1669 12.3692
1670 12.3529
1671 12.3366
1672 12.3203
1673 12.304
1674 12.2878
1675 12.2716
1676 12.2555
1677 12.2394
1678 12.2233
1679 12.2072
1680 12.1911
1681 12.1751
1682 12.1592
1683 12.1432
1684 12.1273
1685 12.1114
1686 12.0955
1687 12.0797
1688 12.0639
1689 12.0481
1690 12.0323
1691 12.0166
1692 12.0009
1693 11.9852
1694 11.9696
1695 11.954
1696 11.9384
1697 11.9228
1698 11.9073
1699 11.8918
1700 11.8763
1701 11.8609
1702 11.8455
1703 11.8301
1704 11.8147
1705 11.7994
1706 11.7841
1707 11.7688
1708 11.7535
1709 11.7383
1710 11.7231
1711 11.7079
1712 11.6928
1713 11.6777
1714 11.6626
1715 11.6475
1716 11.6325
1717 11.6175
1718 11.6025
1719 11.5875
1720 11.5726
1721 11.5577
1722 11.5428
1723 11.528
1724 11.5131
1725 11.4983
1726 11.4836
1727 11.4688
1728 11.4541
1729 11.4394
1730 11.4247
1731 11.4101
1732 11.3955
1733 11.3809
1734 11.3663
1735 11.3518
1736 11.3372
1737 11.3227
1738 11.3083
1739 11.2938
1740 11.2794
1741 11.265
1742 11.2507
1743 11.2363
1744 11.222
1745 11.2077
1746 11.1935
1747 11.1792
1748 11.165
1749 11.1508
1750 11.9894
1751 12.5457
1752 12.5298
1753 12.5139
1754 12.498
1755 12.4822
1756 12.4663
1757 12.4506
1758 12.4348
1759 12.4191
1760 12.4034
1761 12.3877
1762 12.3721
1763 12.3564
1764 12.3409
1765 12.3253
1766 12.3098
1767 12.2942
1768 12.2788
1769 12.2633
1770 12.2479
1771 12.2325
1772 12.2171
1773 12.2017
1774 12.1864
1775 12.1711
1776 12.1558
1777 12.1406
1778 12.1254
1779 12.1102
1780 12.095
1781 12.0799
1782 12.0648
1783 12.0497
1784 12.0346
1785 12.0196
1786 12.0046
1787 11.9896
1788 11.9746
1789 11.9597
1790 11.9448
1791 11.9299
1792 11.915
1793 11.9002
1794 11.8854
1795 11.8706
1796 11.8559
1797 11.8411
1798 11.8264
1799 11.8117
1800 11.7971
1801 11.7825
1802 11.7679
1803 11.7533
1804 11.7387
1805 11.7242
1806 11.7097
1807 11.6952
1808 11.6807
1809 11.6663
1810 11.6519
1811 11.6375
1812 11.6231
1813 11.6088
1814 11.5945
1815 11.5802
1816 11.566
1817 11.5517
1818 11.5375
1819 11.5233
1820 11.5091
1821 11.495
1822 11.4809
1823 11.4668
1824 11.4527
1825 11.4387
1826 11.4246
1827 11.4106
1828 11.3967
1829 11.3827
1830 11.3688
1831 11.3549
1832 11.341
1833 11.3271
1834 11.3133
1835 11.2995
1836 11.2857
1837 11.2719
1838 11.2582
1839 11.2444
1840 11.2307
1841 11.2171
1842 11.2034
1843 11.1898
1844 11.1762
1845 11.1626
1846 11.149
1847 11.1355
1848 11.122
1849 11.1085
1850 11.095
1851 11.0816
1852 11.0681
1853 11.0547
1854 11.0413
1855 11.028
1856 11.0146
1857 11.0013
1858 10.988
1859 10.9748
1860 10.9615
1861 10.9483
1862 10.9351
1863 10.9219
1864 10.9087
1865 10.8956
1866 10.8825
1867 10.8694
1868 10.8563
1869 10.8432
1870 10.8302
1871 10.8172
1872 10.8042
1873 10.7912
1874 10.7783
1875 10.7653
1876 10.7524
1877 10.7396
1878 10.7267
1879 10.7139
1880 10.701
1881 10.6882
1882 10.6755
1883 10.6627
1884 10.65
1885 10.6372
1886 10.6245
1887 10.6119
1888 10.5992
1889 10.5866
1890 10.574
1891 10.5614
1892 10.5488
1893 10.5363
1894 10.5237
1895 10.5112
1896 10.4987
1897 10.4863
1898 10.4738
1899 10.4614
1900 10.449
1901 10.4366
1902 10.4242
1903 10.4119
1904 10.3995
1905 10.3872
1906 10.3749
1907 10.3627
1908 10.3504
1909 10.3382
1910 10.326
1911 10.3138
1912 10.3016
1913 10.2895
1914 10.2773
1915 10.2652
1916 10.2531
1917 10.2411
1918 10.229
1919 10.217
1920 10.205
1921 10.193
1922 10.181
1923 10.169
1924 10.1571
1925 10.1452
1926 10.1333
1927 10.1214
1928 10.1095
1929 10.0977
1930 10.0859
1931 10.0741
1932 10.0623
1933 10.0505
1934 10.0388
1935 10.0271
1936 10.0153
1937 10.0037
1938 9.99199
1939 9.98033
1940 9.9687
1941 9.95708
1942 9.94549
1943 9.93391
1944 9.92235
1945 9.91081
1946 9.89928
1947 9.88778
1948 9.87629
1949 9.86482
1950 9.85337
1951 9.84194
1952 9.83052
1953 9.81913
1954 9.80775
1955 9.79639
1956 9.78505
1957 9.77372
1958 9.76242
1959 9.75113
1960 9.73986
1961 9.72861
1962 9.71737
1963 9.70615
1964 9.69496
1965 9.68377
1966 9.67261
1967 9.66146
1968 9.65033
1969 9.63922
1970 9.62813
1971 9.61705
1972 9.60599
1973 9.59495
1974 9.58393
1975 9.57292
1976 9.56193
1977 9.55096
1978 9.54
1979 9.52907
1980 9.51815
1981 9.50724
1982 9.49636
1983 9.48549
1984 9.47463
1985 9.4638
1986 9.45298
1987 9.44218
1988 9.43139
1989 9.42062
1990 9.40987
1991 9.39914
1992 9.38842
1993 9.37772
1994 9.36704
1995 9.35637
1996 9.34572
1997 9.33508
1998 9.32447
1999 9.31386
2000 9.30328
2001 9.29271
2002 9.28216
2003 9.27162
2004 9.2611
2005 9.2506
2006 9.24011
2007 9.22964
2008 9.21919
2009 9.20875
2010 9.19833
2011 9.18792
2012 9.17753
2013 9.16716
2014 9.1568
2015 9.14646
2016 9.13613
2017 9.12582
2018 9.11553
2019 9.10525
2020 9.09499
2021 9.08474
2022 9.07451
2023 9.0643
2024 9.0541
2025 9.04392
2026 9.03375
2027 9.0236
2028 9.01346
2029 9.00334
2030 8.99323
2031 8.98314
2032 8.97307
2033 8.96301
2034 8.95296
2035 8.94294
2036 8.93292
2037 8.92293
2038 8.91294
2039 8.90298
2040 8.89302
2041 8.88309
2042 8.87317
2043 8.86326
2044 8.85337
2045 8.84349
2046 8.83363
2047 8.82378
2048 8.81395
2049 8.80414
2050 8.79434
2051 8.78455
2052 8.77478
2053 8.76502
2054 8.75528
2055 8.74555
2056 8.73584
2057 8.72614
2058 8.71646
2059 8.70679
2060 8.69714
2061 8.6875
2062 8.67787
2063 8.66826
2064 8.65867
2065 8.64909
2066 8.63952
2067 8.62997
2068 8.62043
2069 8.61091
2070 8.6014
2071 8.59191
2072 8.58243
2073 8.57296
2074 8.56351
2075 8.55407
2076 8.54465
2077 8.53524
2078 8.52584
2079 8.51646
2080 8.5071
2081 8.49774
2082 8.48841
2083 8.47908
2084 8.46977
2085 8.46047
2086 8.45119
2087 8.44192
2088 8.43267
2089 8.42343
2090 8.4142
2091 8.40499
2092 8.39579
2093 8.3866
2094 8.37743
2095 8.36827
2096 8.35913
2097 8.34999
2098 8.34088
2099 8.33177
2100 8.32268
2101 8.31361
2102 8.30454
2103 8.29549
2104 8.28646
2105 8.27743
2106 8.26842
2107 8.25943
2108 8.25045
2109 8.24148
2110 8.23252
2111 8.22358
2112 8.21465
2113 8.20573
2114 8.19683
2115 8.18794
2116 8.17906
2117 8.1702
2118 8.16135
2119 8.15251
2120 8.14368
2121 8.13487
2122 8.12607
2123 8.11729
2124 8.10852
2125 8.09976
2126 8.09101
2127 8.08228
2128 8.07355
2129 8.06485
2130 8.05615
2131 8.04747
2132 8.0388
2133 8.03014
2134 8.0215
2135 8.01287
2136 8.00425
2137 7.99564
2138 7.98705
2139 7.97847
2140 7.9699
2141 7.96134
2142 7.9528
2143 7.94427
2144 7.93575
2145 7.92724
2146 7.91875
2147 7.91027
2148 7.9018
2149 7.89334
2150 7.8849
2151 7.87647
2152 7.86805
2153 7.85964
2154 7.85125
2155 7.84286
2156 7.83449
2157 7.82613
2158 7.81779
2159 7.80945
2160 7.80113
2161 7.79282
2162 7.78452
2163 7.77624
2164 7.76797
2165 7.7597
2166 7.75145
2167 7.74322
2168 7.73499
2169 7.72678
2170 7.71857
2171 7.71038
2172 7.70221
2173 7.69404
2174 7.68588
2175 7.67774
2176 7.66961
2177 7.66149
2178 7.65338
2179 7.64529
2180 7.6372
2181 7.62913
2182 7.62107
2183 7.61302
2184 7.60498
2185 7.59696
2186 7.58894
2187 7.58094
2188 7.57295
2189 7.56497
2190 7.557
2191 7.54904
2192 7.5411
2193 7.53316
2194 7.52524
2195 7.51733
2196 7.50943
2197 7.50154
2198 7.49366
2199 7.48579
2200 7.47794
2201 7.47009
2202 7.46226
2203 7.45444
2204 7.44663
2205 7.43883
2206 7.43104
2207 7.42326
2208 7.4155
2209 7.40774
2210 7.4
2211 7.39227
2212 7.38454
2213 7.37683
2214 7.36913
2215 7.36144
2216 7.35377
2217 7.3461
2218 7.33844
2219 7.3308
2220 7.32316
2221 7.31554
2222 7.30793
2223 7.30033
2224 7.29273
2225 7.28515
2226 7.27758
2227 7.27003
2228 7.26248
2229 7.25494
2230 7.24741
2231 7.2399
2232 7.23239
2233 7.2249
2234 7.21741
2235 7.20994
2236 7.20247
2237 7.19502
2238 7.18758
2239 7.18015
2240 7.17272
2241 7.16531
2242 7.15791
2243 7.15052
2244 7.14314
2245 7.13577
2246 7.12841
2247 7.12107
2248 7.11373
2249 7.1064
2250 7.09908
2251 7.09177
2252 7.08448
2253 7.07719
2254 7.06991
2255 7.06264
2256 7.05539
2257 7.04814
2258 7.04091
2259 7.03368
2260 7.02646
2261 7.01926
2262 7.01206
2263 7.00488
2264 6.9977
2265 6.99053
2266 6.98338
2267 6.97623
2268 6.9691
2269 6.96197
2270 6.95485
2271 6.94775
2272 6.94065
2273 6.93357
2274 6.92649
2275 6.91942
2276 6.91237
2277 6.90532
2278 6.89828
2279 6.89125
2280 6.88424
2281 6.87723
2282 6.87023
2283 6.86324
2284 6.85626
2285 6.84929
2286 6.84233
2287 6.83538
2288 6.82844
2289 6.82151
2290 6.81459
2291 6.80768
2292 6.80078
2293 6.79388
2294 6.787
2295 6.78013
2296 6.77326
2297 6.76641
2298 6.75956
2299 6.75273
2300 6.7459
2301 6.73908
2302 6.73227
2303 6.72548
2304 6.71869
2305 6.71191
2306 6.70514
2307 6.69838
2308 6.69162
2309 6.68488
2310 6.67815
2311 6.67142
2312 6.66471
2313 6.658
2314 6.65131
2315 6.64462
2316 6.63794
2317 6.63127
2318 6.62461
2319 6.61796
2320 6.61132
2321 6.60469
2322 6.59806
2323 6.59145
2324 6.58484
2325 6.57825
2326 6.57166
2327 6.56508
2328 6.55851
2329 6.55195
2330 6.5454
2331 6.53886
2332 6.53232
2333 6.5258
2334 6.51928
2335 6.51277
2336 6.50628
2337 6.49979
2338 6.4933
2339 6.48683
2340 6.48037
2341 6.47392
2342 6.46747
2343 6.46103
2344 6.4546
2345 6.44818
2346 6.44177
2347 6.43537
2348 6.42898
2349 6.42259
2350 6.41622
2351 6.40985
2352 6.40349
2353 6.39714
2354 6.3908
2355 6.38446
2356 6.37814
2357 6.37182
2358 6.36551
2359 6.35921
2360 6.35292
2361 6.34664
2362 6.34037
2363 6.3341
2364 6.32784
2365 6.32159
2366 6.31535
2367 6.30912
2368 6.3029
2369 6.29668
2370 6.29048
2371 6.28428
2372 6.27809
2373 6.27191
2374 6.26573
2375 6.25957
2376 6.25341
2377 6.24726
2378 6.24112
2379 6.23499
2380 6.22886
2381 6.22275
2382 6.21664
2383 6.21054
2384 6.20445
2385 6.19836
2386 6.19229
2387 6.18622
2388 6.18016
2389 6.17411
2390 6.16807
2391 6.16203
2392 6.156
2393 6.14998
2394 6.14397
2395 6.13797
2396 6.13197
2397 6.12599
2398 6.12001
2399 6.11404
2400 6.10807
2401 6.10212
2402 6.09617
2403 6.09023
2404 6.0843
2405 6.07837
2406 6.07246
2407 6.06655
2408 6.06065
2409 6.05476
2410 6.04887
2411 6.04299
2412 6.03712
2413 6.03126
2414 6.02541
2415 6.01956
2416 6.01372
2417 6.00789
2418 6.00207
2419 5.99625
2420 5.99045
2421 5.98465
2422 5.97885
2423 5.97307
2424 5.96729
2425 5.96152
2426 5.95576
2427 5.95001
2428 5.94426
2429 5.93852
2430 5.93279
2431 5.92706
2432 5.92135
2433 5.91564
2434 5.90993
2435 5.90424
2436 5.89855
2437 5.89287
2438 5.8872
2439 5.88154
2440 5.87588
2441 5.87023
2442 5.86459
2443 5.85895
2444 5.85332
2445 5.8477
2446 5.84209
2447 5.83648
2448 5.83088
2449 5.82529
2450 5.81971
2451 5.81413
2452 5.80856
2453 5.803
2454 5.79745
2455 5.7919
2456 5.78636
2457 5.78082
2458 5.7753
2459 5.76978
2460 5.76427
2461 5.75876
2462 5.75327
2463 5.74778
2464 5.74229
2465 5.73682
2466 5.73135
2467 5.72588
2468 5.72043
2469 5.71498
2470 5.70954
2471 5.70411
2472 5.69868
2473 5.69326
2474 5.68785
2475 5.68244
2476 5.67704
2477 5.67165
2478 5.66627
2479 5.66089
2480 5.65552
2481 5.65015
2482 5.6448
2483 5.63945
2484 5.6341
2485 5.62877
2486 5.62344
2487 5.61812
2488 5.6128
2489 5.60749
2490 5.60219
2491 5.59689
2492 5.5916
2493 5.58632
2494 5.58105
2495 5.57578
2496 5.57052
2497 5.56526
2498 5.56001
2499 5.55477
2500 5.54954
2501 5.54431
2502 5.53909
2503 5.53387
2504 5.52867
2505 5.52346
2506 5.51827
2507 5.51308
2508 5.5079
2509 5.50273
2510 5.49756
2511 5.4924
2512 5.48724
2513 5.48209
2514 5.47695
2515 5.47182
2516 5.46669
2517 5.46156
2518 5.45645
2519 5.45134
2520 5.44624
2521 5.44114
2522 5.43605
2523 5.43097
2524 5.42589
2525 5.42082
2526 5.41576
2527 5.4107
2528 5.40565
2529 5.4006
2530 5.39556
2531 5.39053
2532 5.38551
2533 5.38049
2534 5.37547
2535 5.37047
2536 5.36547
2537 5.36047
2538 5.35549
2539 5.3505
2540 5.34553
2541 5.34056
2542 5.3356
2543 5.33064
2544 5.32569
2545 5.32075
2546 5.31581
2547 5.31088
2548 5.30595
2549 5.30103
2550 5.29612
2551 5.29122
2552 5.28632
2553 5.28142
2554 5.27653
2555 5.27165
2556 5.26678
2557 5.26191
2558 5.25704
2559 5.25218
2560 5.24733
2561 5.24249
2562 5.23765
2563 5.23282
2564 5.22799
2565 5.22317
2566 5.21835
2567 5.21354
2568 5.20874
2569 5.20394
2570 5.19915
2571 5.19437
2572 5.18959
2573 5.18482
2574 5.18005
2575 5.17529
2576 5.17053
2577 5.16578
2578 5.16104
2579 5.1563
2580 5.15157
2581 5.14684
2582 5.14212
2583 5.13741
2584 5.1327
2585 5.128
2586 5.1233
2587 5.11861
2588 5.11393
2589 5.10925
2590 5.10458
2591 5.09991
2592 5.09525
2593 5.09059
2594 5.08594
2595 5.0813
2596 5.07666
2597 5.07203
2598 5.0674
2599 5.06278
2600 5.05816
2601 5.05355
2602 5.04895
2603 5.04435
2604 5.03976
2605 5.03517
2606 5.03059
2607 5.02601
2608 5.02144
2609 5.01688
2610 5.01232
2611 5.00777
2612 5.00322
2613 4.99868
2614 4.99414
2615 4.98961
2616 4.98509
2617 4.98057
2618 4.97605
2619 4.97154
2620 4.96704
2621 4.96254
2622 4.95805
2623 4.95356
2624 4.94908
2625 4.94461
2626 4.94014
2627 4.93567
2628 4.93121
2629 4.92676
2630 4.92231
2631 4.91787
2632 4.91343
2633 4.909
2634 4.90457
2635 4.90015
2636 4.89574
2637 4.89133
2638 4.88692
2639 4.88252
2640 4.87813
2641 4.87374
2642 4.86936
2643 4.86498
2644 4.86061
2645 4.85624
2646 4.85188
2647 4.84752
2648 4.84317
2649 4.83882
2650 4.83448
2651 4.83015
2652 4.82582
2653 4.82149
2654 4.81717
2655 4.81286
2656 4.80855
2657 4.80424
2658 4.79994
2659 4.79565
2660 4.79136
2661 4.78708
2662 4.7828
2663 4.77853
2664 4.77426
2665 4.77
2666 4.76574
2667 4.76149
2668 4.75724
2669 4.753
2670 4.74876
2671 4.74453
2672 4.7403
2673 4.73608
2674 4.73187
2675 4.72766
2676 4.72345
2677 4.71925
2678 4.71505
2679 4.71086
2680 4.70668
2681 4.70249
2682 4.69832
2683 4.69415
2684 4.68998
2685 4.68582
2686 4.68167
2687 4.67752
2688 4.67337
2689 4.66923
2690 4.66509
2691 4.66096
2692 4.65684
2693 4.65271
2694 4.6486
2695 4.64449
2696 4.64038
2697 4.63628
2698 4.63218
2699 4.62809
2700 4.62401
2701 4.61992
2702 4.61585
2703 4.61178
2704 4.60771
2705 4.60365
2706 4.59959
2707 4.59554
2708 4.59149
2709 4.58745
2710 4.58341
2711 4.57938
2712 4.57535
2713 4.57132
2714 4.5673
2715 4.56329
2716 4.55928
2717 4.55528
2718 4.55128
2719 4.54728
2720 4.54329
2721 4.53931
2722 4.53533
2723 4.53135
2724 4.52738
2725 4.52341
2726 4.51945
2727 4.51549
2728 4.51154
2729 4.50759
2730 4.50365
2731 4.49971
2732 4.49578
2733 4.49185
2734 4.48793
2735 4.48401
2736 4.48009
2737 4.47618
2738 4.47227
2739 4.46837
2740 4.46448
2741 4.46058
2742 4.4567
2743 4.45281
2744 4.44894
2745 4.44506
2746 4.44119
2747 4.43733
2748 4.43347
2749 4.42961
2750 4.42576
2751 4.42192
2752 4.41807
2753 4.41424
2754 4.4104
2755 4.40658
2756 4.40275
2757 4.39893
2758 4.39512
2759 4.39131
2760 4.3875
2761 4.3837
2762 4.3799
2763 4.37611
2764 4.37232
2765 4.36854
2766 4.36476
2767 4.36099
2768 4.35722
2769 4.35345
2770 4.34969
2771 4.34593
2772 4.34218
2773 4.33843
2774 4.33469
2775 4.33095
2776 4.32721
2777 4.32348
2778 4.31975
2779 4.31603
2780 4.31231
2781 4.3086
2782 4.30489
2783 4.30119
2784 4.29749
2785 4.29379
2786 4.2901
2787 4.28641
2788 4.28273
2789 4.27905
2790 4.27537
2791 4.2717
2792 4.26804
2793 4.26438
2794 4.26072
2795 4.25706
2796 4.25342
2797 4.24977
2798 4.24613
2799 4.24249
2800 4.23886
2801 4.23523
2802 4.23161
2803 4.22799
2804 4.22437
2805 4.22076
2806 4.21716
2807 4.21355
2808 4.20996
2809 4.20636
2810 4.20277
2811 4.19918
2812 4.1956
2813 4.19202
2814 4.18845
2815 4.18488
2816 4.18131
2817 4.17775
2818 4.1742
2819 4.17064
2820 4.16709
2821 4.16355
2822 4.16001
2823 4.15647
2824 4.15294
2825 4.14941
2826 4.14588
2827 4.14236
2828 4.13885
2829 4.13533
2830 4.13183
2831 4.12832
2832 4.12482
2833 4.12132
2834 4.11783
2835 4.11434
2836 4.11086
2837 4.10738
2838 4.1039
2839 4.10043
2840 4.09696
2841 4.0935
2842 4.09004
2843 4.08658
2844 4.08313
2845 4.07968
2846 4.07623
2847 4.07279
2848 4.06936
2849 4.06592
2850 4.06249
2851 4.05907
2852 4.05565
2853 4.05223
2854 4.04882
2855 4.04541
2856 4.042
2857 4.0386
2858 4.0352
2859 4.03181
2860 4.02842
2861 4.02503
2862 4.02165
2863 4.01827
2864 4.01489
2865 4.01152
2866 4.00816
2867 4.00479
2868 4.00143
2869 3.99808
2870 3.99473
2871 3.99138
2872 3.98803
2873 3.98469
2874 3.98136
2875 3.97802
2876 3.97469
2877 3.97137
2878 3.96805
2879 3.96473
2880 3.96142
2881 3.95811
2882 3.9548
2883 3.9515
2884 3.9482
2885 3.9449
2886 3.94161
2887 3.93832
2888 3.93504
2889 3.93176
2890 3.92848
2891 3.92521
2892 3.92194
2893 3.91867
2894 3.91541
2895 3.91215
2896 3.9089
2897 3.90565
2898 3.9024
2899 3.89916
2900 3.89592
2901 3.89268
2902 3.88945
2903 3.88622
2904 3.88299
2905 3.87977
2906 3.87655
2907 3.87334
2908 3.87012
2909 3.86692
2910 3.86371
2911 3.86051
2912 3.85732
2913 3.85412
2914 3.85093
2915 3.84775
2916 3.84457
2917 3.84139
2918 3.83821
2919 3.83504
2920 3.83187
2921 3.82871
2922 3.82555
2923 3.82239
2924 3.81923
2925 3.81608
2926 3.81294
2927 3.80979
2928 3.80665
2929 3.80352
2930 3.80038
2931 3.79725
2932 3.79413
2933 3.791
2934 3.78789
2935 3.78477
2936 3.78166
2937 3.77855
2938 3.77544
2939 3.77234
2940 3.76924
2941 3.76615
2942 3.76306
2943 3.75997
2944 3.75688
2945 3.7538
2946 3.75073
2947 3.74765
2948 3.74458
2949 3.74151
2950 3.73845
2951 3.73539
2952 3.73233
2953 3.72928
2954 3.72623
2955 3.72318
2956 3.72013
2957 3.71709
2958 3.71406
2959 3.71102
2960 3.70799
2961 3.70497
2962 3.70194
2963 3.69892
2964 3.6959
2965 3.69289
2966 3.68988
2967 3.68687
2968 3.68387
2969 3.68087
2970 3.67787
2971 3.67488
2972 3.67189
2973 3.6689
2974 3.66592
2975 3.66293
2976 3.65996
2977 3.65698
2978 3.65401
2979 3.65104
2980 3.64808
2981 3.64512
2982 3.64216
2983 3.63921
2984 3.63626
2985 3.63331
2986 3.63036
2987 3.62742
2988 3.62448
2989 3.62155
2990 3.61861
2991 3.61569
2992 3.61276
2993 3.60984
2994 3.60692
2995 3.604
2996 3.60109
2997 3.59818
2998 3.59527
2999 3.59237
3000 3.58947
3001 3.58657
3002 3.58368
3003 3.58079
3004 3.5779
3005 3.57502
3006 3.57214
3007 3.56926
3008 3.56638
3009 3.56351
3010 3.56064
3011 3.55778
3012 3.55491
3013 3.55205
3014 3.5492
3015 3.54634
3016 3.5435
3017 3.54065
3018 3.5378
3019 3.53496
3020 3.53213
3021 3.52929
3022 3.52646
3023 3.52363
3024 3.52081
3025 3.51798
3026 3.51516
3027 3.51235
3028 3.50954
3029 3.50672
3030 3.50392
3031 3.50111
3032 3.49831
3033 3.49551
3034 3.49272
3035 3.48993
3036 3.48714
3037 3.48435
3038 3.48157
3039 3.47879
3040 3.47601
3041 3.47324
3042 3.47047
3043 3.4677
3044 3.46494
3045 3.46217
3046 3.45941
3047 3.45666
3048 3.45391
3049 3.45116
3050 3.44841
3051 3.44566
3052 3.44292
3053 3.44019
3054 3.43745
3055 3.43472
3056 3.43199
3057 3.42926
3058 3.42654
3059 3.42382
3060 3.4211
3061 3.41838
3062 3.41567
3063 3.41296
3064 3.41026
3065 3.40755
3066 3.40485
3067 3.40216
3068 3.39946
3069 3.39677
3070 3.39408
3071 3.3914
3072 3.38871
3073 3.38603
3074 3.38336
3075 3.38068
3076 3.37801
3077 3.37534
3078 3.37268
3079 3.37001
3080 3.36735
3081 3.36469
3082 3.36204
3083 3.35939
3084 3.35674
3085 3.35409
3086 3.35145
3087 3.34881
3088 3.34617
3089 3.34354
3090 3.34091
3091 3.33828
3092 3.33565
3093 3.33303
3094 3.33041
3095 3.32779
3096 3.32517
3097 3.32256
3098 3.31995
3099 3.31734
3100 3.31474
3101 3.31214
3102 3.30954
3103 3.30694
3104 3.30435
3105 3.30176
3106 3.29917
3107 3.29659
3108 3.29401
3109 3.29143
3110 3.28885
3111 3.28627
3112 3.2837
3113 3.28114
3114 3.27857
3115 3.27601
3116 3.27345
3117 3.27089
3118 3.26833
3119 3.26578
3120 3.26323
3121 3.26068
3122 3.25814
3123 3.2556
3124 3.25306
3125 3.25052
3126 3.24799
3127 3.24546
3128 3.24293
3129 3.24041
3130 3.23788
3131 3.23536
3132 3.23284
3133 3.23033
3134 3.22782
3135 3.22531
3136 3.2228
3137 3.2203
3138 3.21779
3139 3.2153
3140 3.2128
3141 3.2103
3142 3.20781
3143 3.20533
3144 3.20284
3145 3.20036
3146 3.19787
3147 3.1954
3148 3.19292
3149 3.19045
3150 3.18798
3151 3.18551
3152 3.18304
3153 3.18058
3154 3.17812
3155 3.17566
3156 3.17321
3157 3.17076
3158 3.16831
3159 3.16586
3160 3.16341
3161 3.16097
3162 3.15853
3163 3.15609
3164 3.15366
3165 3.15123
3166 3.1488
3167 3.14637
3168 3.14395
3169 3.14153
3170 3.13911
3171 3.13669
3172 3.13427
3173 3.13186
3174 3.12945
3175 3.12705
3176 3.12464
3177 3.12224
3178 3.11984
3179 3.11744
3180 3.11505
3181 3.11266
3182 3.11027
3183 3.10788
3184 3.1055
3185 3.10311
3186 3.10073
3187 3.09836
3188 3.09598
3189 3.09361
3190 3.09124
3191 3.08887
3192 3.08651
3193 3.08415
3194 3.08179
3195 3.07943
3196 3.07707
3197 3.07472
3198 3.07237
3199 3.07002
3200 3.06768
3201 3.06533
3202 3.06299
3203 3.06066
3204 3.05832
3205 3.05599
3206 3.05366
3207 3.05133
3208 3.049
3209 3.04668
3210 3.04436
3211 3.04204
3212 3.03972
3213 3.03741
3214 3.03509
3215 3.03278
3216 3.03048
3217 3.02817
3218 3.02587
3219 3.02357
3220 3.02127
3221 3.01898
3222 3.01669
3223 3.01439
3224 3.01211
3225 3.00982
3226 3.00754
3227 3.00526
3228 3.00298
3229 3.0007
3230 2.99843
3231 2.99615
3232 2.99389
3233 2.99162
3234 2.98935
3235 2.98709
3236 2.98483
3237 2.98257
3238 2.98032
3239 2.97806
3240 2.97581
3241 2.97356
3242 2.97132
3243 2.96907
3244 2.96683
3245 2.96459
3246 2.96235
3247 2.96012
3248 2.95789
3249 2.95566
3250 2.95343
3251 2.9512
3252 2.94898
3253 2.94676
3254 2.94454
3255 2.94232
3256 2.94011
3257 2.93789
3258 2.93568
3259 2.93348
3260 2.93127
3261 2.92907
3262 2.92687
3263 2.92467
3264 2.92247
3265 2.92028
3266 2.91808
3267 2.91589
3268 2.91371
3269 2.91152
3270 2.90934
3271 2.90716
3272 2.90498
3273 2.9028
3274 2.90062
3275 2.89845
3276 2.89628
3277 2.89411
3278 2.89195
3279 2.88978
3280 2.88762
3281 2.88546
3282 2.88331
3283 2.88115
3284 2.879
3285 2.87685
3286 2.8747
3287 2.87255
3288 2.87041
3289 2.86827
3290 2.86613
3291 2.86399
3292 2.86186
3293 2.85972
3294 2.85759
3295 2.85546
3296 2.85334
3297 2.85121
3298 2.84909
3299 2.84697
3300 2.84485
3301 2.84273
3302 2.84062
3303 2.83851
3304 2.8364
3305 2.83429
3306 2.83218
3307 2.83008
3308 2.82798
3309 2.82588
3310 2.82378
3311 2.82169
3312 2.81959
3313 2.8175
3314 2.81541
3315 2.81333
3316 2.81124
3317 2.80916
3318 2.80708
3319 2.805
3320 2.80293
3321 2.80085
3322 2.79878
3323 2.79671
3324 2.79464
3325 2.79258
3326 2.79051
3327 2.78845
3328 2.78639
3329 2.78433
3330 2.78228
3331 2.78022
3332 2.77817
3333 2.77612
3334 2.77407
3335 2.77203
3336 2.76999
3337 2.76794
3338 2.7659
3339 2.76387
3340 2.76183
3341 2.7598
3342 2.75777
3343 2.75574
3344 2.75371
3345 2.75169
3346 2.74966
3347 2.74764
3348 2.74562
3349 2.7436
3350 2.74159
3351 2.73958
3352 2.73757
3353 2.73556
3354 2.73355
3355 2.73154
3356 2.72954
3357 2.72754
3358 2.72554
3359 2.72354
3360 2.72155
3361 2.71955
3362 2.71756
3363 2.71557
3364 2.71359
3365 2.7116
3366 2.70962
3367 2.70763
3368 2.70565
3369 2.70368
3370 2.7017
3371 2.69973
3372 2.69776
3373 2.69579
3374 2.69382
3375 2.63665
3376 2.5377
3377 2.53585
3378 2.534
3379 2.53215
3380 2.53031
3381 2.52846
3382 2.52662
3383 2.52478
3384 2.52294
3385 2.52111
3386 2.51927
3387 2.51744
3388 2.51561
3389 2.51378
3390 2.51195
3391 2.51013
3392 2.5083
3393 2.50648
3394 2.50466
3395 2.50284
3396 2.50102
3397 2.49921
3398 2.49739
3399 2.49558
3400 2.49377
3401 2.49196
3402 2.49016
3403 2.48835
3404 2.48655
3405 2.48475
3406 2.48295
3407 2.48115
3408 2.47936
3409 2.47756
3410 2.47577
3411 2.47398
3412 2.47219
3413 2.47041
3414 2.46862
3415 2.46684
3416 2.46505
3417 2.46327
3418 2.4615
3419 2.45972
3420 2.45795
3421 2.45617
3422 2.4544
3423 2.45263
3424 2.45086
3425 2.4491
3426 2.44733
3427 2.44557
3428 2.44381
3429 2.44205
3430 2.44029
3431 2.43854
3432 2.43678
3433 2.43503
3434 2.43328
3435 2.43153
3436 2.42978
3437 2.42804
3438 2.42629
3439 2.42455
3440 2.42281
3441 2.42107
3442 2.41933
3443 2.4176
3444 2.41586
3445 2.41413
3446 2.4124
3447 2.41067
3448 2.40894
3449 2.40722
3450 2.40549
3451 2.40377
3452 2.40205
3453 2.40033
3454 2.39861
3455 2.3969
3456 2.39518
3457 2.39347
3458 2.39176
3459 2.39005
3460 2.38835
3461 2.38664
3462 2.38494
3463 2.38323
3464 2.38153
3465 2.37983
3466 2.37814
3467 2.37644
3468 2.37475
3469 2.37305
3470 2.37136
3471 2.36967
3472 2.36798
3473 2.3663
3474 2.36461
3475 2.36293
3476 2.36125
3477 2.35957
3478 2.35789
3479 2.35622
3480 2.35454
3481 2.35287
3482 2.3512
3483 2.34953
3484 2.34786
3485 2.34619
3486 2.34452
3487 2.34286
3488 2.3412
3489 2.33954
3490 2.33788
3491 2.33622
3492 2.33457
3493 2.33291
3494 2.33126
3495 2.32961
3496 2.32796
3497 2.32631
3498 2.32467
3499 2.32302
3500 2.32138
3501 2.31974
3502 2.3181
3503 2.31646
3504 2.31482
3505 2.31319
3506 2.31155
3507 2.30992
3508 2.30829
3509 2.30666
3510 2.30503
3511 2.30341
3512 2.30178
3513 2.30016
3514 2.29854
3515 2.29692
3516 2.2953
3517 2.29368
3518 2.29207
3519 2.29045
3520 2.28884
3521 2.28723
3522 2.28562
3523 2.28401
3524 2.28241
3525 2.2808
3526 2.2792
3527 2.2776
3528 2.276
3529 2.2744
3530 2.2728
3531 2.27121
3532 2.26961
3533 2.26802
3534 2.26643
3535 2.26484
3536 2.26325
3537 2.26167
3538 2.26008
3539 2.2585
3540 2.25692
3541 2.25534
3542 2.25376
3543 2.25218
3544 2.2506
3545 2.24903
3546 2.24746
3547 2.24588
3548 2.24431
3549 2.24275
3550 2.24118
3551 2.23961
3552 2.23805
3553 2.23649
3554 2.23493
3555 2.23337
3556 2.23181
3557 2.23025
3558 2.2287
3559 2.22714
3560 2.22559
3561 2.22404
3562 2.22249
3563 2.22094
3564 2.21939
3565 2.21785
3566 2.21631
3567 2.21476
3568 2.21322
3569 2.21168
3570 2.21015
3571 2.20861
3572 2.20707
3573 2.20554
3574 2.20401
3575 2.20248
3576 2.20095
3577 2.19942
3578 2.19789
3579 2.19637
3580 2.19485
3581 2.19332
3582 2.1918
3583 2.19028
3584 2.18877
3585 2.18725
3586 2.18573
3587 2.18422
3588 2.18271
3589 2.1812
3590 2.17969
3591 2.17818
3592 2.17667
3593 2.17517
3594 2.17366
3595 2.17216
3596 2.17066
3597 2.16916
3598 2.16766
3599 2.16617
3600 2.16467
3601 2.16318
3602 2.16168
3603 2.16019
3604 2.1587
3605 2.15722
3606 2.15573
3607 2.15424
3608 2.15276
3609 2.15128
3610 2.14979
3611 2.14831
3612 2.14683
3613 2.14536
3614 2.14388
3615 2.14241
3616 2.14093
3617 2.13946
3618 2.13799
3619 2.13652
3620 2.13505
3621 2.13359
3622 2.13212
3623 2.13066
3624 2.1292
3625 2.12773
3626 2.12627
3627 2.12482
3628 2.12336
3629 2.1219
3630 2.12045
3631 2.119
3632 2.11754
3633 2.11609
3634 2.11465
3635 2.1132
3636 2.11175
3637 2.11031
3638 2.10886
3639 2.10742
3640 2.10598
3641 2.10454
3642 2.1031
3643 2.10166
3644 2.10023
3645 2.09879
3646 2.09736
3647 2.09593
3648 2.0945
3649 2.09307
3650 2.09164
3651 2.09022
3652 2.08879
3653 2.08737
3654 2.08594
3655 2.08452
3656 2.0831
3657 2.08168
3658 2.08027
3659 2.07885
3660 2.07744
3661 2.07602
3662 2.07461
3663 2.0732
3664 2.07179
3665 2.07038
3666 2.06897
3667 2.06757
3668 2.06616
3669 2.06476
3670 2.06336
3671 2.06196
3672 2.06056
3673 2.05916
3674 2.05776
3675 2.05637
3676 2.05498
3677 2.05358
3678 2.05219
3679 2.0508
3680 2.04941
3681 2.04802
3682 2.04664
3683 2.04525
3684 2.04387
3685 2.04248
3686 2.0411
3687 2.03972
3688 2.03834
3689 2.03697
3690 2.03559
3691 2.03421
3692 2.03284
3693 2.03147
3694 2.0301
3695 2.02873
3696 2.02736
3697 2.02599
3698 2.02462
3699 2.02326
3700 2.02189
3701 2.02053
3702 2.01917
3703 2.01781
3704 2.01645
3705 2.01509
3706 2.01374
3707 2.01238
3708 2.01103
3709 2.00967
3710 2.00832
3711 2.00697
3712 2.00562
3713 2.00427
3714 2.00293
3715 2.00158
3716 2.00024
3717 1.99889
3718 1.99755
3719 1.99621
3720 1.99487
3721 1.99353
3722 1.9922
3723 1.99086
3724 1.98952
3725 1.98819
3726 1.98686
3727 1.98553
3728 1.9842
3729 1.98287
3730 1.98154
3731 1.98022
3732 1.97889
3733 1.97757
3734 1.97624
3735 1.97492
3736 1.9736
3737 1.97228
3738 1.97097
3739 1.96965
3740 1.96833
3741 1.96702
3742 1.96571
3743 1.96439
3744 1.96308
3745 1.96177
3746 1.96046
3747 1.95916
3748 1.95785
3749 1.95655
3750 1.95524
3751 1.95394
3752 1.95264
3753 1.95134
3754 1.95004
3755 1.94874
3756 1.94744
3757 1.94615
3758 1.94485
3759 1.94356
3760 1.94227
3761 1.94098
3762 1.93969
3763 1.9384
3764 1.93711
3765 1.93582
3766 1.93454
3767 1.93325
3768 1.93197
3769 1.93069
3770 1.92941
3771 1.92813
3772 1.92685
3773 1.92557
3774 1.9243
3775 1.92302
3776 1.92175
3777 1.92048
3778 1.91921
3779 1.91793
3780 1.91667
3781 1.9154
3782 1.91413
3783 1.91286
3784 1.9116
3785 1.91034
3786 1.90907
3787 1.90781
3788 1.90655
3789 1.90529
3790 1.90403
3791 1.90278
3792 1.90152
3793 1.90027
3794 1.89901
3795 1.89776
3796 1.89651
3797 1.89526
3798 1.89401
3799 1.89276
3800 1.89152
3801 1.89027
3802 1.88903
3803 1.88778
3804 1.88654
3805 1.8853
3806 1.88406
3807 1.88282
3808 1.88158
3809 1.88034
3810 1.87911
3811 1.87787
3812 1.87664
3813 1.87541
3814 1.87417
3815 1.87294
3816 1.87171
3817 1.87049
3818 1.86926
3819 1.86803
3820 1.86681
3821 1.86558
3822 1.86436
3823 1.86314
3824 1.86192
3825 1.8607
3826 1.85948
3827 1.85826
3828 1.85705
3829 1.85583
3830 1.85462
3831 1.8534
3832 1.85219
3833 1.85098
3834 1.84977
3835 1.84856
3836 1.84735
3837 1.84615
3838 1.84494
3839 1.84374
3840 1.84253
3841 1.84133
3842 1.84013
3843 1.83893
3844 1.83773
3845 1.83653
3846 1.83533
3847 1.83414
3848 1.83294
3849 1.83175
3850 1.83055
3851 1.82936
3852 1.82817
3853 1.82698
3854 1.82579
3855 1.82461
3856 1.82342
3857 1.82223
3858 1.82105
3859 1.81986
3860 1.81868
3861 1.8175
3862 1.81632
3863 1.81514
3864 1.81396
3865 1.81278
3866 1.81161
3867 1.81043
3868 1.80926
3869 1.80808
3870 1.80691
3871 1.80574
3872 1.80457
3873 1.8034
3874 1.80223
3875 1.80106
3876 1.7999
3877 1.79873
3878 1.79757
3879 1.79641
3880 1.79524
3881 1.79408
3882 1.79292
3883 1.79176
3884 1.7906
3885 1.78945
3886 1.78829
3887 1.78714
3888 1.78598
3889 1.78483
3890 1.78368
3891 1.78253
3892 1.78138
3893 1.78023
3894 1.77908
3895 1.77793
3896 1.77678
3897 1.77564
3898 1.7745
3899 1.77335
3900 1.77221
3901 1.77107
3902 1.76993
3903 1.76879
3904 1.76765
3905 1.76651
3906 1.76538
3907 1.76424
3908 1.76311
3909 1.76197
3910 1.76084
3911 1.75971
3912 1.75858
3913 1.75745
3914 1.75632
3915 1.7552
3916 1.75407
3917 1.75294
3918 1.75182
3919 1.75069
3920 1.74957
3921 1.74845
3922 1.74733
3923 1.74621
3924 1.74509
3925 1.74397
3926 1.74286
3927 1.74174
3928 1.74063
3929 1.73951
3930 1.7384
3931 1.73729
3932 1.73618
3933 1.73507
3934 1.73396
3935 1.73285
3936 1.73174
3937 1.73064
3938 1.72953
3939 1.72843
3940 1.72732
3941 1.72622
3942 1.72512
3943 1.72402
3944 1.72292
3945 1.72182
3946 1.72072
3947 1.71962
3948 1.71853
3949 1.71743
3950 1.71634
3951 1.71525
3952 1.71415
3953 1.71306
3954 1.71197
3955 1.71088
3956 1.7098
3957 1.70871
3958 1.70762
3959 1.70654
3960 1.70545
3961 1.70437
3962 1.70328
3963 1.7022
3964 1.70112
3965 1.70004
3966 1.69896
3967 1.69788
3968 1.69681
3969 1.69573
3970 1.69466
3971 1.69358
3972 1.69251
3973 1.69143
3974 1.69036
3975 1.68929
3976 1.68822
3977 1.68715
3978 1.68609
3979 1.68502
3980 1.68395
3981 1.68289
3982 1.68182
3983 1.68076
3984 1.6797
3985 1.67863
3986 1.67757
3987 1.67651
3988 1.67545
3989 1.6744
3990 1.67334
3991 1.67228
3992 1.67123
3993 1.67017
3994 1.66912
3995 1.66807
3996 1.66701
3997 1.66596
3998 1.66491
3999 1.66386
4000 1.66281
4001 1.66177
4002 1.66072
4003 1.65968
4004 1.65863
4005 1.65759
4006 1.65654
4007 1.6555
4008 1.65446
4009 1.65342
4010 1.65238
4011 1.65134
4012 1.6503
4013 1.64927
4014 1.64823
4015 1.6472
4016 1.64616
4017 1.64513
4018 1.6441
4019 1.64306
4020 1.64203
4021 1.641
4022 1.63997
4023 1.63895
4024 1.63792
4025 1.63689
4026 1.63587
4027 1.63484
4028 1.63382
4029 1.6328
4030 1.63177
4031 1.63075
4032 1.62973
4033 1.62871
4034 1.62769
4035 1.62668
4036 1.62566
4037 1.62464
4038 1.62363
4039 1.62261
4040 1.6216
4041 1.62059
4042 1.61958
4043 1.61856
4044 1.61755
4045 1.61655
4046 1.61554
4047 1.61453
4048 1.61352
4049 1.61252
4050 1.61151
4051 1.61051
4052 1.6095
4053 1.6085
4054 1.6075
4055 1.6065
4056 1.6055
4057 1.6045
4058 1.6035
4059 1.6025
4060 1.60151
4061 1.60051
4062 1.59952
4063 1.59852
4064 1.59753
4065 1.59654
4066 1.59554
4067 1.59455
4068 1.59356
4069 1.59257
4070 1.59159
4071 1.5906
4072 1.58961
4073 1.58863
4074 1.58764
4075 1.58666
4076 1.58567
4077 1.58469
4078 1.58371
4079 1.58273
4080 1.58175
4081 1.58077
4082 1.57979
4083 1.57881
4084 1.57784
4085 1.57686
4086 1.57588
4087 1.57491
4088 1.57394
4089 1.57296
4090 1.57199
4091 1.57102
4092 1.57005
4093 1.56908
4094 1.56811
4095 1.56714
