0 0
1 0
2 0
3 0
4 0
5 0
6 0
7 0
8 0
9 0
10 0
11 0
12 0
13 0
14 0
15 0
16 0
17 0
18 0
19 0
20 0
21 0
22 0
23 0
24 0
25 0
26 0
27 0
28 0
29 0
30 0
31 0
32 0
33 0
34 0
35 193.419
36 93.6647
37 577.237
38 38.9098
39 287.823
40 1.67342
41 895.641
42 572.973
43 299.5
44 1005.09
45 1141.94
46 892.308
47 732.351
48 511.2
49 1157.73
50 1774.71
51 2608.19
52 2528.09
53 2452.61
54 2378.71
55 1861.83
56 1302.15
57 2866.12
58 3306.46
59 2767.24
60 2727.88
61 3371.08
62 3321.38
63 3614.3
64 3526.53
65 2947.4
66 2875.95
67 3197.32
68 3221.91
69 2781.48
70 2323.13
71 2263.1
72 1938.36
73 1896.94
74 2681.37
75 3640.17
76 3565.35
77 3522.34
78 3463.59
79 3395.01
80 3545.31
81 3526.09
82 3458.75
83 3109.33
84 2952.69
85 2898.21
86 3152.98
87 3429.82
88 3368.62
89 3299.06
90 1821.03
91 1789.57
92 1758.97
93 2093.47
94 2860.14
95 2812.72
96 2766.55
97 3025.41
98 3496.01
99 3440.29
100 3385.99
101 3168.63
102 2218.62
103 2184.58
104 2151.37
105 2118.95
106 2351.67
107 2463.01
108 2426.89
109 2391.61
110 2357.14
111 2195
112 2132.81
113 2102.85
114 2073.56
115 2044.92
116 1880.59
117 1766.4
118 1742.59
119 1719.29
120 1696.48
121 1674.18
122 1659.15
123 1637.65
124 1616.59
125 1595.96
126 1575.74
127 1555.93
128 1449.8
129 1428.17
130 1410.61
131 1393.38
132 1376.49
133 1359.92
134 1454.2
135 1590.19
136 1571.45
137 1553.06
138 1535
139 1517.28
140 1499.88
141 1358.67
142 1081.07
143 1068.91
144 1056.98
145 1045.25
146 1033.72
147 1022.4
148 1011.27
149 1206.63
150 1331.95
151 1317.73
152 1303.74
153 1289.98
154 1276.45
155 1263.15
156 1250.06
157 1184.37
158 913.27
159 903.975
160 894.828
161 885.826
162 876.967
163 868.246
164 859.661
165 851.209
166 842.887
167 907.283
168 903.236
169 894.552
170 885.998
171 877.572
172 869.272
173 861.094
174 853.036
175 845.096
176 837.272
177 890.344
178 897.874
179 889.691
180 881.624
181 873.671
182 865.83
183 858.099
184 850.475
185 842.957
186 835.542
187 828.229
188 850.485
189 862.672
190 855.232
191 847.892
192 840.649
193 833.504
194 826.452
195 819.494
196 812.626
197 805.848
198 799.158
199 792.554
200 835.982
201 1036.32
202 1027.87
203 1019.53
204 1011.3
205 1003.17
206 995.136
207 987.206
208 979.374
209 971.638
210 963.997
211 956.449
212 948.992
213 941.626
214 808.858
215 595.72
216 591.154
217 586.643
218 582.185
219 577.78
220 573.426
221 569.123
222 564.87
223 560.665
224 556.51
225 552.401
226 548.34
227 544.325
228 540.355
229 536.429
230 359.166
231 338.537
232 336.106
233 333.703
234 331.326
235 328.976
236 326.651
237 324.351
238 322.076
239 319.826
240 317.6
241 315.398
242 313.22
243 311.064
244 308.932
245 306.821
246 304.733
247 358.804
248 417.726
249 414.914
250 412.132
251 409.378
252 406.652
253 403.954
254 401.284
255 398.641
256 396.025
257 393.434
258 390.87
259 388.332
260 385.819
261 383.33
262 380.866
263 378.427
264 376.011
265 373.62
266 371.251
267 394.554
268 402.557
269 400.031
270 397.529
271 395.051
272 392.596
273 390.165
274 387.757
275 385.371
276 383.008
277 380.667
278 378.348
279 376.051
280 373.775
281 371.52
282 369.285
283 367.071
284 364.878
285 362.704
286 360.55
287 358.416
288 356.3
289 354.897
290 358.251
291 356.156
292 354.081
293 352.023
294 349.984
295 347.962
296 345.959
297 343.973
298 342.004
299 340.053
300 338.118
301 336.2
302 334.299
303 332.414
304 330.545
305 328.693
306 326.855
307 325.034
308 323.228
309 321.437
310 319.661
311 317.9
312 316.154
313 314.423
314 312.705
315 310.832
316 305.997
317 304.34
318 302.696
319 301.066
320 299.449
321 297.846
322 296.255
323 294.678
324 293.113
325 291.56
326 290.02
327 288.493
328 286.977
329 285.474
330 283.982
331 282.502
332 281.034
333 279.578
334 278.133
335 276.699
336 275.276
337 273.864
338 272.464
339 271.074
340 269.694
341 268.326
342 266.968
343 265.62
344 264.283
345 262.955
346 265.546
347 266.068
348 264.742
349 263.426
350 262.12
351 260.823
352 259.536
353 258.259
354 256.991
355 255.733
356 254.484
357 253.244
358 252.013
359 250.791
360 249.578
361 248.374
362 247.178
363 245.992
364 244.813
365 243.644
366 242.482
367 241.329
368 240.185
369 239.048
370 237.919
371 236.799
372 235.686
373 234.582
374 233.485
375 232.395
376 231.314
377 230.239
378 229.173
379 228.114
380 227.062
381 226.017
382 193.862
383 187.2
384 186.345
385 185.496
386 184.652
387 183.814
388 182.982
389 182.155
390 181.334
391 180.519
392 179.709
393 178.904
394 178.105
395 177.311
396 176.523
397 175.74
398 174.962
399 174.189
400 173.421
401 172.658
402 171.9
403 171.148
404 170.4
405 169.657
406 168.919
407 168.185
408 167.457
409 166.733
410 166.014
411 165.299
412 164.589
413 163.884
414 163.183
415 162.486
416 161.794
417 161.106
418 160.423
419 159.744
420 159.069
421 158.399
422 157.733
423 157.071
424 156.413
425 235.189
426 239.641
427 238.643
428 237.652
429 236.667
430 235.687
431 234.714
432 233.747
433 232.786
434 231.83
435 230.881
436 229.937
437 228.999
438 228.066
439 227.139
440 226.218
441 225.303
442 224.393
443 223.488
444 222.589
445 221.695
446 220.806
447 219.923
448 219.045
449 218.172
450 217.304
451 216.442
452 215.584
453 214.732
454 213.884
455 213.042
456 212.204
457 211.372
458 210.544
459 209.721
460 208.903
461 208.089
462 207.28
463 206.476
464 205.676
465 204.881
466 204.091
467 203.305
468 202.523
469 201.746
470 200.974
471 200.206
472 199.442
473 198.682
474 197.927
475 197.176
476 196.429
477 162.338
478 141.828
479 141.294
480 140.762
481 140.234
482 139.708
483 139.186
484 138.666
485 138.149
486 137.635
487 137.124
488 136.616
489 136.111
490 135.608
491 135.108
492 134.61
493 134.116
494 133.624
495 133.134
496 132.648
497 132.164
498 131.682
499 131.204
500 130.727
501 130.254
502 129.782
503 129.314
504 128.847
505 128.384
506 127.922
507 127.464
508 127.007
509 126.553
510 126.102
511 125.652
512 125.205
513 124.761
514 124.319
515 123.879
516 123.441
517 123.006
518 122.573
519 122.142
520 121.713
521 121.287
522 120.862
523 120.44
524 120.021
525 119.603
526 119.187
527 118.774
528 118.362
529 117.953
530 117.546
531 117.141
532 116.738
533 116.336
534 115.937
535 115.54
536 115.145
537 114.752
538 114.361
539 113.972
540 113.585
541 113.2
542 109.659
543 104.46
544 104.107
545 103.756
546 103.407
547 103.06
548 102.714
549 102.37
550 102.028
551 101.687
552 101.348
553 101.011
554 100.675
555 100.341
556 100.008
557 99.6774
558 99.3482
559 99.0205
560 98.6945
561 98.3699
562 98.047
563 97.7256
564 97.4057
565 97.0874
566 96.7706
567 96.4553
568 96.1415
569 95.8292
570 95.5184
571 95.209
572 94.9011
573 94.5947
574 94.2897
575 93.9861
576 93.684
577 93.3833
578 93.084
579 92.7861
580 92.4896
581 92.1944
582 91.9007
583 91.6083
584 91.3173
585 91.0276
586 90.7392
587 90.4522
588 90.1665
589 89.8821
590 89.5991
591 89.3173
592 89.0368
593 88.7576
594 88.4797
595 88.203
596 87.9276
597 87.6535
598 87.3806
599 87.1089
600 86.8385
601 86.5693
602 86.3013
603 86.0345
604 85.7689
605 85.5045
606 85.2413
607 84.9793
608 84.7184
609 84.4587
610 84.2002
611 83.9428
612 83.6865
613 83.4314
614 83.1775
615 82.9246
616 82.6729
617 82.4222
618 82.1727
619 81.9243
620 81.677
621 81.4307
622 81.1855
623 80.9414
624 80.6984
625 80.4564
626 84.2107
627 86.2061
628 85.9486
629 85.6923
630 85.4371
631 85.183
632 84.93
633 84.6781
634 84.4272
635 84.1775
636 83.9288
637 83.6812
638 83.4346
639 83.1891
640 82.9446
641 82.7012
642 82.4588
643 82.2174
644 81.9771
645 81.7378
646 81.4995
647 81.2622
648 81.0259
649 80.7906
650 80.5563
651 80.3229
652 80.0906
653 79.8592
654 79.6288
655 79.3993
656 79.1709
657 78.9433
658 78.7167
659 78.4911
660 78.2663
661 78.0426
662 77.8197
663 77.5978
664 77.3767
665 77.1566
666 76.9374
667 76.7191
668 76.5017
669 76.2852
670 76.0695
671 75.8548
672 75.6409
673 75.4279
674 75.2158
675 75.0045
676 74.794
677 74.5845
678 74.3758
679 74.1679
680 73.9608
681 73.7546
682 73.5493
683 73.3447
684 73.141
685 72.9381
686 72.736
687 72.5347
688 72.3342
689 72.1345
690 71.9356
691 71.7375
692 71.5402
693 71.3437
694 71.1479
695 70.9529
696 70.7587
697 70.5653
698 70.3726
699 70.1807
700 69.9895
701 69.7991
702 69.6094
703 69.4205
704 69.2323
705 69.0449
706 68.8581
707 68.6721
708 68.4869
709 68.3023
710 68.1185
711 67.9353
712 67.7529
713 67.5712
714 67.3902
715 67.2099
716 67.0303
717 66.8514
718 66.6731
719 66.4956
720 66.3187
721 66.1425
722 65.967
723 65.7921
724 65.6179
725 65.4444
726 65.2716
727 65.0993
728 64.9278
729 64.7569
730 64.5866
731 64.417
732 64.248
733 64.0797
734 63.912
735 63.7449
736 63.5785
737 63.4127
738 69.5441
739 71.1122
740 70.9274
741 70.7433
742 70.5598
743 70.377
744 70.1949
745 70.0135
746 69.8327
747 69.6527
748 69.4733
749 69.2945
750 69.1164
751 68.939
752 68.7622
753 68.5861
754 68.4106
755 68.2358
756 68.0616
757 67.888
758 67.7151
759 67.5428
760 67.3711
761 67.2001
762 67.0297
763 66.8599
764 66.6907
765 66.5221
766 66.3542
767 66.1868
768 66.0201
769 65.854
770 65.6884
771 65.5235
772 65.3591
773 65.1954
774 65.0322
775 64.8696
776 64.7076
777 64.5462
778 64.3853
779 64.225
780 64.0653
781 63.9062
782 63.7476
783 63.5896
784 63.4322
785 63.2753
786 63.1189
787 62.9632
788 62.8079
789 62.6532
790 62.4991
791 62.3455
792 62.1924
793 62.0399
794 61.8879
795 61.7365
796 61.5856
797 61.4352
798 61.2853
799 61.1359
800 60.9871
801 60.8388
802 60.691
803 60.5437
804 60.397
805 60.2507
806 60.1049
807 59.9597
808 59.8149
809 59.6707
810 59.5269
811 59.3837
812 59.2409
813 59.0986
814 58.9568
815 58.8155
816 58.6747
817 58.5344
818 58.3945
819 58.2551
820 58.1162
821 57.9778
822 57.8398
823 57.7023
824 57.5653
825 57.4287
826 57.2926
827 57.1569
828 57.0218
829 56.887
830 56.7528
831 56.6189
832 56.4855
833 56.3526
834 56.2201
835 56.0881
836 55.9565
837 55.8254
838 55.6946
839 55.5644
840 55.4345
841 55.3051
842 55.1761
843 55.0476
844 54.9194
845 54.7917
846 54.6644
847 54.5376
848 54.4111
849 54.2851
850 54.1595
851 54.0343
852 53.9095
853 53.7852
854 53.6612
855 53.5376
856 53.4145
857 53.2917
858 53.1694
859 53.0475
860 52.9259
861 52.8048
862 52.684
863 52.5636
864 52.4437
865 52.3241
866 52.2049
867 52.0861
868 51.9676
869 51.8496
870 51.7319
871 51.6147
872 51.4977
873 51.3812
874 51.2651
875 51.1493
876 51.0339
877 50.9188
878 50.8042
879 50.6899
880 50.5759
881 50.4624
882 50.3492
883 50.2363
884 50.1238
885 50.0117
886 49.8999
887 49.7885
888 49.6774
889 49.5667
890 49.4563
891 49.3463
892 49.2366
893 49.1273
894 49.0183
895 48.9097
896 60.8528
897 64.1115
898 63.9698
899 63.8286
900 63.6878
901 63.5474
902 63.4075
903 63.268
904 63.129
905 62.9904
906 62.8522
907 62.7144
908 62.5771
909 62.4402
910 62.3037
911 62.1677
912 62.0321
913 61.8968
914 61.762
915 61.6277
916 61.4937
917 61.3602
918 61.227
919 61.0943
920 60.962
921 60.8301
922 60.6985
923 60.5674
924 60.4367
925 60.3064
926 60.1765
927 60.047
928 59.9179
929 59.7892
930 59.6608
931 59.5329
932 59.4053
933 59.2782
934 59.1514
935 59.025
936 58.899
937 58.7733
938 58.6481
939 58.5232
940 58.3987
941 58.2746
942 58.1508
943 58.0275
944 57.9044
945 57.7818
946 57.6595
947 57.5376
948 57.4161
949 57.2949
950 57.1741
951 57.0536
952 56.9335
953 56.8138
954 56.6944
955 56.5754
956 56.4567
957 56.3384
958 56.2204
959 56.1028
960 55.9855
961 55.8686
962 55.752
963 55.6357
964 55.5198
965 55.4043
966 55.2891
967 55.1742
968 55.0597
969 54.9454
970 54.8316
971 54.718
972 54.6048
973 54.492
974 54.3794
975 54.2672
976 54.1553
977 54.0438
978 53.9325
979 53.8216
980 53.711
981 53.6007
982 53.4908
983 53.3812
984 53.2718
985 53.1628
986 53.0541
987 52.9458
988 52.8377
989 52.73
990 52.6225
991 52.5154
992 52.4086
993 52.3021
994 52.1959
995 52.09
996 51.9843
997 51.879
998 51.7741
999 51.6693
1000 51.5649
1001 51.4608
1002 51.357
1003 51.2535
1004 51.1503
1005 51.0474
1006 50.9448
1007 50.8424
1008 50.7404
1009 50.6386
1010 50.5371
1011 50.4359
1012 50.335
1013 50.2344
1014 50.1341
1015 50.034
1016 49.9343
1017 49.8348
1018 49.7356
1019 49.6366
1020 49.538
1021 49.4396
1022 49.3415
1023 49.2437
1024 49.1461
1025 49.0488
1026 48.9518
1027 48.8551
1028 48.7586
1029 48.6624
1030 48.5664
1031 48.4708
1032 48.3754
1033 48.2802
1034 48.1853
1035 48.0907
1036 47.9964
1037 47.9023
1038 47.8084
1039 47.7149
1040 47.6216
1041 47.5285
1042 47.4357
1043 47.3431
1044 47.2508
1045 47.1588
1046 47.067
1047 46.9755
1048 46.8842
1049 46.7931
1050 46.7024
1051 46.6118
1052 46.5215
1053 46.4315
1054 46.3417
1055 46.2521
1056 46.1628
1057 46.0737
1058 45.9849
1059 45.8963
1060 45.8079
1061 45.7198
1062 45.632
1063 45.5443
1064 45.4569
1065 45.3697
1066 45.2828
1067 45.1961
1068 45.1097
1069 45.0234
1070 44.9374
1071 44.8517
1072 44.7661
1073 44.6808
1074 44.5957
1075 44.5109
1076 44.4263
1077 44.3419
1078 44.2577
1079 44.1737
1080 44.09
1081 44.0065
1082 43.9232
1083 43.8402
1084 43.7573
1085 43.6747
1086 43.5923
1087 43.5101
1088 43.4282
1089 43.3464
1090 43.2649
1091 43.1836
1092 43.1025
1093 43.0216
1094 42.9409
1095 42.8604
1096 42.7802
1097 42.7001
1098 42.6203
1099 42.5407
1100 42.4613
1101 42.3821
1102 42.3031
1103 42.2243
1104 42.1457
1105 42.0673
1106 41.9892
1107 41.9112
1108 41.8334
1109 41.7559
1110 41.6785
1111 41.6013
1112 41.5244
1113 41.4476
1114 41.371
1115 41.2947
1116 41.2185
1117 41.1425
1118 41.0668
1119 40.9912
1120 40.9158
1121 40.8406
1122 40.7656
1123 40.6908
1124 40.6162
1125 40.5418
1126 40.4675
1127 40.3935
1128 40.3197
1129 40.246
1130 40.1725
1131 40.0993
1132 40.0262
1133 39.9532
1134 39.8805
1135 39.808
1136 39.7356
1137 39.6635
1138 39.5915
1139 35.1713
1140 27.6283
1141 27.5782
1142 27.5283
1143 27.4785
1144 27.4289
1145 27.3794
1146 27.33
1147 27.2807
1148 27.2315
1149 27.1825
1150 27.1336
1151 27.0848
1152 27.0361
1153 26.9876
1154 26.9392
1155 26.8909
1156 26.8427
1157 26.7947
1158 26.7467
1159 26.6989
1160 26.6512
1161 26.6037
1162 26.5562
1163 26.5089
1164 26.4617
1165 26.4146
1166 26.3676
1167 26.3207
1168 26.274
1169 26.2273
1170 26.1808
1171 26.1344
1172 26.0881
1173 26.042
1174 25.9959
1175 25.95
1176 25.9041
1177 25.8584
1178 25.8128
1179 25.7673
1180 25.7219
1181 25.6767
1182 25.6315
1183 25.5865
1184 25.5415
1185 25.4967
1186 25.452
1187 25.4074
1188 25.3629
1189 25.3185
1190 25.2742
1191 25.2301
1192 25.186
1193 25.142
1194 25.0982
1195 25.0544
1196 25.0108
1197 24.9673
1198 24.9239
1199 24.8805
1200 24.8373
1201 24.7942
1202 24.7512
1203 24.7083
1204 24.6655
1205 24.6228
1206 24.5802
1207 24.5378
1208 24.4954
1209 24.4531
1210 24.4109
1211 24.3688
1212 24.3269
1213 24.285
1214 24.2432
1215 24.2015
1216 24.16
1217 24.1185
1218 24.0771
1219 24.0359
1220 23.9947
1221 23.9536
1222 23.9126
1223 23.8717
1224 23.8309
1225 23.7903
1226 23.7497
1227 23.7092
1228 23.6688
1229 23.6285
1230 23.5883
1231 23.5482
1232 23.5081
1233 23.4682
1234 23.4284
1235 23.3887
1236 23.349
1237 23.3095
1238 23.27
1239 23.2307
1240 23.1914
1241 23.1522
1242 23.1132
1243 23.0742
1244 23.0353
1245 22.9965
1246 22.9578
1247 22.9191
1248 22.8806
1249 22.8422
1250 22.8038
1251 22.7655
1252 22.7274
1253 22.6893
1254 22.6513
1255 22.6134
1256 22.5756
1257 22.5378
1258 22.5002
1259 22.4626
1260 22.4252
1261 22.3878
1262 22.3505
1263 22.3133
1264 22.2762
1265 22.2391
1266 22.2022
1267 22.1653
1268 22.1286
1269 22.0919
1270 22.0553
1271 22.0187
1272 21.9823
1273 21.9459
1274 21.9097
1275 21.8735
1276 21.8374
1277 21.8014
1278 21.7654
1279 21.7296
1280 21.6938
1281 21.6581
1282 21.6225
1283 21.587
1284 21.5515
1285 21.5161
1286 21.4809
1287 21.4456
1288 21.4105
1289 21.3755
1290 21.3405
1291 21.3056
1292 21.2708
1293 21.2361
1294 21.2014
1295 21.1669
1296 21.1324
1297 21.098
1298 21.0636
1299 21.0294
1300 20.9952
1301 20.9611
1302 20.9271
1303 20.8931
1304 20.8593
1305 20.8255
1306 20.7917
1307 20.7581
1308 20.7245
1309 20.691
1310 20.6576
1311 20.6243
1312 20.591
1313 20.5578
1314 20.5247
1315 20.4917
1316 20.4587
1317 20.4258
1318 20.393
1319 20.3602
1320 20.3275
1321 20.2949
1322 20.2624
1323 20.2299
1324 20.1976
1325 20.1652
1326 20.133
1327 20.1008
1328 20.0687
1329 20.0367
1330 20.0048
1331 19.9729
1332 19.9411
1333 19.9093
1334 19.8776
1335 19.846
1336 19.8145
1337 19.783
1338 19.7516
1339 19.7203
1340 19.6891
1341 19.6579
1342 19.6267
1343 19.5957
1344 19.5647
1345 19.5338
1346 19.5029
1347 19.4722
1348 19.4415
1349 19.4108
1350 19.3802
1351 19.3497
1352 19.3193
1353 19.2889
1354 19.2586
1355 19.2283
1356 19.1982
1357 19.1681
1358 19.138
1359 19.108
1360 19.0781
1361 19.0483
1362 19.0185
1363 18.9887
1364 18.9591
1365 18.9295
1366 18.9
1367 18.8705
1368 18.8411
1369 18.8118
1370 18.7825
1371 18.7533
1372 18.7241
1373 18.695
1374 18.666
1375 18.637
1376 18.6081
1377 18.5793
1378 18.5505
1379 18.5218
1380 18.4932
1381 18.4646
1382 18.4361
1383 18.4076
1384 18.3792
1385 18.3508
1386 18.3226
1387 18.2943
1388 18.2662
1389 18.2381
1390 18.21
1391 18.182
1392 18.1541
1393 18.1262
1394 18.0984
1395 18.0707
1396 18.043
1397 18.0154
1398 17.9878
1399 17.9603
1400 17.9328
1401 17.9054
1402 17.8781
1403 17.8508
1404 17.8236
1405 17.7964
1406 17.7693
1407 17.7423
1408 17.7153
1409 17.6884
1410 17.6615
1411 17.6347
1412 17.6079
1413 17.5812
1414 17.5545
1415 17.5279
1416 17.5014
1417 17.4749
1418 17.4485
1419 17.4221
1420 17.3958
1421 17.3695
1422 17.3433
1423 17.3172
1424 17.2911
1425 17.265
1426 17.239
1427 17.2131
1428 17.1872
1429 17.1614
1430 17.1356
1431 17.1099
1432 17.0842
1433 17.0586
1434 17.033
1435 17.0075
1436 16.9821
1437 16.9567
1438 16.9313
1439 16.906
1440 16.8808
1441 16.8556
1442 16.8304
1443 16.8053
1444 16.7803
1445 16.7553
1446 16.7304
1447 16.7055
1448 16.6807
1449 16.6559
1450 16.6312
1451 16.6065
1452 16.5819
1453 16.5573
1454 16.5328
1455 16.5083
1456 16.4839
1457 16.4595
1458 16.4351
1459 16.4109
1460 16.3866
1461 16.3625
1462 16.3383
1463 16.3143
1464 16.2902
1465 16.2662
1466 16.2423
1467 16.2184
1468 16.1946
1469 16.1708
1470 16.1471
1471 16.1234
1472 16.0997
1473 16.0761
1474 16.0526
1475 16.0291
1476 16.0056
1477 15.9822
1478 15.9589
1479 15.9356
1480 15.9123
1481 15.8891
1482 15.8659
1483 15.8428
1484 15.8197
1485 15.7967
1486 15.7737
1487 15.7508
1488 15.7279
1489 15.7051
1490 15.6823
1491 15.6595
1492 15.6368
1493 15.6141
1494 15.5915
1495 15.569
1496 15.5464
1497 15.5239
1498 15.5015
1499 15.4791
1500 15.4568
1501 15.4345
1502 15.4122
1503 15.39
1504 15.3678
1505 15.3457
1506 15.3236
1507 15.3016
1508 15.2796
1509 15.2577
1510 15.2358
1511 15.2139
1512 15.1921
1513 15.1703
1514 15.1486
1515 15.1269
1516 15.1052
1517 15.0836
1518 15.0621
1519 15.0406
1520 15.0191
1521 14.9976
1522 14.9763
1523 14.9549
1524 14.9336
1525 14.9123
1526 14.8911
1527 14.8699
1528 14.8488
1529 14.8277
1530 14.8066
1531 14.7856
1532 14.7646
1533 14.7437
1534 14.7228
1535 14.702
1536 14.6812
1537 14.6604
1538 14.6397
1539 14.619
1540 14.5983
1541 14.5777
1542 14.5571
1543 14.5366
1544 14.5161
1545 14.4957
1546 14.4753
1547 14.4549
1548 14.4346
1549 14.4143
1550 14.394
1551 14.3738
1552 14.3536
1553 14.3335
1554 14.3134
1555 14.2934
1556 14.2734
1557 14.2534
1558 14.2334
1559 14.2135
1560 14.1937
1561 14.1738
1562 14.1541
1563 14.1343
1564 14.1146
1565 14.0949
1566 14.0753
1567 14.0557
1568 14.0361
1569 14.0166
1570 13.9971
1571 13.9777
1572 13.9583
1573 13.9389
1574 13.9196
1575 13.9003
1576 13.881
1577 15.4967
1578 15.6144
1579 15.5928
1580 15.5712
1581 15.5497
1582 15.5282
1583 15.5068
1584 15.4854
1585 15.464
1586 15.4427
1587 15.4214
1588 15.4002
1589 15.379
1590 15.3579
1591 15.3368
1592 15.3157
1593 15.2946
1594 15.2736
1595 15.2527
1596 15.2318
1597 15.2109
1598 15.1901
1599 15.1693
1600 15.1485
1601 15.1278
1602 15.1071
1603 15.0865
1604 15.0659
1605 15.0453
1606 15.0248
1607 15.0043
1608 14.9839
1609 14.9635
1610 14.9431
1611 14.9228
1612 14.9025
1613 14.8822
1614 14.862
1615 14.8418
1616 14.8217
1617 14.8016
1618 14.7815
1619 14.7615
1620 14.7415
1621 14.7215
1622 14.7016
1623 14.6817
1624 14.6619
1625 14.6421
1626 14.6223
1627 14.6026
1628 14.5829
1629 14.5632
1630 14.5436
1631 14.524
1632 14.5045
1633 14.4849
1634 14.4655
1635 14.446
1636 14.4266
1637 14.4072
1638 14.3879
1639 14.3686
1640 14.3493
1641 14.3301
1642 14.3109
1643 14.2918
1644 14.2727
1645 14.2536
1646 14.2345
1647 14.2155
1648 14.1965
1649 14.1776
1650 14.1587
1651 14.1398
1652 14.1209
1653 14.1021
1654 14.0834
1655 14.0646
1656 14.0459
1657 14.0273
1658 14.0086
1659 13.99
1660 13.9715
1661 13.9529
1662 13.9344
1663 13.916
1664 13.8975
1665 13.8791
1666 13.8608
1667 13.8424
1668 13.8241
1669 13.8059
1670 13.7876
1671 13.7694
1672 13.7513
1673 13.7331
1674 13.715
1675 13.697
1676 13.6789
1677 13.6609
1678 13.643
1679 13.625
1680 13.6071
1681 13.5893
1682 13.5714
1683 13.5536
1684 13.5358
1685 13.5181
1686 13.5004
1687 13.4827
1688 13.4651
1689 13.4474
1690 13.4299
1691 13.4123
1692 13.3948
1693 13.3773
1694 13.3598
1695 13.3424
1696 13.325
1697 13.3076
1698 13.2903
1699 13.273
1700 13.2557
1701 13.2385
1702 13.2213
1703 13.2041
1704 13.187
1705 13.1699
1706 13.1528
1707 13.1357
1708 13.1187
1709 13.1017
1710 13.0847
1711 13.0678
1712 13.0509
1713 13.034
1714 13.0172
1715 13.0004
1716 12.9836
1717 12.9668
1718 12.9501
1719 12.9334
1720 12.9167
1721 12.9001
1722 12.8835
1723 12.8669
1724 12.8504
1725 12.8338
1726 12.8173
1727 12.8009
1728 12.7845
1729 12.7681
1730 12.7517
1731 12.7353
1732 12.719
1733 12.7027
1734 12.6865
1735 12.6702
1736 12.654
1737 12.6379
1738 12.6217
1739 12.6056
1740 12.5895
1741 12.5735
1742 12.5574
1743 12.5414
1744 12.5254
1745 12.5095
1746 12.4936
1747 12.4777
1748 12.4618
1749 12.446
1750 12.4302
1751 12.4144
1752 12.3986
1753 12.3829
1754 12.3672
1755 12.3515
1756 12.3359
1757 12.3203
1758 12.3047
1759 12.2891
1760 12.2736
1761 12.2581
1762 12.2426
1763 12.2271
1764 12.2117
1765 12.1963
1766 12.1809
1767 12.1656
1768 12.1503
1769 12.135
1770 12.1197
1771 12.1045
1772 12.0892
1773 12.0741
1774 12.0589
1775 12.0438
1776 12.0286
1777 12.0136
1778 11.9985
1779 11.9835
1780 11.9685
1781 11.9535
1782 11.9385
1783 11.9236
1784 11.9087
1785 11.8938
1786 11.8789
1787 11.8641
1788 11.8493
1789 11.8345
1790 11.8198
1791 11.8051
1792 11.7904
1793 11.7757
1794 11.761
1795 11.7464
1796 11.7318
1797 11.7172
1798 11.7027
1799 11.6881
1800 11.6736
1801 11.6592
1802 11.6447
1803 11.6303
1804 11.6159
1805 11.6015
1806 11.5871
1807 11.5728
1808 11.5585
1809 11.5442
1810 11.53
1811 11.5157
1812 11.5015
1813 11.4873
1814 11.4732
1815 11.459
1816 11.4449
1817 11.4308
1818 11.4168
1819 11.4027
1820 11.3887
1821 11.3747
1822 11.3607
1823 11.3468
1824 11.3329
1825 11.319
1826 11.3051
1827 11.2912
1828 11.2774
1829 11.2636
1830 11.2498
1831 11.236
1832 11.2223
1833 11.2086
1834 11.1949
1835 11.1812
1836 11.1676
1837 11.154
1838 11.1404
1839 11.1268
1840 11.1132
1841 11.0997
1842 11.0862
1843 11.0727
1844 11.0592
1845 11.0458
1846 11.0324
1847 11.019
1848 11.0056
1849 10.9922
1850 10.9789
1851 10.9656
1852 10.9523
1853 10.939
1854 10.9258
1855 10.9126
1856 10.8994
1857 10.8862
1858 10.873
1859 10.8599
1860 10.8468
1861 10.8337
1862 10.8206
1863 10.8076
1864 10.7946
1865 10.7816
1866 10.7686
1867 10.7556
1868 10.7427
1869 10.7298
1870 10.7169
1871 10.704
1872 10.6911
1873 10.6783
1874 10.6655
1875 10.6527
1876 10.6399
1877 10.6272
1878 10.6144
1879 10.6017
1880 10.589
1881 10.5764
1882 10.5637
1883 10.5511
1884 10.5385
1885 10.5259
1886 10.5134
1887 10.5008
1888 10.4883
1889 10.4758
1890 10.4633
1891 10.4509
1892 10.4384
1893 10.426
1894 10.4136
1895 10.4012
1896 10.3889
1897 10.3765
1898 10.3642
1899 10.3519
1900 10.3396
1901 10.3274
1902 10.3151
1903 10.3029
1904 10.2907
1905 10.2785
1906 10.2664
1907 10.2542
1908 10.2421
1909 10.23
1910 10.2179
1911 10.2059
1912 10.1938
1913 10.1818
1914 10.1698
1915 10.1578
1916 10.1458
1917 10.1339
1918 10.122
1919 10.1101
1920 10.0982
1921 10.0863
1922 10.0745
1923 10.0626
1924 10.0508
1925 10.039
1926 10.0272
1927 10.0155
1928 10.0038
1929 9.99204
1930 9.98034
1931 9.96866
1932 9.957
1933 9.94536
1934 9.93374
1935 9.92213
1936 9.91054
1937 9.89898
1938 9.88743
1939 9.8759
1940 9.86438
1941 9.85289
1942 9.84141
1943 9.82996
1944 9.81852
1945 9.80709
1946 9.79569
1947 9.78431
1948 9.77294
1949 9.76159
1950 9.75026
1951 9.73895
1952 9.72765
1953 9.71638
1954 9.70512
1955 9.69388
1956 9.68265
1957 9.67145
1958 9.66026
1959 9.64909
1960 9.63794
1961 9.6268
1962 9.61568
1963 9.60458
1964 9.5935
1965 9.58244
1966 9.57139
1967 9.56036
1968 9.54935
1969 9.53835
1970 9.52738
1971 9.51642
1972 9.50547
1973 9.49455
1974 9.48364
1975 9.47275
1976 9.46187
1977 9.45101
1978 9.44017
1979 9.42935
1980 9.41854
1981 9.40775
1982 9.39698
1983 9.38623
1984 9.37549
1985 9.36476
1986 9.35406
1987 9.34337
1988 9.3327
1989 9.32204
1990 9.3114
1991 9.30078
1992 9.29018
1993 9.27959
1994 9.26902
1995 9.25846
1996 9.24792
1997 9.2374
1998 9.22689
1999 9.2164
2000 9.20592
2001 9.19547
2002 9.18503
2003 9.1746
2004 9.16419
2005 9.1538
2006 9.14342
2007 9.13306
2008 9.12271
2009 9.11239
2010 9.10207
2011 9.09178
2012 9.0815
2013 9.07123
2014 9.06098
2015 9.05075
2016 9.04053
2017 9.03033
2018 9.02014
2019 9.00997
2020 8.99982
2021 8.98968
2022 8.97955
2023 8.96945
2024 8.95935
2025 8.94928
2026 8.93921
2027 8.92917
2028 8.91914
2029 8.90912
2030 8.89912
2031 8.88914
2032 8.87917
2033 8.86922
2034 8.85928
2035 8.84935
2036 8.83945
2037 8.82955
2038 8.81967
2039 8.80981
2040 8.79996
2041 8.79013
2042 8.78031
2043 8.77051
2044 8.76072
2045 8.75095
2046 8.74119
2047 8.73145
2048 8.72172
2049 8.71201
2050 8.70231
2051 8.69262
2052 8.68295
2053 8.6733
2054 8.66366
2055 8.65403
2056 8.64442
2057 8.63483
2058 8.62525
2059 8.61568
2060 8.60613
2061 8.59659
2062 8.58706
2063 8.57756
2064 8.56806
2065 8.55858
2066 8.54911
2067 8.53966
2068 8.53022
2069 8.5208
2070 8.51139
2071 8.502
2072 8.49262
2073 8.48325
2074 8.4739
2075 8.46456
2076 8.45523
2077 8.44592
2078 8.43663
2079 8.42734
2080 8.41807
2081 8.40882
2082 8.39958
2083 8.39035
2084 8.38114
2085 8.37194
2086 8.36275
2087 8.35358
2088 8.34443
2089 8.33528
2090 8.32615
2091 8.31703
2092 8.30793
2093 8.29884
2094 8.28976
2095 8.2807
2096 8.27165
2097 8.26262
2098 8.25359
2099 8.24459
2100 8.23559
2101 8.22661
2102 8.21764
2103 8.20868
2104 8.19974
2105 8.19081
2106 8.1819
2107 8.173
2108 8.16411
2109 8.15523
2110 8.14637
2111 8.13752
2112 8.12868
2113 8.11986
2114 8.11105
2115 8.10225
2116 8.09347
2117 8.0847
2118 8.07594
2119 8.0672
2120 8.05846
2121 8.04974
2122 8.04104
2123 8.03234
2124 8.02366
2125 8.015
2126 8.00634
2127 7.9977
2128 7.98907
2129 7.98045
2130 7.97185
2131 7.96326
2132 7.95468
2133 7.94611
2134 7.93756
2135 7.92902
2136 7.92049
2137 7.91197
2138 7.90347
2139 7.89498
2140 7.8865
2141 7.87803
2142 7.86958
2143 7.86113
2144 7.85271
2145 7.84429
2146 7.83588
2147 7.82749
2148 7.81911
2149 7.81074
2150 7.80239
2151 7.79404
2152 7.78571
2153 7.77739
2154 7.76909
2155 7.76079
2156 7.75251
2157 7.74424
2158 7.73598
2159 7.72773
2160 7.7195
2161 7.71127
2162 7.70306
2163 7.69486
2164 7.68668
2165 7.6785
2166 7.67034
2167 7.66219
2168 7.65405
2169 7.64592
2170 7.6378
2171 7.6297
2172 7.62161
2173 7.61353
2174 7.60546
2175 7.5974
2176 7.58935
2177 7.58132
2178 7.5733
2179 7.56528
2180 7.55728
2181 7.5493
2182 7.54132
2183 7.53335
2184 7.5254
2185 7.51746
2186 7.50953
2187 7.50161
2188 7.4937
2189 7.4858
2190 7.47792
2191 7.47004
2192 7.46218
2193 7.45433
2194 7.44649
2195 7.43866
2196 7.43084
2197 7.42304
2198 7.41524
2199 7.40746
2200 7.39968
2201 7.39192
2202 7.38417
2203 7.37643
2204 7.3687
2205 7.36099
2206 7.35328
2207 7.34558
2208 7.3379
2209 7.33022
2210 7.32256
2211 7.31491
2212 7.30727
2213 7.29964
2214 7.29202
2215 7.28441
2216 7.27681
2217 7.26923
2218 7.26165
2219 7.25409
2220 7.24653
2221 7.23899
2222 7.23145
2223 7.22393
2224 7.21642
2225 7.20892
2226 7.20143
2227 7.19395
2228 7.18648
2229 7.17902
2230 7.17157
2231 7.16413
2232 7.15671
2233 7.14929
2234 7.14188
2235 7.13449
2236 7.1271
2237 7.11973
2238 7.11236
2239 7.10501
2240 7.09767
2241 7.09033
2242 7.08301
2243 7.0757
2244 7.06839
2245 7.0611
2246 7.05382
2247 7.04655
2248 7.03929
2249 7.03203
2250 7.02479
2251 7.01756
2252 7.01034
2253 7.00313
2254 6.99593
2255 6.98874
2256 6.98156
2257 6.97439
2258 6.96723
2259 6.96008
2260 6.95294
2261 6.9458
2262 6.93868
2263 6.93157
2264 6.92447
2265 6.91738
2266 6.9103
2267 6.90323
2268 6.89617
2269 6.88912
2270 6.88208
2271 6.87504
2272 6.86802
2273 6.86101
2274 6.85401
2275 6.84701
2276 6.84003
2277 6.83306
2278 6.82609
2279 6.81914
2280 6.8122
2281 6.80526
2282 6.79834
2283 6.79142
2284 6.78451
2285 6.77762
2286 6.77073
2287 6.76385
2288 6.75699
2289 6.75013
2290 6.74328
2291 6.73644
2292 6.72961
2293 6.72279
2294 6.71598
2295 6.70918
2296 6.70238
2297 6.6956
2298 6.68883
2299 6.68206
2300 6.67531
2301 6.66856
2302 6.66183
2303 6.6551
2304 6.64838
2305 6.64167
2306 6.63497
2307 6.62828
2308 6.6216
2309 6.61493
2310 6.60827
2311 6.60161
2312 6.59497
2313 6.58833
2314 6.58171
2315 6.57509
2316 6.56848
2317 6.56188
2318 6.55529
2319 6.54871
2320 6.54214
2321 6.53557
2322 6.52902
2323 6.52247
2324 6.51594
2325 6.50941
2326 6.50289
2327 6.49638
2328 6.48988
2329 6.48339
2330 6.47691
2331 6.47043
2332 6.46397
2333 6.45751
2334 6.45106
2335 6.44462
2336 6.43819
2337 6.43177
2338 6.42536
2339 6.41895
2340 6.41256
2341 6.40617
2342 6.39979
2343 6.39342
2344 6.38706
2345 6.38071
2346 6.37436
2347 6.36803
2348 6.3617
2349 6.35538
2350 6.34907
2351 6.34277
2352 6.33648
2353 6.3302
2354 6.32392
2355 6.31765
2356 6.31139
2357 6.30514
2358 6.2989
2359 6.29267
2360 6.28644
2361 6.28023
2362 6.27402
2363 6.26782
2364 6.26163
2365 6.25544
2366 6.24927
2367 6.2431
2368 6.23694
2369 6.23079
2370 6.22465
2371 6.21852
2372 6.21239
2373 6.20627
2374 6.20016
2375 6.19406
2376 6.18797
2377 6.18189
2378 6.17581
2379 6.16974
2380 6.16368
2381 6.15763
2382 6.15158
2383 6.14555
2384 6.13952
2385 6.1335
2386 6.12749
2387 6.12148
2388 6.11549
2389 6.1095
2390 6.10352
2391 6.09755
2392 6.09158
2393 6.08563
2394 6.07968
2395 6.07374
2396 6.06781
2397 6.06188
2398 6.05596
2399 6.05006
2400 6.04416
2401 6.03826
2402 6.03238
2403 6.0265
2404 6.02063
2405 6.01477
2406 6.00891
2407 6.00307
2408 5.99723
2409 5.9914
2410 5.98557
2411 5.97976
2412 5.97395
2413 5.96815
2414 5.96236
2415 5.95657
2416 5.95079
2417 5.94502
2418 5.93926
2419 5.93351
2420 5.92776
2421 5.92202
2422 5.91629
2423 5.91056
2424 5.90485
2425 5.89914
2426 5.89344
2427 5.88774
2428 5.88205
2429 5.87638
2430 5.8707
2431 5.86504
2432 5.85938
2433 5.85373
2434 5.84809
2435 5.84245
2436 5.83683
2437 5.83121
2438 5.82559
2439 5.81999
2440 5.81439
2441 5.8088
2442 5.80322
2443 5.79764
2444 5.79207
2445 5.78651
2446 5.78095
2447 5.77541
2448 5.76987
2449 5.76434
2450 5.75881
2451 5.75329
2452 5.74778
2453 5.74228
2454 5.73678
2455 5.73129
2456 5.72581
2457 5.72033
2458 5.71486
2459 5.7094
2460 5.70395
2461 5.6985
2462 5.69306
2463 5.68763
2464 5.6822
2465 5.67678
2466 5.67137
2467 5.66597
2468 5.66057
2469 5.65518
2470 5.64979
2471 5.64442
2472 5.63905
2473 5.63368
2474 5.62833
2475 5.62298
2476 5.61764
2477 5.6123
2478 5.60697
2479 5.60165
2480 5.59634
2481 5.59103
2482 5.58573
2483 5.58043
2484 5.57515
2485 5.56987
2486 5.56459
2487 5.55932
2488 5.55406
2489 5.54881
2490 5.54356
2491 5.53832
2492 5.53309
2493 5.52786
2494 5.52264
2495 5.51743
2496 5.51222
2497 5.50702
2498 5.50183
2499 5.49664
2500 5.49147
2501 5.48629
2502 5.48112
2503 5.47597
2504 5.47081
2505 5.46566
2506 5.46052
2507 5.45539
2508 5.45026
2509 5.44514
2510 5.44003
2511 5.43492
2512 5.42982
2513 5.42473
2514 5.41964
2515 5.41456
2516 5.40948
2517 5.40441
2518 5.39935
2519 5.39429
2520 5.38924
2521 5.3842
2522 5.37917
2523 5.37414
2524 5.36911
2525 5.36409
2526 5.35908
2527 5.35408
2528 5.34908
2529 5.34409
2530 5.3391
2531 5.33412
2532 5.32915
2533 5.32418
2534 5.31922
2535 5.31427
2536 5.30932
2537 5.30438
2538 5.29944
2539 5.29451
2540 5.28959
2541 5.28467
2542 5.27976
2543 5.27486
2544 5.26996
2545 5.26507
2546 5.26018
2547 5.2553
2548 5.25043
2549 5.24556
2550 5.2407
2551 5.23585
2552 5.231
2553 5.22615
2554 5.22132
2555 5.21649
2556 5.21166
2557 5.20684
2558 5.20203
2559 5.19722
2560 5.19242
2561 5.18763
2562 5.18284
2563 5.17806
2564 5.17328
2565 5.16851
2566 5.16375
2567 5.15899
2568 5.15423
2569 5.14949
2570 5.14475
2571 5.14001
2572 5.13528
2573 5.13056
2574 5.12584
2575 5.12113
2576 5.11643
2577 5.11173
2578 5.10703
2579 5.10234
2580 5.09766
2581 5.09299
2582 5.08832
2583 5.08365
2584 5.07899
2585 5.07434
2586 5.06969
2587 5.06505
2588 5.06041
2589 5.05578
2590 5.05116
2591 5.04654
2592 5.04193
2593 5.03732
2594 5.03272
2595 5.02812
2596 5.02353
2597 5.01895
2598 5.01437
2599 5.0098
2600 5.00523
2601 5.00067
2602 4.99611
2603 4.99156
2604 4.98702
2605 4.98248
2606 4.97795
2607 4.97342
2608 4.9689
2609 4.96438
2610 4.95987
2611 4.95536
2612 4.95086
2613 4.94637
2614 4.94188
2615 4.9374
2616 4.93292
2617 4.92845
2618 4.92398
2619 4.91952
2620 4.91506
2621 4.91061
2622 4.90617
2623 4.90173
2624 4.89729
2625 4.89286
2626 4.88844
2627 4.88402
2628 4.87961
2629 4.8752
2630 4.8708
2631 4.86641
2632 4.86202
2633 4.85763
2634 4.85325
2635 4.84888
2636 4.84451
2637 4.84014
2638 4.83578
2639 4.83143
2640 4.82708
2641 4.82274
2642 4.8184
2643 4.81407
2644 4.80974
2645 4.80542
2646 4.8011
2647 4.79679
2648 4.79249
2649 4.78819
2650 4.78389
2651 4.7796
2652 4.77532
2653 4.77104
2654 4.76676
2655 4.76249
2656 4.75823
2657 4.75397
2658 4.74972
2659 4.74547
2660 4.74122
2661 4.73698
2662 4.73275
2663 4.72852
2664 4.7243
2665 4.72008
2666 4.71587
2667 4.71166
2668 4.70746
2669 4.70326
2670 4.69907
2671 4.69488
2672 4.6907
2673 4.68652
2674 4.68235
2675 4.67818
2676 4.67402
2677 4.66986
2678 4.66571
2679 4.66156
2680 4.65742
2681 4.65329
2682 4.64915
2683 4.64503
2684 4.6409
2685 4.63679
2686 4.63267
2687 4.62857
2688 4.62446
2689 4.62037
2690 4.61627
2691 4.61219
2692 4.6081
2693 4.60403
2694 4.59995
2695 4.59589
2696 4.59182
2697 4.58776
2698 4.58371
2699 4.57966
2700 4.57562
2701 4.57158
2702 4.56754
2703 4.56352
2704 4.55949
2705 4.55547
2706 4.55146
2707 4.54745
2708 4.54344
2709 4.53944
2710 4.29688
2711 4.27451
2712 4.27075
2713 4.267
2714 4.26324
2715 4.2595
2716 4.25575
2717 4.25202
2718 4.24828
2719 4.24455
2720 4.24083
2721 4.23711
2722 4.23339
2723 4.22968
2724 4.22598
2725 4.22227
2726 4.21858
2727 4.21488
2728 4.21119
2729 4.20751
2730 4.20383
2731 4.20015
2732 4.19648
2733 4.19281
2734 4.18915
2735 4.18549
2736 4.18184
2737 4.17819
2738 4.17454
2739 4.1709
2740 4.16726
2741 4.16363
2742 4.16
2743 4.15638
2744 4.15276
2745 4.14914
2746 4.14553
2747 4.14192
2748 4.13832
2749 4.13472
2750 4.13112
2751 4.12753
2752 4.12395
2753 4.12037
2754 4.11679
2755 4.11322
2756 4.10965
2757 4.10608
2758 4.10252
2759 4.09896
2760 4.09541
2761 4.09186
2762 4.08832
2763 4.08478
2764 4.08124
2765 4.07771
2766 4.07418
2767 4.07066
2768 4.06714
2769 4.06363
2770 4.06011
2771 4.05661
2772 4.05311
2773 4.04961
2774 4.04611
2775 4.04262
2776 4.03913
2777 4.03565
2778 4.03217
2779 4.0287
2780 4.02523
2781 4.02176
2782 4.0183
2783 4.01484
2784 4.01139
2785 4.00794
2786 4.00449
2787 4.00105
2788 3.99761
2789 3.99418
2790 3.99075
2791 3.98732
2792 3.9839
2793 3.98048
2794 3.97707
2795 3.97366
2796 3.97025
2797 3.96685
2798 3.96345
2799 3.96006
2800 3.95667
2801 3.95328
2802 3.9499
2803 3.94652
2804 3.94314
2805 3.93977
2806 3.93641
2807 3.93304
2808 3.92968
2809 3.92633
2810 3.92298
2811 3.91963
2812 3.91629
2813 3.91295
2814 3.90961
2815 3.90628
2816 3.90295
2817 3.89963
2818 3.89631
2819 3.89299
2820 3.88968
2821 3.88637
2822 3.88306
2823 3.87976
2824 3.87646
2825 3.87317
2826 3.86988
2827 3.86659
2828 3.86331
2829 3.86003
2830 3.85676
2831 3.85349
2832 3.85022
2833 3.84695
2834 3.84369
2835 3.84044
2836 3.83719
2837 3.83394
2838 3.83069
2839 3.82745
2840 3.82421
2841 3.82098
2842 3.81775
2843 3.81452
2844 3.8113
2845 3.80808
2846 3.80486
2847 3.80165
2848 3.79844
2849 3.79524
2850 3.79204
2851 3.78884
2852 3.78565
2853 3.78246
2854 3.77927
2855 3.77609
2856 3.77291
2857 3.76974
2858 3.76656
2859 3.7634
2860 3.76023
2861 3.75707
2862 3.75391
2863 3.75076
2864 3.74761
2865 3.74446
2866 3.74132
2867 3.73818
2868 3.73505
2869 3.73191
2870 3.72878
2871 3.72566
2872 3.72254
2873 3.71942
2874 3.71631
2875 3.71319
2876 3.71009
2877 3.70698
2878 3.70388
2879 3.70079
2880 3.69769
2881 3.6946
2882 3.69152
2883 3.68843
2884 3.68535
2885 3.68228
2886 3.6792
2887 3.67614
2888 3.67307
2889 3.67001
2890 3.66695
2891 3.66389
2892 3.66084
2893 3.65779
2894 3.65475
2895 3.65171
2896 3.64867
2897 3.64563
2898 3.6426
2899 3.63958
2900 3.63655
2901 3.63353
2902 3.63051
2903 3.6275
2904 3.62449
2905 3.62148
2906 3.61848
2907 3.61548
2908 3.61248
2909 3.60948
2910 3.60649
2911 3.60351
2912 3.60052
2913 3.59754
2914 3.59456
2915 3.59159
2916 3.58862
2917 3.58565
2918 3.58269
2919 3.57973
2920 3.57677
2921 3.57382
2922 3.57087
2923 3.56792
2924 3.56497
2925 3.56203
2926 3.5591
2927 3.55616
2928 3.55323
2929 3.5503
2930 3.54738
2931 3.54446
2932 3.54154
2933 3.53863
2934 3.53571
2935 3.53281
2936 3.5299
2937 3.527
2938 3.5241
2939 3.5212
2940 3.51831
2941 3.51542
2942 3.51254
2943 3.50966
2944 3.50678
2945 3.5039
2946 3.50103
2947 3.49816
2948 3.49529
2949 3.49243
2950 3.48957
2951 3.48671
2952 3.48386
2953 3.48101
2954 3.47816
2955 3.47531
2956 3.47247
2957 3.46963
2958 3.4668
2959 3.46397
2960 3.46114
2961 3.45831
2962 3.45549
2963 3.45267
2964 3.44986
2965 3.44704
2966 3.44423
2967 3.44143
2968 3.43862
2969 3.43582
2970 3.43302
2971 3.43023
2972 3.42744
2973 3.42465
2974 3.42186
2975 3.41908
2976 3.4163
2977 3.41353
2978 3.41075
2979 3.40798
2980 3.40522
2981 3.40245
2982 3.39969
2983 3.39693
2984 3.39418
2985 3.39143
2986 3.38868
2987 3.38593
2988 3.38319
2989 3.38045
2990 3.37771
2991 3.37498
2992 3.37225
2993 3.36952
2994 3.36679
2995 3.36407
2996 3.36135
2997 3.35864
2998 3.35592
2999 3.35321
3000 3.35051
3001 3.3478
3002 3.3451
3003 3.3424
3004 3.33971
3005 3.33702
3006 3.33433
3007 3.33164
3008 3.32896
3009 3.32628
3010 3.3236
3011 3.32092
3012 3.31825
3013 3.31558
3014 3.31292
3015 3.31025
3016 3.30759
3017 3.30494
3018 3.30228
3019 3.29963
3020 3.29698
3021 3.29433
3022 3.29169
3023 3.28905
3024 3.28641
3025 3.28378
3026 3.28115
3027 3.27852
3028 3.27589
3029 3.27327
3030 3.27065
3031 3.26803
3032 3.26542
3033 3.26281
3034 3.2602
3035 3.25759
3036 3.25499
3037 3.25239
3038 3.24979
3039 3.2472
3040 3.2446
3041 3.24201
3042 3.23943
3043 3.23684
3044 3.23426
3045 3.23169
3046 3.22911
3047 3.22654
3048 3.22397
3049 3.2214
3050 3.21884
3051 3.21628
3052 3.21372
3053 3.21116
3054 3.20861
3055 3.20606
3056 3.20351
3057 3.20096
3058 3.19842
3059 3.19588
3060 3.19335
3061 3.19081
3062 3.18828
3063 3.18575
3064 3.18323
3065 3.1807
3066 3.17818
3067 3.17566
3068 3.17315
3069 3.17064
3070 3.16813
3071 3.16562
3072 3.16312
3073 3.16061
3074 3.15811
3075 3.15562
3076 3.15312
3077 3.15063
3078 3.14815
3079 3.14566
3080 3.14318
3081 3.1407
3082 3.13822
3083 3.13574
3084 3.13327
3085 3.1308
3086 3.12833
3087 3.12587
3088 3.12341
3089 3.12095
3090 3.11849
3091 3.11604
3092 3.11358
3093 3.11114
3094 3.10869
3095 3.10625
3096 3.1038
3097 3.10137
3098 3.09893
3099 3.0965
3100 3.09407
3101 3.09164
3102 3.08921
3103 3.08679
3104 3.08437
3105 3.08195
3106 3.07954
3107 3.07712
3108 3.07471
3109 3.0723
3110 3.0699
3111 3.0675
3112 3.0651
3113 3.0627
3114 3.0603
3115 3.05791
3116 3.05552
3117 3.05313
3118 3.05075
3119 3.04837
3120 3.04599
3121 3.04361
3122 3.04124
3123 3.03886
3124 3.03649
3125 3.03413
3126 3.03176
3127 3.0294
3128 3.02704
3129 3.02468
3130 3.02233
3131 3.01997
3132 3.01762
3133 3.01528
3134 3.01293
3135 3.01059
3136 3.00825
3137 3.00591
3138 3.00358
3139 3.00124
3140 2.99891
3141 2.99658
3142 2.99426
3143 2.99194
3144 2.98962
3145 2.9873
3146 2.98498
3147 2.98267
3148 2.98036
3149 2.97805
3150 2.97574
3151 2.97344
3152 2.97114
3153 2.96884
3154 2.96654
3155 2.96425
3156 2.96196
3157 2.95967
3158 2.95738
3159 2.9551
3160 2.95282
3161 2.95054
3162 2.94826
3163 2.94598
3164 2.94371
3165 2.94144
3166 2.93917
3167 2.93691
3168 2.93464
3169 2.93238
3170 2.93013
3171 2.92787
3172 2.92562
3173 2.92336
3174 2.92112
3175 2.91887
3176 2.91662
3177 2.91438
3178 2.91214
3179 2.9099
3180 2.90767
3181 2.90544
3182 2.90321
3183 2.90098
3184 2.89875
3185 2.89653
3186 2.89431
3187 2.89209
3188 2.88987
3189 2.88766
3190 2.88545
3191 2.88324
3192 2.88103
3193 2.87882
3194 2.87662
3195 2.87442
3196 2.87222
3197 2.87003
3198 2.86783
3199 2.86564
3200 2.86345
3201 2.86126
3202 2.85908
3203 2.8569
3204 2.85472
3205 2.85254
3206 2.85036
3207 2.84819
3208 2.84602
3209 2.84385
3210 2.84168
3211 2.83952
3212 2.83736
3213 2.8352
3214 2.83304
3215 2.83088
3216 2.82873
3217 2.82658
3218 2.82443
3219 2.82228
3220 2.82014
3221 2.818
3222 2.81585
3223 2.81372
3224 2.81158
3225 2.80945
3226 2.80732
3227 2.80519
3228 2.80306
3229 2.80093
3230 2.79881
3231 2.79669
3232 2.79457
3233 2.79246
3234 2.79034
3235 2.78823
3236 2.78612
3237 2.78401
3238 2.78191
3239 2.7798
3240 2.7777
3241 2.7756
3242 2.77351
3243 2.77141
3244 2.76932
3245 2.76723
3246 2.76514
3247 2.76305
3248 2.76097
3249 2.75889
3250 2.75681
3251 2.75473
3252 2.75266
3253 2.75058
3254 2.74851
3255 2.74644
3256 2.74437
3257 2.74231
3258 2.74025
3259 2.73818
3260 2.73613
3261 2.73407
3262 2.73201
3263 2.72996
3264 2.72791
3265 2.72586
3266 2.72382
3267 2.72177
3268 2.71973
3269 2.71769
3270 2.71565
3271 2.71362
3272 2.71158
3273 2.70955
3274 2.70752
3275 2.70549
3276 2.70347
3277 2.70144
3278 2.69942
3279 2.6974
3280 2.69538
3281 2.69337
3282 2.69136
3283 2.68934
3284 2.68734
3285 2.68533
3286 2.68332
3287 2.68132
3288 2.67932
3289 2.67732
3290 2.67532
3291 2.67333
3292 2.67133
3293 2.66934
3294 2.66735
3295 2.66536
3296 2.66338
3297 2.6614
3298 2.65941
3299 2.65744
3300 2.65546
3301 2.65348
3302 2.65151
3303 2.64954
3304 2.64757
3305 2.6456
3306 2.64364
3307 2.64167
3308 2.63971
3309 2.63775
3310 2.63579
3311 2.63384
3312 2.63188
3313 2.62993
3314 2.62798
3315 2.62604
3316 2.62409
3317 2.62215
3318 2.6202
3319 2.61826
3320 2.61633
3321 2.61439
3322 2.61246
3323 2.61052
3324 2.60859
3325 2.60666
3326 2.60474
3327 2.60281
3328 2.60089
3329 2.59897
3330 2.59705
3331 2.59513
3332 2.59322
3333 2.59131
3334 2.5894
3335 2.58749
3336 2.58558
3337 2.58367
3338 2.58177
3339 2.57987
3340 2.57797
3341 2.57607
3342 2.57417
3343 2.57228
3344 2.57039
3345 2.5685
3346 2.56661
3347 2.56472
3348 2.56284
3349 2.56095
3350 2.55907
3351 2.55719
3352 2.55532
3353 2.55344
3354 2.55157
3355 2.5497
3356 2.54783
3357 2.54596
3358 2.54409
3359 2.54223
3360 2.54036
3361 2.5385
3362 2.53665
3363 2.53479
3364 2.53293
3365 2.53108
3366 2.52923
3367 2.52738
3368 2.52553
3369 2.52368
3370 2.52184
3371 2.52
3372 2.51816
3373 2.51632
3374 2.51448
3375 2.51265
3376 2.51081
3377 2.50898
3378 2.50715
3379 2.50532
3380 2.5035
3381 2.50167
3382 2.49985
3383 2.49803
3384 2.49621
3385 2.49439
3386 2.49258
3387 2.49077
3388 2.48895
3389 2.48714
3390 2.48533
3391 2.48353
3392 2.48172
3393 2.47992
3394 2.47812
3395 2.47632
3396 2.47452
3397 2.47273
3398 2.47093
3399 2.46914
3400 2.46735
3401 2.46556
3402 2.46377
3403 2.46199
3404 2.4602
3405 2.45842
3406 2.45664
3407 2.45486
3408 2.45309
3409 2.45131
3410 2.44954
3411 2.44777
3412 2.446
3413 2.44423
3414 2.44246
3415 2.4407
3416 2.43894
3417 2.43717
3418 2.43542
3419 2.43366
3420 2.4319
3421 2.43015
3422 2.42839
3423 2.42664
3424 2.42489
3425 2.42315
3426 2.4214
3427 2.41966
3428 2.41791
3429 2.41617
3430 2.41443
3431 2.4127
3432 2.41096
3433 2.40923
3434 2.4075
3435 2.40576
3436 2.40404
3437 2.40231
3438 2.40058
3439 2.39886
3440 2.39714
3441 2.39542
3442 2.3937
3443 2.39198
3444 2.39026
3445 2.38855
3446 2.38684
3447 2.38513
3448 2.38342
3449 2.38171
3450 2.38001
3451 2.3783
3452 2.3766
3453 2.3749
3454 2.3732
3455 2.3715
3456 2.36981
3457 2.36811
3458 2.36642
3459 2.36473
3460 2.36304
3461 2.36135
3462 2.35967
3463 2.35798
3464 2.3563
3465 2.35462
3466 2.35294
3467 2.35126
3468 2.34958
3469 2.34791
3470 2.34624
3471 2.34456
3472 2.34289
3473 2.34123
3474 2.33956
3475 2.33789
3476 2.33623
3477 2.33457
3478 2.33291
3479 2.33125
3480 2.32959
3481 2.32794
3482 2.32628
3483 2.32463
3484 2.32298
3485 2.32133
3486 2.31968
3487 2.31804
3488 2.31639
3489 2.31475
3490 2.31311
3491 2.31147
3492 2.30983
3493 2.30819
3494 2.30656
3495 2.30492
3496 2.30329
3497 2.30166
3498 2.30003
3499 2.29841
3500 2.29678
3501 2.29516
3502 2.29353
3503 2.29191
3504 2.29029
3505 2.28868
3506 2.28706
3507 2.28544
3508 2.28383
3509 2.28222
3510 2.28061
3511 2.279
3512 2.27739
3513 2.27579
3514 2.27418
3515 2.27258
3516 2.27098
3517 2.26938
3518 2.26778
3519 2.26618
3520 2.26459
3521 2.263
3522 2.2614
3523 2.25981
3524 2.25822
3525 2.25664
3526 2.25505
3527 2.25347
3528 2.25188
3529 2.2503
3530 2.24872
3531 2.24714
3532 2.24557
3533 2.24399
3534 2.24242
3535 2.24084
3536 2.23927
3537 2.2377
3538 2.23613
3539 2.23457
3540 2.233
3541 2.23144
3542 2.22988
3543 2.22832
3544 2.22676
3545 2.2252
3546 2.22364
3547 2.22209
3548 2.22053
3549 2.21898
3550 2.21743
3551 2.21588
3552 2.21434
3553 2.21279
3554 2.21125
3555 2.2097
3556 2.20816
3557 2.20662
3558 2.20508
3559 2.20354
3560 2.20201
3561 2.20047
3562 2.19894
3563 2.19741
3564 2.19588
3565 2.19435
3566 2.19282
3567 2.1913
3568 2.18977
3569 2.18825
3570 2.18673
3571 2.18521
3572 2.18369
3573 2.18217
3574 2.18066
3575 2.17914
3576 2.17763
3577 2.17612
3578 2.17461
3579 2.1731
3580 2.17159
3581 2.17008
3582 2.16858
3583 2.16708
3584 2.16557
3585 2.16407
3586 2.16257
3587 2.16108
3588 2.15958
3589 2.15809
3590 2.15659
3591 2.1551
3592 2.15361
3593 2.15212
3594 2.15063
3595 2.14915
3596 2.14766
3597 2.14618
3598 2.1447
3599 2.14321
3600 2.14174
3601 2.14026
3602 2.13878
3603 2.1373
3604 2.13583
3605 2.13436
3606 2.13289
3607 2.13142
3608 2.12995
3609 2.12848
3610 2.12701
3611 2.12555
3612 2.12409
3613 2.12263
3614 2.12117
3615 2.11971
3616 2.11825
3617 2.11679
3618 2.11534
3619 2.11388
3620 2.11243
3621 2.11098
3622 2.10953
3623 2.10808
3624 2.10664
3625 2.10519
3626 2.10375
3627 2.1023
3628 2.10086
3629 2.09942
3630 2.09798
3631 2.09654
3632 2.09511
3633 2.09367
3634 2.09224
3635 2.09081
3636 2.08938
3637 2.08795
3638 2.08652
3639 2.08509
3640 2.08366
3641 2.08224
3642 2.08082
3643 2.0794
3644 2.07797
3645 2.07656
3646 2.07514
3647 2.07372
3648 2.07231
3649 2.07089
3650 2.06948
3651 2.06807
3652 2.06666
3653 2.06525
3654 2.06384
3655 2.06244
3656 2.06103
3657 2.05963
3658 2.05822
3659 2.05682
3660 2.05542
3661 2.05403
3662 2.05263
3663 2.05123
3664 2.04984
3665 2.04844
3666 2.04705
3667 2.04566
3668 2.04427
3669 2.04288
3670 2.0415
3671 2.04011
3672 2.03873
3673 2.03734
3674 2.03596
3675 2.03458
3676 2.0332
3677 2.03182
3678 2.03045
3679 2.02907
3680 2.0277
3681 2.02632
3682 2.02495
3683 2.02358
3684 2.02221
3685 2.02084
3686 2.01948
3687 2.01811
3688 2.01675
3689 2.01538
3690 2.01402
3691 2.01266
3692 2.0113
3693 2.00994
3694 2.00859
3695 2.00723
3696 2.00588
3697 2.00452
3698 2.00317
3699 2.00182
3700 2.00047
3701 1.99912
3702 1.99777
3703 1.99643
3704 1.99508
3705 1.99374
3706 1.9924
3707 1.99106
3708 1.98972
3709 1.98838
3710 1.98704
3711 1.98571
3712 1.98437
3713 1.98304
3714 1.9817
3715 1.98037
3716 1.97904
3717 1.97771
3718 1.97639
3719 1.97506
3720 1.97373
3721 1.97241
3722 1.97109
3723 1.96976
3724 1.96844
3725 1.96712
3726 1.96581
3727 1.96449
3728 1.96317
3729 1.96186
3730 1.96055
3731 1.95923
3732 1.95792
3733 1.95661
3734 1.9553
3735 1.954
3736 1.95269
3737 1.95139
3738 1.95008
3739 1.94878
3740 1.94748
3741 1.94618
3742 1.94488
3743 1.94358
3744 1.94228
3745 1.94099
3746 1.93969
3747 1.9384
3748 1.93711
3749 1.93581
3750 1.93452
3751 1.93324
3752 1.93195
3753 1.93066
3754 1.92938
3755 1.92809
3756 1.92681
3757 1.92553
3758 1.92425
3759 1.92297
3760 1.92169
3761 1.92041
3762 1.91913
3763 1.91786
3764 1.91659
3765 1.91531
3766 1.91404
3767 1.91277
3768 1.9115
3769 1.91023
3770 1.90897
3771 1.9077
3772 1.90644
3773 1.90517
3774 1.90391
3775 1.90265
3776 1.90139
3777 1.90013
3778 1.89887
3779 1.89761
3780 1.89636
3781 1.8951
3782 1.89385
3783 1.8926
3784 1.89134
3785 1.89009
3786 1.88885
3787 1.8876
3788 1.88635
3789 1.8851
3790 1.88386
3791 1.88262
3792 1.88137
3793 1.88013
3794 1.87889
3795 1.87765
3796 1.87642
3797 1.87518
3798 1.87394
3799 1.87271
3800 1.87147
3801 1.87024
3802 1.86901
3803 1.86778
3804 1.86655
3805 1.86532
3806 1.86409
3807 1.86287
3808 1.86164
3809 1.86042
3810 1.8592
3811 1.85798
3812 1.85675
3813 1.85553
3814 1.85432
3815 1.8531
3816 1.85188
3817 1.85067
3818 1.84945
3819 1.84824
3820 1.84703
3821 1.84582
3822 1.84461
3823 1.8434
3824 1.84219
3825 1.84098
3826 1.83978
3827 1.83857
3828 1.83737
3829 1.83617
3830 1.83497
3831 1.83377
3832 1.83257
3833 1.83137
3834 1.83017
3835 1.82897
3836 1.82778
3837 1.82659
3838 1.82539
3839 1.8242
3840 1.82301
3841 1.82182
3842 1.82063
3843 1.81944
3844 1.81826
3845 1.81707
3846 1.81589
3847 1.8147
3848 1.81352
3849 1.81234
3850 1.81116
3851 1.80998
3852 1.8088
3853 1.80762
3854 1.80645
3855 1.80527
3856 1.8041
3857 1.80292
3858 1.80175
3859 1.80058
3860 1.79941
3861 1.79824
3862 1.79707
3863 1.79591
3864 1.79474
3865 1.79358
3866 1.79241
3867 1.79125
3868 1.79009
3869 1.78893
3870 1.78777
3871 1.78661
3872 1.78545
3873 1.78429
3874 1.78314
3875 1.78198
3876 1.78083
3877 1.77967
3878 1.77852
3879 1.77737
3880 1.77622
3881 1.77507
3882 1.77392
3883 1.77278
3884 1.77163
3885 1.77049
3886 1.76934
3887 1.7682
3888 1.76706
3889 1.76592
3890 1.76478
3891 1.76364
3892 1.7625
3893 1.76136
3894 1.76023
3895 1.75909
3896 1.75796
3897 1.75683
3898 1.75569
3899 1.75456
3900 1.75343
3901 1.7523
3902 1.75117
3903 1.75005
3904 1.74892
3905 1.7478
3906 1.74667
3907 1.74555
3908 1.74443
3909 1.7433
3910 1.74218
3911 1.74107
3912 1.73995
3913 1.73883
3914 1.73771
3915 1.7366
3916 1.73548
3917 1.73437
3918 1.73326
3919 1.73214
3920 1.73103
3921 1.72992
3922 1.72882
3923 1.72771
3924 1.7266
3925 1.7255
3926 1.72439
3927 1.72329
3928 1.72218
3929 1.72108
3930 1.71998
3931 1.71888
3932 1.71778
3933 1.71668
3934 1.71558
3935 1.71449
3936 1.71339
3937 1.7123
3938 1.7112
3939 1.71011
3940 1.70902
3941 1.70793
3942 1.70684
3943 1.70575
3944 1.70466
3945 1.70358
3946 1.70249
3947 1.7014
3948 1.70032
3949 1.69924
3950 1.69815
3951 1.69707
3952 1.69599
3953 1.69491
3954 1.69383
3955 1.69276
3956 1.69168
3957 1.6906
3958 1.68953
3959 1.68845
3960 1.68738
3961 1.68631
3962 1.68524
3963 1.68417
3964 1.6831
3965 1.68203
3966 1.68096
3967 1.67989
3968 1.67883
3969 1.67776
3970 1.6767
3971 1.67564
3972 1.67457
3973 1.67351
3974 1.67245
3975 1.67139
3976 1.67033
3977 1.66928
3978 1.66822
3979 1.66716
3980 1.66611
3981 1.66505
3982 1.664
3983 1.66295
3984 1.6619
3985 1.66085
3986 1.6598
3987 1.65875
3988 1.6577
3989 1.65665
3990 1.65561
3991 1.65456
3992 1.65352
3993 1.65248
3994 1.65143
3995 1.65039
3996 1.64935
3997 1.64831
3998 1.64727
3999 1.64623
4000 1.6452
4001 1.64416
4002 1.64312
4003 1.64209
4004 1.64106
4005 1.64002
4006 1.63899
4007 1.63796
4008 1.63693
4009 1.6359
4010 1.63487
4011 1.63384
4012 1.63282
4013 1.63179
4014 1.63077
4015 1.62974
4016 1.62872
4017 1.6277
4018 1.62668
4019 1.62565
4020 1.62463
4021 1.62362
4022 1.6226
4023 1.62158
4024 1.62056
4025 1.61955
4026 1.61853
4027 1.61752
4028 1.61651
4029 1.6155
4030 1.61448
4031 1.61347
4032 1.61246
4033 1.61146
4034 1.61045
4035 1.60944
4036 1.60843
4037 1.60743
4038 1.60642
4039 1.60542
4040 1.60442
4041 1.60342
4042 1.60241
4043 1.60141
4044 1.60042
4045 1.59942
4046 1.59842
4047 1.59742
4048 1.59643
4049 1.59543
4050 1.59444
4051 1.59344
4052 1.59245
4053 1.59146
4054 1.59047
4055 1.58948
4056 1.58849
4057 1.5875
4058 1.58651
4059 1.58552
4060 1.58454
4061 1.58355
4062 1.58257
4063 1.58158
4064 1.5806
4065 1.57962
4066 1.57864
4067 1.57766
4068 1.57668
4069 1.5757
4070 1.57472
4071 1.57375
4072 1.57277
4073 1.57179
4074 1.57082
4075 1.56985
4076 1.56887
4077 1.5679
4078 1.56693
4079 1.56596
4080 1.56499
4081 1.56402
4082 1.56305
4083 1.56208
4084 1.56112
4085 1.56015
4086 1.55919
4087 1.55822
4088 1.55726
4089 1.5563
4090 1.55533
4091 1.55437
4092 1.55341
4093 1.55245
4094 1.5515
4095 1.55054
