0 0
0 57
0 70
0 74
0 105
0 121
0 162
0 171
0 219
0 225
0 241
0 258
0 285
0 306
0 339
0 324
0 388
0 369
0 375
0 318
0 333
0 278
0 289
0 292
0 235
0 207
0 191
0 174
0 155
0 130
0 93
0 95
0 60
0 50
0 45
0 30
0 26
0 25
0 20
0 8
0 9
0 11
0 4
0 2
0 1
0 1
0 2
0 0
0 1
0 0
0 0
0 1
0 0
0 0
0 0
0 0
0 0
0 0
0 0
0 0
0 0
0 0
0 0
0 0
0 0
0 0
0 0
0 0
0 0
0 0
0 0
0 0
0 0
0 0
0 0
0 0
0 0
0 0
0 0
0 0
0 0
0 0
0 0
0 0
0 0
0 0
0 0
0 0
0 0
0 0
0 0
0 0
0 0
0 0
0 0
0 0
0 0
0 0
0 0
0 0
0 0
0 0
0 0
0 0
0 0
0 0
0 0
0 0
0 0
0 0
0 0
0 0
0 0
0 0
0 0
0 0
0 0
0 0
0 0
0 0
0 0
0 0
0 0
0 0
0 0
0 0
0 0
0 0
0 0
0 0
0 0
0 0
0 0
0 0
0 0
0 0
0 0
0 0
0 0
0 0
0 0
0 0
0 0
0 0
0 0
0 0
0 0
0 0
0 0
0 0
0 0
0 0
0 0
0 0
0 0
0 0
0 0
0 0
0 0
0 0
0 0
0 0
0 0
0 0
0 0
0 0
0 0
0 0
0 0
0 0
0 0
0 0
0 0
0 0
0 0
0 0
0 0
0 0
0 0
0 0
0 0
0 0
0 0
0 0
0 0
0 0
0 0
0 0
0 0
0 0
0 0
0 0
0 0
0 0
0 0
0 0
0 0
0 0
0 1
0 0
0 1
0 2
0 3
0 7
0 7
0 3
0 4
0 3
0 5
0 4
0 8
0 11
0 13
0 9
0 9
0 15
0 8
0 13
0 12
0 19
0 8
0 15
0 16
0 14
0 9
0 11
0 11
0 8
0 15
0 10
0 7
0 9
0 9
0 14
0 5
0 6
0 5
0 4
0 1
0 7
0 9
0 2
0 1
0 6
0 6
0 4
0 3
0 4
0 4
0 2
0 1
0 3
0 1
0 4
0 1
0 3
0 5
0 1
0 5
0 2
0 4
0 1
0 2
0 1
0 1
0 7
0 1
0 3
0 2
0 1
0 3
0 4
0 2
0 3
0 6
0 2
0 3
0 6
0 0
0 3
0 5
0 5
0 4
0 1
0 2
0 5
0 3
0 3
0 1
0 2
0 1
0 1
0 2
0 3
0 2
0 3
0 1
0 0
0 2
0 1
0 3
0 2
0 1
0 0
0 2
0 4
0 3
0 2
0 4
0 3
0 1
0 0
0 3
0 3
0 2
0 1
0 3
0 2
0 4
0 1
0 3
0 4
0 3
0 4
0 3
0 4
0 2
0 0
0 1
0 3
0 0
0 3
0 0
0 2
0 6
0 1
0 6
0 1
0 3
0 0
0 1
0 2
0 0
0 3
0 2
0 0
0 1
0 3
0 1
0 2
0 3
-3.28179 5
796.718 1
796.475 3
796.23 3
795.987 2
795.743 2
795.497 3
795.256 2
795.009 1
794.762 1
794.512 7
794.265 3
794.016 7
793.769 4
793.524 1
793.278 2
793.03 3
792.781 3
792.535 1
792.287 2
792.04 3
791.793 3
791.548 2
791.297 3
791.047 0
790.8 3
790.552 4
790.307 0
790.055 1
789.81 2
789.561 3
789.313 5
789.064 4
788.819 0
788.57 1
788.328 1
788.082 3
787.835 3
787.589 0
787.344 1
787.098 4
786.85 2
786.606 5
786.359 5
786.11 3
785.864 6
785.618 1
785.374 2
785.124 2
784.879 2
784.632 4
784.389 5
784.144 2
783.902 0
783.657 2
783.413 2
783.167 2
782.923 4
782.679 2
782.436 1
782.19 4
781.945 6
781.699 3
781.451 1
781.206 3
780.958 3
780.712 1
780.465 2
780.217 2
779.97 0
779.72 2
779.473 2
779.227 5
778.98 2
778.733 5
778.483 4
778.234 4
777.989 2
777.742 3
777.498 3
777.251 4
777.008 3
776.76 4
776.515 4
776.269 3
776.026 2
775.779 4
775.533 5
775.289 1
775.046 2
774.802 1
774.557 3
774.31 1
774.066 4
773.821 4
773.576 3
773.336 0
773.092 2
772.846 4
772.603 0
772.357 2
772.113 2
771.869 3
771.621 2
771.374 3
771.129 5
770.881 5
770.633 3
770.388 1
770.142 3
769.894 3
769.653 3
769.407 2
769.158 5
768.912 4
768.665 4
768.421 2
768.173 1
767.928 2
767.685 5
767.437 4
767.191 2
766.939 2
766.691 0
766.443 4
766.193 2
765.946 1
765.696 2
765.45 2
765.207 1
764.961 4
764.714 1
764.468 3
764.223 3
763.977 1
763.734 3
763.489 3
763.248 1
763.001 1
762.758 4
762.513 5
762.271 4
762.026 5
761.779 3
761.533 3
761.286 0
761.041 4
760.795 1
760.553 4
760.305 3
760.057 4
759.809 5
759.56 3
759.308 3
759.063 2
758.816 1
758.567 1
758.319 3
758.073 1
757.827 2
757.582 2
757.331 0
757.087 1
756.837 3
756.588 4
756.342 6
756.095 3
755.846 1
755.599 7
755.353 3
755.105 3
754.855 4
754.609 3
754.366 1
754.118 2
753.867 4
753.619 4
753.376 2
753.13 1
752.889 1
752.645 4
752.402 5
752.155 2
751.912 2
751.666 4
751.422 4
751.179 4
750.94 4
750.697 4
750.454 1
750.21 0
749.96 4
749.713 3
749.468 1
749.224 4
748.978 0
748.729 4
748.48 4
748.232 6
747.983 2
747.736 3
747.488 0
747.239 4
746.993 3
746.747 1
746.499 1
746.251 1
746.001 2
745.754 3
745.504 1
745.259 5
745.012 0
744.765 0
744.522 3
744.277 1
744.031 3
743.786 0
743.539 2
743.294 1
743.045 5
742.801 2
742.555 3
742.309 2
742.062 1
741.817 1
741.576 3
741.331 3
741.086 1
740.844 3
740.601 4
740.358 2
740.111 3
739.867 2
739.618 1
739.372 1
739.128 5
738.88 0
738.631 1
738.381 3
738.136 2
737.89 3
737.641 5
737.396 3
737.148 3
736.905 1
736.656 2
736.411 3
736.164 3
735.917 4
735.668 1
735.421 6
735.173 2
734.925 2
734.678 1
734.434 2
734.187 2
733.938 2
733.688 2
733.439 3
733.192 3
732.94 1
732.695 5
732.45 0
732.204 1
731.957 2
731.709 1
731.466 2
731.218 2
730.968 3
730.724 1
730.477 6
730.23 2
729.984 2
729.737 2
729.496 3
729.251 3
729.007 0
728.763 1
728.52 4
728.274 3
728.024 0
727.776 3
727.529 1
727.284 3
727.039 1
726.794 0
726.544 2
726.301 3
726.053 0
725.807 2
725.56 3
725.313 3
725.064 0
724.823 5
724.576 2
724.329 1
724.082 1
723.834 1
723.59 2
723.341 4
723.093 1
722.848 1
722.602 3
722.351 3
722.102 3
721.853 3
721.607 4
721.361 4
721.116 3
720.869 2
720.623 5
720.379 1
720.135 2
719.89 3
719.649 1
719.401 2
719.156 3
718.906 7
718.661 2
718.41 4
718.167 2
717.918 2
717.67 2
717.423 1
717.174 3
716.928 3
716.683 2
716.437 1
716.19 1
715.943 3
715.7 3
715.451 3
715.204 3
714.956 2
714.706 2
714.46 2
714.214 2
713.966 5
713.718 4
713.469 1
713.22 7
712.97 2
712.724 4
712.479 2
712.23 3
711.986 5
711.744 1
711.497 0
711.253 2
711.008 7
710.766 7
710.521 3
710.274 3
710.027 0
709.784 2
709.54 3
709.294 2
709.047 2
708.802 2
708.56 3
708.316 3
708.072 2
707.825 1
707.579 1
707.334 6
707.088 1
706.84 4
706.596 3
706.348 1
706.104 5
705.86 3
705.611 3
705.365 4
705.118 2
704.87 3
704.626 4
704.381 2
704.133 2
703.884 3
703.637 3
703.391 5
703.144 4
702.897 2
702.651 0
702.405 7
702.159 3
701.913 5
701.665 2
701.42 4
701.178 1
700.929 2
700.684 5
700.437 1
700.191 5
699.947 0
699.7 2
699.457 3
699.214 1
698.965 3
698.719 2
698.473 1
698.229 4
697.984 1
697.739 1
697.491 6
697.244 2
697.004 5
696.758 1
696.51 2
696.263 1
696.02 2
695.773 1
695.524 5
695.277 1
695.032 0
694.784 8
694.539 1
694.289 2
694.045 2
693.797 3
693.553 5
693.305 8
693.055 3
692.81 1
692.56 4
692.313 2
692.067 4
691.817 3
691.568 1
691.32 2
691.076 1
690.83 5
690.581 2
690.332 2
690.089 2
689.843 5
689.598 3
689.351 3
689.104 3
688.86 6
688.611 1
688.366 2
688.119 1
687.869 5
687.623 3
687.378 1
687.133 1
686.89 0
686.644 1
686.402 3
686.158 3
685.913 2
685.667 4
685.42 5
685.173 1
684.926 2
684.681 2
684.438 2
684.192 2
683.945 3
683.702 2
683.458 1
683.21 1
682.965 4
682.717 1
682.47 6
682.225 4
681.979 2
681.734 6
681.488 4
681.239 1
680.99 1
680.744 3
680.495 1
680.248 2
680.004 1
679.756 1
679.512 1
679.264 5
679.014 2
678.77 3
678.52 0
678.278 2
678.027 4
677.781 3
677.534 0
677.289 5
677.042 4
676.795 5
676.552 0
676.309 1
676.065 3
675.822 4
675.575 1
675.332 3
675.082 4
674.837 1
674.593 3
674.347 4
674.1 2
673.852 2
673.61 3
673.365 2
673.121 0
672.873 2
672.625 1
672.381 1
672.133 1
671.889 1
671.643 3
671.398 1
671.148 2
670.898 2
670.655 5
670.408 4
670.163 5
669.918 2
669.672 2
669.425 5
669.178 1
668.934 0
668.686 3
668.44 2
668.193 2
667.945 5
667.698 3
667.458 2
667.214 4
666.97 4
666.724 3
666.481 1
666.237 3
665.99 4
665.749 5
665.503 1
665.257 4
665.012 4
664.766 2
664.52 3
664.275 1
664.028 4
663.785 4
663.538 4
663.291 3
663.045 4
662.8 0
662.556 6
662.309 0
662.061 0
661.816 3
661.565 0
661.318 5
661.071 4
660.824 7
660.579 6
660.332 4
660.085 2
659.839 4
659.595 5
659.349 4
659.105 3
658.863 1
658.619 1
658.374 5
658.128 1
657.886 1
657.639 2
657.396 7
657.151 3
656.905 8
656.66 1
656.415 3
656.168 3
655.925 3
655.68 3
655.431 1
655.182 1
654.93 3
654.682 2
654.438 1
654.192 2
653.95 2
653.705 1
653.462 0
653.216 2
652.97 2
652.723 4
652.481 2
652.237 1
651.995 3
651.752 4
651.507 1
651.263 2
651.015 1
650.769 5
650.522 3
650.278 1
650.033 0
649.787 4
649.538 3
649.291 5
649.044 6
648.799 2
648.554 2
648.308 3
648.062 3
647.816 2
647.57 2
647.324 0
647.078 4
646.833 2
646.585 4
646.341 7
646.096 4
645.847 3
645.602 0
645.36 4
645.118 5
644.872 3
644.628 2
644.381 5
644.137 3
643.892 4
643.644 4
643.399 4
643.156 3
642.912 4
642.666 2
642.425 5
642.18 3
641.935 8
641.687 4
641.439 2
641.191 3
640.945 5
640.702 2
640.457 3
640.21 5
639.966 1
639.723 3
639.474 2
639.229 3
638.977 1
638.736 2
638.493 1
638.246 5
638.002 4
637.759 3
637.516 4
637.271 2
637.025 2
636.776 2
636.53 3
636.284 5
636.038 4
635.793 2
635.546 3
635.302 3
635.058 4
634.809 4
634.564 4
634.318 5
634.077 4
633.832 1
633.588 4
633.343 4
633.097 1
632.854 2
632.613 3
632.368 3
632.123 6
631.877 5
631.63 4
631.384 5
631.137 2
630.892 2
630.647 4
630.401 2
630.155 2
629.91 2
629.662 3
629.419 5
629.175 3
628.931 1
628.684 2
628.44 1
628.196 1
627.953 5
627.707 3
627.459 4
627.215 1
626.968 4
626.721 4
626.476 2
626.23 1
625.984 4
625.736 1
625.49 7
625.245 5
624.998 5
624.752 4
624.506 4
624.26 4
624.012 1
623.769 2
623.522 4
623.272 1
623.026 4
622.781 2
622.536 4
622.29 4
622.045 3
621.801 1
621.553 7
621.305 2
621.06 5
620.815 4
620.571 6
620.327 7
620.082 3
619.838 6
619.592 5
619.349 8
619.098 4
618.851 2
618.603 7
618.358 6
618.114 3
617.871 2
617.625 9
617.381 4
617.134 6
616.888 2
616.64 0
616.393 6
616.147 2
615.899 3
615.653 6
615.407 1
615.161 3
614.915 4
614.671 3
614.426 2
614.18 2
613.933 2
613.686 5
613.437 5
613.191 5
612.945 6
612.698 5
612.452 6
612.207 5
611.959 4
611.712 6
611.465 2
611.217 3
610.976 3
610.728 1
610.484 3
610.237 3
609.994 6
609.749 5
609.508 4
609.264 11
609.018 2
608.77 6
608.525 9
608.277 6
608.033 4
607.784 6
607.54 4
607.294 6
607.045 3
606.797 4
606.55 3
606.3 3
606.054 7
605.809 3
605.56 3
605.314 1
605.069 9
604.826 6
604.579 8
604.334 6
604.083 6
603.836 4
603.588 6
603.345 4
603.098 3
602.854 5
602.612 5
602.364 11
602.12 5
601.878 1
601.634 2
601.39 5
601.144 5
600.897 13
600.65 3
600.405 12
600.161 4
599.915 4
599.669 7
599.422 8
599.176 3
598.932 9
598.689 6
598.441 4
598.196 3
597.949 6
597.702 7
597.461 4
597.212 9
596.967 5
596.718 8
596.478 9
596.233 4
595.987 4
595.743 6
595.498 7
595.251 4
595.008 5
594.763 6
594.517 6
594.27 5
594.028 6
593.785 5
593.543 7
593.303 9
593.061 1
592.813 8
592.568 9
592.323 4
592.081 15
591.837 7
591.595 6
591.351 4
591.106 4
590.864 5
590.622 2
590.373 7
590.125 5
589.878 12
589.632 7
589.387 6
589.143 5
588.898 10
588.652 5
588.407 9
588.166 6
587.92 6
587.677 7
587.432 8
587.186 5
586.944 3
586.701 9
586.455 5
586.211 12
585.963 10
585.721 7
585.474 3
585.229 10
584.983 9
584.739 5
584.495 14
584.249 9
584.004 8
583.76 4
583.517 6
583.271 6
583.029 8
582.782 7
582.539 15
582.294 10
582.05 4
581.806 6
581.562 8
581.314 8
581.069 6
580.822 10
580.577 6
580.333 9
580.089 11
579.847 11
579.605 3
579.362 6
579.12 7
578.872 6
578.629 7
578.387 8
578.145 6
577.899 11
577.659 11
577.415 9
577.17 11
576.924 6
576.677 7
576.433 11
576.187 10
575.939 9
575.696 9
575.45 8
575.205 6
574.956 7
574.711 8
574.465 4
574.223 10
573.981 8
573.738 7
573.492 5
573.242 9
572.997 9
572.752 8
572.507 11
572.262 7
572.018 7
571.774 5
571.531 5
571.286 9
571.041 18
570.795 12
570.554 10
570.305 10
570.063 8
569.816 10
569.572 10
569.327 7
569.08 10
568.835 11
568.593 14
568.349 15
568.104 9
567.857 8
567.617 9
567.376 9
567.131 13
566.882 19
566.638 12
566.397 11
566.152 11
565.908 12
565.665 11
565.42 14
565.176 3
564.932 5
564.686 14
564.439 8
564.196 12
563.954 9
563.709 6
563.463 10
563.217 8
562.969 9
562.727 7
562.481 13
562.239 11
561.994 10
561.747 14
561.498 20
561.253 7
561.01 16
560.767 5
560.524 14
560.283 12
560.038 13
559.792 9
559.547 12
559.302 8
559.055 13
558.806 10
558.562 10
558.317 12
558.075 9
557.832 10
557.586 12
557.341 11
557.094 9
556.849 17
556.607 15
556.364 12
556.119 11
555.875 18
555.634 9
555.391 12
555.144 8
554.902 12
554.654 19
554.408 9
554.159 9
553.918 12
553.675 15
553.432 12
553.187 12
552.94 12
552.697 18
552.453 8
552.209 11
551.966 12
551.722 12
551.478 16
551.232 7
550.984 13
550.74 14
550.5 10
550.255 14
550.011 14
549.762 11
549.516 16
549.275 16
549.029 10
548.782 8
548.538 13
548.293 10
548.051 19
547.808 8
547.564 13
547.322 15
547.079 8
546.832 13
546.587 9
546.345 16
546.099 10
545.853 11
545.609 17
545.362 14
545.117 20
544.875 10
544.628 16
544.386 15
544.141 15
543.897 14
543.651 15
543.406 11
543.161 15
542.917 11
542.673 12
542.431 14
542.186 18
541.94 24
541.694 24
541.453 19
541.204 20
540.962 15
540.715 15
540.47 14
540.226 14
539.978 16
539.735 19
539.491 16
539.246 18
539.001 13
538.754 16
538.511 15
538.266 18
538.021 24
537.772 12
537.524 13
537.278 18
537.03 18
536.788 16
536.543 12
536.298 12
536.056 19
535.813 12
535.572 26
535.332 18
535.085 18
534.839 15
534.602 14
534.355 24
534.111 20
533.866 15
533.623 18
533.379 21
533.133 23
532.892 17
532.649 17
532.403 12
532.157 23
531.914 19
531.67 17
531.426 15
531.182 21
530.936 14
530.692 19
530.446 21
530.2 19
529.958 14
529.715 16
529.472 17
529.225 14
528.981 25
528.734 17
528.491 17
528.245 19
528.002 20
527.754 20
527.511 16
527.267 19
527.019 26
526.776 22
526.532 26
526.286 13
526.04 16
525.792 16
525.547 18
525.305 19
525.063 11
524.82 22
524.576 10
524.331 14
524.087 20
523.843 23
523.6 13
523.355 24
523.112 26
522.868 10
522.625 22
522.378 18
522.136 19
521.892 12
521.65 22
521.408 17
521.16 14
520.917 20
520.672 18
520.425 22
520.18 16
519.936 24
519.69 16
519.443 18
519.199 23
518.954 15
518.71 26
518.467 18
518.226 12
517.981 22
517.738 20
517.491 25
517.25 19
517.003 18
516.758 17
516.51 23
516.266 21
516.022 23
515.78 17
515.538 16
515.292 17
515.049 13
514.805 17
514.556 24
514.313 21
514.067 20
513.824 21
513.581 17
513.337 18
513.093 29
512.85 27
512.605 21
512.366 17
512.121 18
511.878 12
511.631 21
511.389 26
511.144 24
510.897 19
510.651 26
510.405 24
510.159 19
509.915 20
509.672 21
509.43 24
509.185 26
508.938 27
508.694 19
508.45 19
508.206 14
507.963 17
507.719 21
507.474 16
507.227 29
506.979 29
506.734 23
506.492 25
506.243 22
506.002 21
505.758 23
505.515 18
505.274 27
505.03 24
504.789 24
504.545 29
504.296 25
504.05 25
503.807 27
503.564 26
503.316 21
503.074 17
502.827 30
502.583 26
502.337 23
502.095 32
501.851 19
501.606 18
501.358 23
501.112 36
500.867 28
500.624 13
500.379 27
500.135 22
499.892 20
499.648 33
499.404 14
499.159 25
498.919 20
498.674 25
498.428 26
498.186 27
497.938 16
497.692 30
497.446 31
497.199 34
496.96 27
496.715 22
496.471 16
496.226 24
495.981 30
495.735 30
495.49 22
495.243 25
494.995 31
494.751 34
494.506 18
494.262 22
494.017 22
493.775 25
493.534 22
493.291 28
493.048 20
492.806 36
492.563 30
492.323 32
492.081 26
491.838 21
491.593 26
491.348 23
491.104 26
490.863 14
490.614 31
490.367 22
490.12 29
489.877 19
489.631 16
489.386 23
489.138 30
488.893 34
488.647 17
488.402 24
488.156 29
487.911 26
487.664 20
487.421 28
487.174 24
486.931 28
486.686 34
486.44 25
486.193 21
485.947 31
485.703 21
485.454 27
485.211 27
484.96 29
484.716 36
484.475 27
484.232 29
483.989 19
483.742 19
483.497 26
483.251 35
483.009 23
482.768 26
482.52 18
482.277 34
482.031 29
481.784 31
481.538 31
481.293 26
481.052 22
480.802 36
480.559 22
480.311 30
480.065 30
479.82 24
479.57 33
479.324 27
479.081 35
478.839 35
478.593 26
478.35 29
478.102 28
477.861 24
477.613 36
477.368 39
477.124 28
476.878 25
476.631 35
476.388 31
476.142 33
475.896 35
475.657 20
475.412 33
475.167 42
474.923 28
474.68 35
474.436 24
474.19 33
473.945 32
473.701 28
473.456 31
473.213 20
472.97 43
472.725 40
472.481 39
472.237 41
471.995 39
471.751 21
471.51 21
471.263 40
471.02 26
470.775 34
470.532 25
470.289 28
470.042 21
469.797 36
469.554 37
469.309 32
469.064 27
468.817 34
468.573 31
468.326 25
468.082 25
467.837 46
467.595 36
467.348 27
467.102 27
466.859 38
466.616 35
466.374 31
466.129 37
465.883 33
465.639 29
465.391 25
465.148 36
464.905 31
464.659 32
464.415 27
464.171 37
463.923 30
463.679 31
463.435 18
463.193 20
462.947 29
462.702 36
462.458 39
462.213 37
461.967 27
461.722 32
461.48 32
461.237 28
460.991 30
460.747 40
460.503 26
460.26 39
460.018 23
459.774 33
459.53 40
459.284 39
459.038 39
458.791 48
458.541 31
458.298 35
458.057 37
457.815 28
457.571 31
457.325 31
457.083 43
456.836 36
456.588 31
456.347 28
456.102 39
455.859 38
455.616 38
455.372 34
455.127 38
454.882 35
454.638 39
454.395 26
454.152 37
453.906 32
453.664 37
453.419 30
453.172 35
452.929 39
452.686 42
452.445 37
452.2 28
451.96 42
451.717 34
451.47 25
451.224 50
450.98 40
450.734 36
450.491 42
450.245 30
449.999 45
449.75 43
449.506 32
449.262 42
449.019 34
448.775 21
448.529 40
448.284 49
448.04 31
447.797 45
447.552 47
447.307 37
447.062 33
446.816 34
446.572 40
446.327 37
446.082 42
445.837 32
445.589 45
445.346 33
445.099 31
444.855 33
444.609 44
444.367 40
444.12 41
443.878 37
443.633 28
443.389 45
443.145 44
442.902 37
442.661 42
442.418 44
442.173 30
441.929 41
441.685 28
441.44 42
441.197 34
440.957 31
440.709 30
440.466 46
440.223 52
439.977 31
439.733 54
439.489 29
439.242 42
438.997 33
438.752 46
438.506 47
438.257 47
438.009 33
437.766 40
437.523 46
437.279 32
437.035 34
436.792 36
436.548 42
436.303 50
436.058 43
435.812 42
435.566 40
435.321 45
435.074 42
434.829 50
434.585 44
434.343 54
434.097 33
433.853 40
433.606 38
433.36 31
433.115 43
432.869 50
432.623 35
432.372 41
432.129 41
431.882 37
431.639 39
431.392 36
431.151 38
430.907 34
430.658 40
430.413 44
430.169 33
429.921 35
429.675 35
429.428 41
429.184 68
428.941 60
428.699 45
428.454 28
428.206 36
427.964 36
427.722 40
427.48 48
427.239 49
426.996 47
426.753 57
426.509 38
426.263 49
426.021 35
425.773 48
425.527 47
425.282 45
425.036 30
424.791 37
424.545 54
424.303 54
424.057 59
423.812 39
423.569 50
423.326 49
423.082 39
422.837 33
422.591 43
422.348 36
422.106 48
421.861 41
421.62 45
421.376 55
421.132 48
420.888 40
420.644 40
420.402 41
420.158 47
419.914 32
419.666 45
419.422 47
419.176 45
418.933 38
418.687 41
418.442 40
418.198 50
417.956 42
417.713 46
417.47 42
417.226 46
416.983 47
416.736 44
416.494 40
416.249 59
416.006 47
415.763 43
415.519 30
415.274 43
415.034 49
414.792 48
414.549 45
414.305 47
414.062 43
413.82 42
413.578 55
413.335 45
413.091 49
412.847 44
412.601 41
412.358 50
412.112 32
411.869 50
411.628 46
411.385 41
411.14 49
410.895 35
410.647 45
410.405 38
410.156 40
409.915 50
409.671 58
409.429 52
409.184 47
408.943 45
408.699 40
408.453 41
408.208 47
407.962 39
407.717 42
407.474 40
407.23 55
406.984 47
406.743 65
406.498 43
406.248 48
406.003 69
405.758 41
405.514 49
405.27 41
405.024 52
404.776 46
404.53 60
404.287 49
404.042 67
403.799 49
403.556 53
403.31 40
403.064 49
402.821 67
402.574 41
402.33 57
402.084 50
401.839 46
401.595 38
401.351 38
401.106 40
400.861 52
400.616 43
400.374 49
400.129 51
399.886 45
399.642 42
399.399 61
399.156 43
398.913 46
398.671 41
398.423 40
398.178 51
397.933 54
397.691 54
397.449 40
397.205 61
396.962 60
396.718 53
396.472 49
396.227 43
395.981 45
395.735 36
395.489 48
395.244 54
394.998 55
394.756 44
394.509 52
394.259 59
394.016 56
393.773 57
393.525 46
393.28 47
393.033 71
392.788 57
392.543 61
392.299 46
392.05 58
391.806 58
391.558 54
391.312 55
391.069 51
390.821 55
390.572 47
390.328 51
390.082 57
389.836 55
389.589 54
389.343 51
389.095 51
388.849 61
388.602 55
388.357 41
388.11 51
387.862 59
387.617 54
387.37 49
387.125 60
386.88 48
386.634 54
386.383 64
386.139 46
385.893 51
385.644 50
385.394 52
385.148 48
384.905 61
384.656 48
384.408 46
384.159 52
383.912 54
383.661 53
383.414 50
383.166 51
382.916 49
382.667 57
382.42 44
382.173 57
381.93 45
381.684 61
381.437 64
381.19 43
380.943 43
380.698 55
380.453 78
380.203 61
379.958 57
379.714 71
379.467 51
379.219 54
378.971 51
378.727 62
378.478 54
378.233 60
377.986 50
377.739 50
377.495 57
377.248 47
377 54
376.75 45
376.503 57
376.25 62
376.006 52
375.761 41
375.513 44
375.265 48
375.02 65
374.769 76
374.52 45
374.269 33
374.023 63
373.775 41
373.53 49
373.281 55
373.034 54
372.787 61
372.54 46
372.293 46
372.048 59
371.804 53
371.558 52
371.311 48
371.063 54
370.819 45
370.573 48
370.328 65
370.082 44
369.839 56
369.592 53
369.343 57
369.096 50
368.848 71
368.602 57
368.353 52
368.104 51
367.857 61
367.607 54
367.36 45
367.115 60
366.867 59
366.617 55
366.371 48
366.125 61
365.879 60
365.632 53
365.385 54
365.139 57
364.89 59
364.641 53
364.395 47
364.15 70
363.902 56
363.656 57
363.411 46
363.164 66
362.914 51
362.667 56
362.423 44
362.175 60
361.928 54
361.68 69
361.432 55
361.182 53
360.938 62
360.688 61
360.441 40
360.195 55
359.942 54
359.692 54
359.443 58
359.197 56
358.948 64
358.7 51
358.451 61
358.205 54
357.96 51
357.716 50
357.468 48
357.218 48
356.977 55
356.731 48
356.482 52
356.232 53
355.983 67
355.733 47
355.488 57
355.239 41
354.99 53
354.744 56
354.498 59
354.249 70
354 59
353.754 58
353.509 75
353.264 44
353.017 68
352.774 52
352.525 58
352.277 51
352.032 60
351.786 58
351.535 44
351.289 60
351.045 58
350.8 55
350.552 62
350.307 65
350.061 64
349.808 67
349.563 59
349.319 57
349.072 66
348.826 53
348.575 65
348.326 69
348.078 60
347.832 49
347.586 66
347.34 43
347.089 57
346.843 54
346.595 50
346.347 47
346.098 52
345.849 64
345.599 57
345.356 59
345.108 65
344.858 56
344.611 52
344.365 61
344.118 53
343.868 68
343.627 65
343.383 58
343.133 54
342.884 56
342.632 69
342.388 64
342.142 55
341.894 55
341.647 71
341.401 68
341.156 54
340.908 57
340.662 68
340.415 55
340.167 55
339.919 69
339.675 54
339.429 69
339.186 62
338.936 68
338.688 49
338.441 68
338.193 61
337.946 57
337.698 58
337.452 48
337.202 71
336.956 51
336.711 72
336.464 57
336.216 73
335.968 64
335.721 66
335.473 59
335.226 69
334.977 58
334.728 62
334.477 78
334.228 63
333.984 59
333.737 58
333.493 69
333.244 60
332.998 67
332.752 66
332.504 52
332.257 54
332.012 66
331.767 66
331.522 53
331.277 65
331.032 81
330.786 53
330.542 56
330.297 67
330.048 45
329.798 54
329.554 63
329.304 66
329.058 69
328.81 49
328.562 53
328.315 71
328.067 70
327.821 62
327.571 66
327.326 58
327.079 67
326.831 57
326.581 73
326.334 69
326.088 58
325.837 70
325.591 61
325.346 68
325.103 66
324.853 65
324.609 40
324.359 55
324.108 59
323.862 56
323.612 66
323.367 59
323.122 56
322.875 52
322.628 64
322.379 55
322.134 72
321.883 61
321.635 57
321.391 72
321.148 73
320.9 73
320.654 63
320.406 85
320.16 60
319.914 57
319.67 75
319.427 53
319.184 53
318.938 68
318.687 52
318.442 81
318.191 74
317.94 63
317.692 61
317.442 56
317.195 54
316.947 52
316.699 50
316.452 61
316.205 61
315.96 59
315.715 49
315.467 74
315.221 64
314.974 60
314.725 73
314.478 77
314.23 80
313.989 67
313.741 66
313.493 66
313.251 69
313.004 63
312.758 68
312.515 63
312.27 65
312.022 65
311.773 47
311.525 74
311.279 56
311.032 65
310.786 54
310.54 66
310.296 53
310.049 47
309.8 57
309.554 59
309.308 73
309.06 51
308.813 59
308.568 55
308.319 69
308.068 59
307.82 65
307.572 58
307.325 53
307.08 52
306.833 54
306.587 53
306.34 59
306.092 66
305.843 70
305.593 73
305.346 63
305.104 61
304.858 78
304.609 72
304.36 62
304.115 76
303.871 67
303.623 70
303.379 64
303.134 72
302.889 64
302.642 78
302.398 59
302.149 53
301.905 60
301.659 57
301.413 61
301.165 65
300.92 52
300.673 69
300.431 71
300.182 77
299.935 56
299.688 59
299.443 81
299.195 69
298.946 71
298.7 59
298.453 63
298.205 72
297.959 66
297.712 58
297.467 45
297.222 77
296.971 58
296.724 73
296.475 66
296.231 85
295.987 80
295.738 64
295.493 54
295.246 61
294.999 73
294.753 48
294.505 72
294.258 57
294.012 67
293.762 60
293.514 61
293.267 58
293.019 65
292.77 59
292.524 62
292.276 68
292.029 65
291.781 58
291.536 51
291.29 72
291.045 67
290.794 51
290.545 63
290.298 68
290.053 59
289.806 61
289.559 63
289.31 64
289.066 79
288.817 52
288.569 66
288.321 60
288.071 83
287.823 74
287.575 66
287.33 87
287.084 63
286.836 72
286.59 58
286.348 60
286.101 60
285.855 66
285.61 66
285.364 64
285.119 62
284.875 69
284.626 68
284.381 74
284.136 68
283.889 73
283.639 71
283.388 68
283.142 60
282.897 72
282.65 60
282.403 60
282.154 53
281.907 64
281.659 71
281.414 57
281.168 62
280.924 72
280.675 63
280.426 53
280.177 76
279.932 56
279.685 67
279.435 59
279.184 55
278.935 65
278.688 67
278.442 78
278.195 71
277.946 60
277.694 64
277.447 63
277.202 54
276.953 74
276.707 64
276.46 57
276.212 64
275.961 72
275.713 52
275.463 56
275.216 61
274.969 61
274.721 67
274.476 66
274.23 62
273.985 57
273.735 71
273.487 72
273.242 54
272.997 63
272.748 60
272.5 69
272.253 64
272.006 58
271.76 77
271.515 58
271.265 59
271.016 65
270.77 47
270.521 74
270.276 60
270.028 62
269.779 64
269.53 53
269.282 67
269.034 51
268.788 58
268.537 58
268.291 51
268.045 44
267.801 58
267.554 63
267.309 47
267.064 52
266.815 59
266.567 56
266.324 67
266.076 74
265.83 67
265.585 67
265.339 63
265.093 55
264.847 51
264.599 57
264.35 62
264.106 53
263.858 57
263.61 52
263.363 54
263.113 41
262.868 60
262.62 65
262.378 58
262.134 67
261.889 63
261.641 60
261.398 66
261.153 60
260.906 52
260.662 63
260.415 69
260.167 47
259.922 73
259.673 51
259.428 64
259.179 45
258.929 50
258.683 49
258.434 64
258.186 59
257.939 61
257.694 51
257.447 70
257.199 59
256.953 59
256.707 48
256.46 52
256.21 58
255.963 60
255.716 55
255.472 67
255.221 52
254.976 73
254.733 52
254.482 55
254.236 54
253.987 61
253.74 49
253.493 62
253.249 56
253.004 73
252.757 67
252.51 69
252.264 65
252.016 52
251.767 55
251.52 69
251.272 61
251.024 54
250.78 57
250.536 39
250.29 55
250.042 51
249.797 59
249.547 61
249.3 48
249.05 53
248.804 54
248.558 66
248.312 60
248.065 58
247.816 52
247.572 55
247.323 67
247.076 56
246.831 54
246.582 44
246.334 52
246.087 55
245.841 42
245.59 57
245.341 48
245.096 50
244.85 68
244.605 52
244.356 48
244.109 58
243.865 55
243.617 42
243.366 39
243.12 50
242.873 47
242.621 43
242.374 55
242.128 53
241.878 46
241.636 46
241.389 62
241.141 60
240.897 53
240.651 54
240.404 59
240.155 64
239.907 40
239.658 56
239.412 59
239.164 40
238.922 64
238.678 58
238.43 47
238.18 55
237.935 57
237.688 52
237.44 58
237.194 50
236.95 46
236.705 37
236.456 39
236.214 50
235.967 51
235.717 45
235.471 41
235.224 44
234.976 53
234.731 46
234.488 42
234.242 52
233.991 64
233.743 49
233.493 49
233.247 47
232.999 54
232.751 51
232.503 42
232.258 47
232.01 43
231.764 41
231.516 51
231.268 43
231.018 55
230.767 52
230.52 50
230.275 42
230.029 43
229.781 50
229.532 43
229.285 60
229.037 40
228.791 52
228.543 51
228.296 49
228.051 39
227.804 42
227.559 34
227.311 48
227.06 39
226.812 34
226.564 45
226.316 44
226.07 49
225.821 41
225.574 44
225.323 40
225.074 34
224.828 51
224.58 40
224.332 51
224.088 45
223.841 39
223.595 47
223.346 51
223.101 38
222.852 45
222.607 56
222.365 41
222.114 44
221.867 35
221.62 43
221.373 34
221.127 46
220.881 42
220.636 47
220.39 32
220.144 31
219.897 40
219.65 44
219.404 28
219.155 35
218.91 51
218.664 38
218.418 30
218.172 50
217.924 41
217.679 53
217.434 44
217.187 43
216.939 53
216.694 35
216.447 40
216.201 50
215.953 49
215.706 44
215.458 49
215.208 44
214.962 45
214.717 47
214.47 37
214.223 52
213.974 52
213.726 35
213.479 39
213.232 37
212.985 47
212.737 42
212.487 43
212.242 43
211.995 41
211.747 39
211.497 29
211.251 40
211.005 37
210.759 40
210.509 33
210.261 45
210.014 34
209.767 40
209.52 37
209.276 51
209.028 42
208.783 34
208.536 42
208.291 39
208.043 28
207.799 50
207.556 48
207.31 35
207.064 50
206.818 35
206.571 31
206.329 38
206.082 36
205.837 33
205.59 36
205.347 31
205.101 38
204.856 40
204.608 39
204.364 37
204.116 41
203.872 25
203.623 26
203.375 34
203.128 43
202.88 44
202.632 27
202.387 32
202.141 23
201.895 36
201.646 39
201.4 27
201.154 29
200.91 34
200.664 32
200.415 26
200.17 35
199.926 26
199.678 32
199.429 27
199.182 32
198.934 33
198.687 32
198.442 33
198.194 33
197.951 29
197.702 33
197.458 40
197.209 35
196.965 33
196.718 23
196.472 34
196.228 35
195.978 32
195.731 31
195.486 23
195.241 41
194.994 29
194.744 27
194.497 34
194.251 36
194.005 23
193.758 31
193.516 23
193.272 33
193.024 25
192.777 30
192.534 30
192.289 29
192.044 31
191.801 29
191.554 27
191.308 26
191.062 20
190.819 23
190.57 25
190.323 31
190.076 22
189.831 27
189.586 25
189.342 29
189.096 10
188.85 37
188.604 23
188.357 28
188.11 21
187.864 26
187.621 16
187.374 24
187.128 23
186.884 24
186.638 26
186.392 27
186.145 21
185.895 20
185.648 26
185.402 28
185.154 31
184.907 23
184.658 16
184.412 22
184.165 22
183.919 22
183.672 7
183.422 27
183.174 30
182.929 13
182.683 15
182.434 21
182.189 20
181.943 16
181.695 13
181.446 24
181.202 17
180.953 13
180.708 17
180.464 21
180.216 22
179.969 21
179.721 10
179.474 12
179.228 13
178.982 15
178.736 21
178.49 21
178.242 16
177.998 12
177.752 15
177.505 13
177.262 17
177.015 12
176.77 22
176.521 18
176.272 10
176.029 13
175.783 23
175.538 14
175.294 15
175.047 9
174.797 23
174.552 15
174.304 17
174.056 12
173.813 17
173.568 9
173.32 12
173.074 16
172.829 20
172.581 17
172.334 16
172.09 14
171.844 19
171.596 14
171.351 18
171.108 10
170.864 9
170.618 14
170.37 11
170.125 14
169.874 13
169.63 8
169.38 11
169.132 20
168.888 17
168.639 16
168.394 12
168.146 10
167.901 7
167.651 11
167.407 9
167.161 12
166.916 13
166.671 17
166.424 9
166.176 17
165.929 15
165.685 9
165.442 21
165.195 10
164.948 9
164.704 12
164.456 8
164.207 11
163.965 9
163.718 9
163.474 7
163.228 10
162.98 9
162.733 5
162.488 8
162.239 5
161.993 9
161.749 16
161.504 16
161.258 14
161.011 10
160.767 5
160.52 13
160.272 6
160.027 12
159.781 17
159.536 15
159.294 12
159.051 8
158.807 12
158.562 12
158.313 17
158.066 9
157.816 11
157.567 12
157.321 13
157.075 9
156.828 14
156.581 13
156.335 11
156.087 10
155.84 9
155.591 13
155.345 9
155.098 14
154.85 20
154.606 16
154.358 19
154.111 7
153.865 16
153.618 17
153.376 13
153.128 6
152.883 6
152.638 11
152.387 8
152.142 13
151.896 5
151.65 6
151.404 13
151.158 12
150.911 10
150.668 9
150.42 10
150.175 6
149.926 8
149.683 13
149.432 9
149.183 11
148.935 8
148.688 9
148.445 20
148.2 7
147.955 8
147.709 12
147.464 10
147.218 13
146.972 8
146.729 11
146.482 12
146.237 9
145.987 13
145.738 9
145.494 11
145.248 10
145.003 14
144.76 7
144.513 7
144.269 6
144.025 17
143.778 12
143.529 12
143.283 9
143.039 8
142.795 14
142.548 13
142.303 11
142.056 14
141.811 8
141.567 8
141.318 11
141.068 9
140.821 14
140.576 11
140.327 6
140.082 5
139.833 7
139.59 7
139.343 9
139.097 5
138.851 11
138.607 6
138.36 8
138.115 5
137.871 11
137.627 7
137.378 5
137.129 6
136.885 9
136.636 9
136.392 9
136.144 11
135.899 9
135.656 8
135.407 9
135.161 5
134.913 6
134.666 10
134.42 9
134.173 3
133.923 6
133.673 7
133.426 9
133.178 7
132.93 6
132.685 7
132.438 10
132.192 4
131.949 5
131.703 5
131.456 8
131.21 9
130.964 5
130.72 7
130.474 8
130.225 8
129.98 3
129.734 7
129.485 4
129.239 4
128.995 5
128.75 5
128.504 3
128.258 6
128.012 3
127.767 5
127.518 1
127.276 5
127.034 4
126.788 2
126.543 8
126.298 4
126.054 2
125.811 0
125.565 2
125.315 2
125.069 0
124.819 2
124.569 1
124.322 1
124.08 3
123.833 7
123.587 0
123.338 2
123.094 3
122.849 0
122.604 2
122.355 1
122.111 0
121.867 7
121.62 1
121.372 3
121.124 4
120.879 3
120.638 3
120.394 5
120.151 2
119.904 0
119.657 0
119.412 4
119.165 1
118.913 2
118.671 3
118.428 2
118.18 2
117.93 3
117.683 3
117.435 2
117.191 0
116.944 1
116.7 2
116.451 4
116.205 0
115.956 1
115.71 0
115.464 1
115.217 2
114.97 3
114.723 1
114.48 1
114.231 1
113.983 4
113.735 3
113.491 3
113.245 1
112.998 1
112.752 2
112.51 2
112.263 3
112.016 1
111.769 2
111.526 0
111.278 1
111.034 3
110.791 4
110.546 0
110.3 2
110.053 4
109.808 4
109.561 0
109.314 3
109.067 1
108.822 0
108.573 2
108.326 1
108.08 3
107.833 3
107.589 8
107.343 2
107.096 0
106.848 1
106.603 1
106.358 3
106.109 2
105.864 6
105.617 2
105.37 2
105.122 1
104.874 1
104.624 3
104.374 0
104.125 1
103.875 1
103.625 6
103.378 3
103.135 2
102.888 4
102.64 3
102.398 3
102.15 1
101.904 3
101.657 1
101.412 3
101.166 2
100.922 3
100.672 2
100.428 2
100.178 3
99.9322 0
99.6862 3
99.4392 0
99.1972 4
98.9532 2
98.7042 5
98.4572 2
98.2132 4
97.9672 1
97.7202 1
97.4702 2
97.2232 1
96.9772 1
96.7312 1
96.4823 4
96.2331 1
95.988 4
95.7414 3
95.495 4
95.2482 3
95.0012 3
94.7569 2
94.5108 2
94.2626 1
94.0174 6
93.7725 0
93.5256 2
93.2748 3
93.0277 5
92.7792 4
92.5305 0
92.2868 6
92.0406 5
91.794 1
91.5452 4
91.2989 4
91.053 5
90.8065 2
90.5598 2
90.3125 5
90.0657 3
89.8219 5
89.5735 5
89.3249 2
89.0787 1
88.8296 1
88.5835 2
88.3364 5
88.0875 1
87.8419 4
87.5926 1
87.3474 3
87.1 3
86.8541 9
86.6084 4
86.3642 2
86.116 5
85.8691 1
85.6218 3
85.3731 1
85.1292 2
84.8839 4
84.6349 2
84.3833 3
84.1348 2
83.8882 5
83.6433 2
83.3934 2
83.148 5
82.8997 3
82.6533 1
82.4103 7
82.1654 5
81.9206 1
81.6743 1
81.4277 1
81.1803 2
80.9346 3
80.6851 0
80.4363 3
80.1915 4
79.9442 5
79.6977 3
79.4536 3
79.2062 2
78.9598 1
78.7135 1
78.4682 1
78.2216 3
77.9733 2
77.7217 3
77.4757 2
77.2308 2
76.9845 4
76.7404 2
76.4929 4
76.2414 0
75.9945 1
75.743 1
75.4937 2
75.2466 2
75.0004 1
74.7558 1
74.5116 1
74.2662 1
74.0229 3
73.7777 6
73.5328 3
73.2857 1
73.0407 1
72.794 2
72.55 3
72.307 1
72.0621 3
71.8141 3
71.569 2
71.3241 3
71.0777 0
70.8309 2
70.5818 3
70.3372 3
70.0883 5
69.8408 0
69.5919 2
69.3501 1
69.1071 1
68.8624 3
68.6169 0
68.3709 2
68.1241 2
67.8796 3
67.6347 4
67.388 1
67.1449 3
66.9033 1
66.6593 2
66.413 8
66.1629 2
65.9173 1
65.6695 2
65.4251 3
65.1802 1
64.9318 2
64.6872 3
64.4424 3
64.1924 0
63.9456 4
63.6988 4
63.4523 3
63.2025 4
62.9559 3
62.7086 2
62.4619 1
62.2187 1
61.9714 2
61.723 4
61.4751 1
61.2259 2
60.9798 6
60.7377 0
60.4925 2
60.2473 2
59.9976 3
59.7529 2
59.5049 1
59.2572 2
59.0085 1
58.7597 1
58.5127 5
58.2678 1
58.0202 3
57.767 3
57.5208 1
57.2761 5
57.0313 3
56.7843 0
56.5381 1
56.2904 5
56.0401 0
55.7918 2
55.542 1
55.2943 4
55.0466 5
54.8019 3
54.5558 6
54.3076 2
54.0621 2
53.8174 1
53.5703 3
53.323 2
53.0753 2
52.8268 1
52.5797 3
52.3347 1
52.0831 2
51.8393 2
51.5959 3
51.3486 1
51.1013 2
50.8578 2
50.6135 2
50.3681 0
50.1236 4
49.8742 7
49.6292 2
49.3834 3
49.1373 2
48.8918 1
48.6402 3
48.3906 5
48.1407 4
47.8957 0
47.6464 2
47.3952 2
47.1466 1
46.8994 3
46.65 2
46.4027 4
46.159 1
45.9114 3
45.6658 2
45.4223 2
45.1763 2
44.9315 1
44.6858 0
44.4404 2
44.1982 2
43.9517 4
43.7058 4
43.4637 4
43.2178 3
42.9677 3
42.7224 2
42.4756 2
42.2284 4
41.9844 5
41.7389 1
41.4927 5
41.2453 3
40.9964 2
40.751 5
40.5012 3
40.2543 6
40.0086 1
39.7617 3
39.5163 2
39.2689 2
39.0217 1
38.7785 3
38.533 2
38.2877 5
38.0406 3
37.7957 2
37.5505 2
37.3045 1
37.0545 2
36.8074 2
36.5573 4
36.3099 5
36.0618 7
35.8106 3
35.5604 0
35.3093 3
35.0612 2
34.812 3
34.5645 2
34.3135 5
34.0657 4
33.8172 3
33.5713 5
33.323 5
33.0744 1
32.829 1
32.5834 2
32.337 2
32.0904 1
31.8439 4
31.6019 4
31.3543 1
31.1096 3
30.8652 3
30.6206 0
30.3754 3
30.1293 1
29.8794 8
29.635 1
29.3875 5
29.1409 2
28.8938 4
28.647 5
28.4003 2
28.1526 4
27.9071 3
27.6613 5
27.4175 2
27.1697 1
26.9245 1
26.6775 3
26.4326 2
26.1862 3
25.9436 2
25.6965 3
25.4477 1
25.2035 6
24.9561 10
24.7111 4
24.4761 5
24.2496 5
24.0368 13
23.8393 5
23.6653 3
23.5166 3
23.3892 3
23.284 4
23.1922 4
23.1154 1
26.3294 3
0 3
0 4
0 8
0 5
0 1
0 5
0 8
0 8
0 5
0 4
0 10
0 4
0 7
0 5
0 9
0 10
0 5
0 7
0 13
0 9
0 8
0 9
0 15
0 11
0 7
0 10
0 17
0 13
0 13
0 18
0 8
0 16
0 15
0 21
0 23
0 17
0 20
0 20
0 15
0 21
0 24
0 37
0 38
0 45
0 51
0 58
0 72
0 85
0 100
0 131
0 158
0 184
0 243
0 281
0 315
0 333
0 404
0 482
0 480
0 593
0 642
0 720
0 780
0 786
0 829
0 904
0 937
0 924
0 976
0 982
0 963
0 998
0 960
0 881
0 900
0 839
0 849
0 792
0 692
0 745
0 623
0 590
0 476
0 462
0 430
0 414
0 374
0 322
0 278
0 280
0 266
0 247
0 186
0 184
0 179
0 149
0 145
0 139
0 111
0 114
0 130
0 92
0 96
0 76
0 80
0 83
0 72
0 76
0 75
0 57
0 62
0 41
0 51
0 46
0 49
0 40
0 28
0 35
0 29
0 24
0 24
0 12
0 15
0 15
0 14
0 22
0 13
0 13
0 14
0 7
0 14
0 10
0 12
0 7
0 11
0 6
0 2
0 11
0 2
0 3
0 2
0 3
0 4
0 5
0 2
0 4
0 4
0 4
0 3
0 6
0 2
0 4
0 1
0 3
0 3
0 1
0 4
0 1
0 1
0 6
0 1
0 0
0 2
0 1
0 0
0 2
0 4
0 3
0 3
0 3
0 1
0 1
0 1
0 1
0 2
0 1
0 3
0 2
0 2
0 1
0 2
0 2
0 0
0 0
0 1
0 3
0 1
0 1
0 5
0 1
0 1
0 4
0 2
0 3
0 2
0 4
0 1
0 4
0 3
0 1
0 3
0 1
0 3
0 4
0 6
0 3
0 3
0 1
0 3
0 0
0 1
0 2
0 4
0 3
0 1
0 3
0 4
0 4
0 7
0 1
0 1
0 1
0 4
0 4
0 1
0 2
0 2
0 4
0 3
0 4
0 2
0 4
0 1
0 5
0 5
0 4
0 1
0 2
0 3
0 3
0 5
0 1
0 0
0 5
0 3
0 1
0 2
0 2
0 1
0 0
0 5
0 2
0 1
0 1
0 1
0 3
0 2
0 1
0 3
0 4
0 2
0 1
0 1
0 2
0 5
0 0
0 3
0 2
0 3
0 1
0 0
0 0
0 3
0 0
0 2
0 5
0 3
0 2
0 3
0 4
0 1
0 4
0 6
0 2
0 3
0 1
0 1
0 0
0 0
0 4
0 3
0 1
0 1
0 3
0 2
0 1
0 1
0 4
0 2
0 1
0 4
0 1
0 4
0 0
0 5
0 1
0 4
0 3
0 1
0 1
0 1
0 2
0 5
0 3
0 5
0 4
0 4
0 2
0 1
0 5
0 3
0 2
0 3
0 2
0 3
0 2
0 4
0 1
0 2
0 0
0 1
0 2
0 2
0 6
0 4
0 3
0 2
0 3
0 0
0 0
0 0
0 0
0 0
0 0
0 0
0 0
0 0
0 0
0 0
0 0
0 0
0 0
0 0
0 0
0 0
0 0
0 0
0 0
0 0
0 0
0 0
0 0
0 0
0 0
0 0
0 0
0 0
0 0
0 0
0 0
0 0
0 0
0 0
0 0
0 0
0 0
0 0
0 0
0 0
0 0
0 0
0 0
0 0
0 0
0 0
0 0
0 0
0 0
0 0
0 0
0 0
0 0
0 0
0 0
0 0
0 0
0 0
0 0
0 0
0 0
0 0
0 0
0 0
0 0
0 0
0 0
0 0
0 0
0 0
0 0
0 0
0 0
0 0
0 0
0 0
0 0
0 0
0 0
0 0
0 0
0 0
0 0
0 0
0 0
0 0
0 0
0 0
0 0
0 0
0 0
0 0
0 0
0 0
0 0
0 0
0 0
0 0
0 0
0 0
0 0
0 0
0 0
0 0
0 0
0 0
0 0
0 0
0 0
0 0
0 0
0 0
0 0
0 0
0 0
0 0
0 0
0 0
0 0
0 0
0 0
0 0
0 0
0 0
0 0
0 0
0 0
0 0
0 0
0 0
0 0
0 0
0 0
0 0
0 0
0 0
0 0
0 0
0 0
0 0
0 0
0 0
0 0
0 0
0 0
0 0
0 0
0 0
0 0
0 0
0 0
0 0
0 0
0 0
0 0
0 0
0 0
0 0
0 0
0 0
0 0
0 0
0 0
0 0
0 0
0 0
0 0
0 0
0 0
0 0
0 0
0 0
0 0
0 0
0 0
0 0
0 0
0 0
0 0
0 0
0 0
0 0
0 0
0 0
0 0
0 0
0 0
0 0
0 0
0 0
0 0
0 0
0 0
0 0
0 0
0 0
0 0
0 0
0 0
0 0
0 0
0 0
0 0
0 0
0 0
0 0
0 0
0 0
0 0
0 0
0 0
0 0
0 0
0 0
0 0
0 0
0 0
0 0
0 0
0 0
0 0
0 0
0 0
0 0
0 0
0 0
0 0
0 0
0 0
0 0
0 0
0 0
0 0
0 0
0 0
0 0
0 0
0 0
0 0
0 0
0 0
0 0
0 0
0 0
0 0
0 0
0 0
0 0
0 0
0 0
0 0
0 0
0 0
0 0
