0 0
1 0
2 33.8048
3 68.3499
4 0
5 0
6 34.547
7 0
8 0
9 0
10 0
11 0
12 34.798
13 0
14 35.0455
15 0
16 0
17 6.64416
18 28.8986
19 0
20 0
21 0
22 0
23 0
24 0
25 15.3223
26 19.9724
27 0
28 0
29 0
30 0
31 0
32 0
33 35.7939
34 0
35 215.61
36 358.418
37 351.104
38 144.746
39 794.236
40 0
41 200.852
42 1372.56
43 638.564
44 46.1938
45 200.056
46 361.482
47 746.472
48 1647.64
49 2066.98
50 1811.61
51 1533.89
52 1443.37
53 1826.17
54 2141.96
55 2115.24
56 2637.59
57 4166.26
58 3808.83
59 3474.34
60 4238.5
61 4549.42
62 4416.63
63 4301
64 3728.12
65 3442.43
66 3836.84
67 4112.79
68 3955.61
69 3727.31
70 3644.34
71 3967.67
72 3910.19
73 4197.67
74 4605.53
75 4509.64
76 4174.36
77 4019.67
78 3939.1
79 4229.21
80 4157.91
81 4077.55
82 3245.48
83 3182.93
84 3123.53
85 2863.58
86 2774.95
87 2724.89
88 3407
89 4076.17
90 4004.99
91 3935.79
92 3941.52
93 3879.72
94 3814.74
95 3628.65
96 2834.17
97 2788.11
98 2743.24
99 2694.76
100 2606.24
101 2565.49
102 2525.76
103 2487
104 2537.1
105 2525.69
106 2487.98
107 2451.17
108 2495.59
109 2992.71
110 2949.58
111 2907.44
112 2866.25
113 2737.62
114 2229.72
115 2198.92
116 2168.79
117 2139.32
118 2110.48
119 1698.5
120 1587.3
121 1566.41
122 1545.95
123 1525.92
124 1486.53
125 1104.32
126 1090.34
127 1076.63
128 1063.19
129 1050.02
130 1037.1
131 1271.59
132 1306.19
133 1290.46
134 1275.04
135 1259.91
136 1245.06
137 1262.5
138 1546.06
139 1528.21
140 1510.69
141 1493.48
142 1476.58
143 1459.98
144 1443.67
145 1251.51
146 1190.01
147 1176.98
148 1164.16
149 1151.57
150 1139.2
151 1127.03
152 1115.06
153 1356.51
154 1394.89
155 1380.35
156 1366.05
157 1351.98
158 1338.14
159 1324.52
160 1311.12
161 1281.78
162 1166.55
163 1154.95
164 1143.53
165 1132.28
166 1121.21
167 1110.31
168 1099.58
169 1089.01
170 1078.59
171 828.846
172 669.346
173 663.049
174 656.845
175 650.731
176 644.706
177 638.768
178 632.916
179 627.148
180 621.461
181 703.14
182 1251.9
183 1240.73
184 1229.7
185 1218.83
186 1208.11
187 1197.54
188 1187.11
189 1176.82
190 1166.67
191 1156.66
192 1146.78
193 988.357
194 866.573
195 859.276
196 852.075
197 844.968
198 837.953
199 831.029
200 824.193
201 817.445
202 810.783
203 804.205
204 797.709
205 791.295
206 783.499
207 776.722
208 770.56
209 764.473
210 758.461
211 752.523
212 746.656
213 740.86
214 735.134
215 729.476
216 723.886
217 718.362
218 712.903
219 707.509
220 769.029
221 853.657
222 847.278
223 840.972
224 834.738
225 828.576
226 822.484
227 816.461
228 810.506
229 804.619
230 798.797
231 793.04
232 787.348
233 781.718
234 776.15
235 770.644
236 580.265
237 281.118
238 279.147
239 277.197
240 275.267
241 273.359
242 271.471
243 269.602
244 267.754
245 265.925
246 264.115
247 262.325
248 260.553
249 258.799
250 257.063
251 255.346
252 253.646
253 251.963
254 323.714
255 499.621
256 496.341
257 493.095
258 489.882
259 486.7
260 483.55
261 480.432
262 477.344
263 474.286
264 471.259
265 468.261
266 465.292
267 462.353
268 459.441
269 456.558
270 453.702
271 450.874
272 448.073
273 445.298
274 442.549
275 422
276 413.102
277 410.577
278 408.076
279 405.598
280 403.142
281 400.71
282 398.3
283 395.912
284 393.546
285 391.202
286 388.879
287 386.577
288 384.295
289 382.035
290 379.794
291 377.573
292 375.373
293 373.191
294 371.03
295 368.887
296 366.763
297 364.657
298 376.794
299 430.697
300 428.247
301 425.818
302 423.41
303 421.022
304 418.655
305 416.309
306 413.982
307 411.675
308 409.387
309 407.119
310 404.87
311 402.64
312 400.428
313 398.235
314 396.06
315 393.903
316 391.764
317 389.642
318 387.538
319 385.451
320 383.382
321 381.328
322 379.292
323 377.272
324 375.269
325 373.281
326 238.744
327 237.467
328 236.219
329 234.982
330 233.754
331 232.536
332 231.328
333 230.129
334 228.939
335 227.759
336 226.588
337 225.426
338 224.273
339 223.129
340 221.994
341 220.867
342 219.749
343 218.64
344 217.539
345 216.446
346 215.362
347 214.286
348 213.218
349 212.158
350 211.106
351 210.062
352 209.025
353 207.997
354 206.975
355 205.962
356 204.956
357 226.055
358 303.481
359 302.01
360 300.549
361 299.099
362 297.659
363 296.23
364 294.811
365 293.403
366 292.004
367 290.616
368 289.237
369 287.869
370 286.51
371 285.16
372 283.82
373 282.49
374 281.169
375 279.857
376 278.555
377 277.261
378 275.977
379 274.701
380 273.434
381 272.176
382 270.927
383 269.686
384 268.454
385 267.23
386 266.015
387 264.808
388 263.609
389 262.418
390 261.235
391 260.061
392 258.894
393 257.735
394 256.584
395 222.396
396 200.439
397 199.55
398 198.666
399 197.789
400 196.917
401 196.051
402 195.19
403 194.336
404 193.486
405 192.643
406 191.805
407 190.972
408 190.145
409 189.323
410 188.506
411 187.695
412 186.888
413 186.087
414 185.291
415 184.501
416 183.715
417 182.934
418 182.158
419 181.387
420 180.621
421 179.86
422 179.103
423 178.351
424 177.604
425 176.862
426 176.124
427 175.391
428 174.662
429 173.938
430 173.218
431 172.503
432 171.792
433 171.086
434 170.384
435 169.686
436 168.992
437 168.303
438 167.617
439 166.936
440 175.25
441 187.115
442 186.359
443 185.608
444 184.861
445 184.118
446 183.38
447 182.647
448 181.918
449 181.193
450 180.472
451 179.756
452 179.044
453 178.336
454 177.632
455 176.932
456 176.237
457 175.545
458 174.858
459 174.174
460 173.494
461 172.819
462 172.147
463 171.479
464 170.815
465 170.155
466 169.498
467 168.846
468 168.197
469 167.551
470 166.91
471 166.272
472 165.637
473 165.006
474 164.379
475 163.755
476 163.135
477 162.518
478 161.905
479 161.295
480 160.688
481 160.085
482 159.485
483 158.889
484 158.296
485 157.706
486 157.119
487 156.535
488 155.955
489 155.378
490 154.804
491 154.233
492 153.666
493 153.101
494 152.539
495 151.062
496 137.305
497 136.804
498 136.305
499 135.81
500 135.317
501 134.826
502 134.339
503 133.854
504 133.371
505 132.891
506 132.414
507 131.939
508 131.466
509 130.996
510 130.529
511 130.064
512 129.601
513 129.141
514 128.683
515 128.228
516 127.775
517 127.324
518 126.876
519 126.43
520 125.986
521 125.545
522 125.106
523 124.669
524 124.234
525 123.802
526 123.372
527 122.944
528 122.518
529 122.094
530 121.673
531 121.253
532 120.836
533 120.421
534 120.008
535 119.597
536 119.188
537 118.781
538 118.376
539 117.973
540 117.573
541 117.174
542 116.777
543 116.382
544 115.989
545 115.598
546 115.209
547 114.822
548 114.437
549 114.054
550 113.672
551 113.293
552 112.915
553 112.539
554 112.165
555 111.793
556 111.422
557 111.054
558 110.687
559 110.322
560 109.959
561 109.597
562 109.237
563 108.879
564 108.523
565 107.021
566 106.009
567 105.664
568 105.32
569 104.978
570 104.637
571 104.298
572 103.961
573 103.626
574 103.291
575 102.959
576 102.628
577 102.298
578 101.971
579 101.644
580 101.319
581 100.996
582 100.674
583 100.354
584 100.035
585 99.7178
586 99.402
587 99.0875
588 98.7746
589 98.463
590 98.153
591 97.8443
592 97.537
593 97.2312
594 96.9267
595 96.6236
596 96.322
597 96.0216
598 95.7227
599 95.4251
600 95.1288
601 94.8339
602 94.5403
603 94.2481
604 93.9571
605 93.6675
606 93.3792
607 93.0921
608 92.8064
609 92.5219
610 92.2386
611 91.9567
612 91.676
613 91.3965
614 91.1183
615 90.8413
616 90.5655
617 90.291
618 90.0176
619 89.7455
620 89.4745
621 89.2048
622 88.9362
623 88.6688
624 88.4026
625 88.1375
626 87.8736
627 87.6108
628 87.3492
629 87.0887
630 86.8293
631 86.5711
632 86.3139
633 86.0579
634 85.803
635 85.5491
636 85.2964
637 85.0447
638 84.7941
639 84.5446
640 84.2962
641 84.0488
642 83.8025
643 83.5572
644 83.3129
645 83.0697
646 82.8275
647 82.5863
648 82.3462
649 82.107
650 81.8689
651 81.6318
652 81.3957
653 81.1605
654 80.9263
655 116.273
656 125.857
657 125.496
658 125.135
659 124.777
660 124.419
661 124.064
662 123.709
663 123.357
664 123.005
665 122.655
666 122.307
667 121.96
668 121.614
669 121.27
670 120.927
671 120.586
672 120.246
673 119.907
674 119.57
675 119.234
676 118.899
677 118.566
678 118.235
679 117.904
680 117.575
681 117.247
682 116.921
683 116.595
684 116.272
685 115.949
686 115.628
687 115.308
688 114.989
689 114.672
690 114.355
691 114.041
692 113.727
693 113.414
694 113.103
695 112.793
696 112.485
697 112.177
698 111.871
699 111.566
700 111.262
701 110.959
702 110.658
703 110.357
704 110.058
705 109.76
706 109.463
707 109.168
708 108.873
709 108.58
710 108.287
711 107.996
712 107.706
713 107.417
714 107.13
715 106.843
716 106.558
717 106.273
718 105.99
719 105.707
720 105.426
721 105.146
722 104.867
723 104.589
724 104.312
725 104.036
726 103.762
727 103.488
728 103.215
729 102.943
730 102.673
731 102.403
732 102.135
733 101.867
734 101.6
735 101.335
736 101.07
737 100.807
738 100.544
739 100.282
740 100.022
741 99.762
742 99.5033
743 99.2455
744 98.9887
745 98.7329
746 98.478
747 98.2241
748 97.9711
749 97.719
750 97.4678
751 97.2176
752 96.9683
753 96.72
754 96.4725
755 96.226
756 95.9803
757 95.7355
758 95.4917
759 95.2487
760 95.0066
761 94.7654
762 94.5251
763 94.2857
764 94.0471
765 93.8094
766 93.5726
767 93.3366
768 93.1014
769 92.8671
770 92.6337
771 92.4011
772 92.1693
773 91.9384
774 91.7083
775 91.479
776 93.1116
777 95.0915
778 94.8545
779 94.6184
780 94.3831
781 94.1487
782 93.915
783 93.6823
784 93.4503
785 93.2192
786 92.9888
787 92.7593
788 92.5306
789 92.3028
790 92.0757
791 91.8494
792 91.6239
793 91.3992
794 91.1753
795 90.9522
796 90.7298
797 90.5083
798 90.2875
799 90.0674
800 89.8482
801 89.6297
802 89.4119
803 89.195
804 88.9787
805 88.7633
806 88.5485
807 88.3345
808 88.1213
809 87.9088
810 87.697
811 87.4859
812 87.2756
813 87.066
814 86.8571
815 86.6489
816 86.4414
817 86.2347
818 86.0286
819 85.8233
820 85.6187
821 85.4147
822 85.2114
823 85.0089
824 84.807
825 84.6058
826 84.4053
827 84.2055
828 84.0063
829 83.8078
830 83.61
831 83.4128
832 83.2163
833 83.0205
834 82.8253
835 82.6308
836 82.4369
837 82.2437
838 82.0511
839 81.8592
840 81.6679
841 81.4772
842 81.2872
843 81.0978
844 80.9091
845 80.7209
846 80.5334
847 80.3465
848 80.1602
849 79.9746
850 79.7895
851 79.6051
852 79.4213
853 79.238
854 79.0554
855 78.8734
856 78.6919
857 78.5111
858 78.3309
859 78.1512
860 77.9721
861 77.7937
862 77.6158
863 77.4384
864 77.2617
865 77.0855
866 76.9099
867 76.7349
868 76.5604
869 76.3865
870 76.2131
871 76.0404
872 75.8681
873 75.6965
874 75.5253
875 75.3548
876 75.1848
877 75.0153
878 74.8463
879 74.6779
880 74.5101
881 74.3428
882 74.176
883 74.0097
884 73.844
885 73.6788
886 73.5141
887 73.35
888 73.1864
889 73.0233
890 72.8607
891 72.6986
892 72.537
893 72.376
894 72.2154
895 72.0554
896 71.8958
897 71.7368
898 71.5782
899 71.4202
900 71.2626
901 71.1056
902 70.949
903 70.793
904 70.6374
905 70.4823
906 70.3276
907 70.1735
908 70.0198
909 69.8667
910 69.714
911 69.5617
912 69.41
913 69.2587
914 69.1078
915 68.9575
916 68.8076
917 68.6582
918 68.5092
919 68.3607
920 68.2126
921 68.065
922 67.9179
923 67.7711
924 67.6249
925 67.4791
926 67.3337
927 67.1888
928 67.0443
929 66.9003
930 66.7567
931 66.6136
932 66.4708
933 66.3285
934 66.1867
935 66.0452
936 65.9042
937 65.7637
938 65.6235
939 65.4838
940 65.3445
941 65.2056
942 65.0671
943 64.9291
944 64.7914
945 64.6542
946 64.5174
947 64.381
948 64.245
949 64.1094
950 64.6996
951 66.8839
952 66.7431
953 66.6027
954 66.4628
955 66.3232
956 66.1841
957 66.0454
958 65.9071
959 65.7692
960 65.6317
961 65.4946
962 65.358
963 65.2217
964 65.0858
965 64.9504
966 64.8153
967 64.6806
968 64.5464
969 64.4125
970 64.279
971 64.1459
972 64.0132
973 63.8809
974 63.7489
975 63.6174
976 63.4862
977 63.3554
978 63.225
979 63.095
980 62.9653
981 62.8361
982 62.7072
983 62.5786
984 62.4505
985 62.3227
986 62.1953
987 62.0683
988 61.9416
989 61.8153
990 61.6893
991 61.5637
992 61.4385
993 61.3136
994 61.1891
995 61.065
996 60.9412
997 60.8177
998 60.6946
999 60.5719
1000 60.4495
1001 60.3275
1002 60.2058
1003 60.0844
1004 59.9634
1005 59.8428
1006 59.7225
1007 59.6025
1008 59.4829
1009 59.3636
1010 59.2446
1011 59.126
1012 59.0077
1013 58.8897
1014 58.7721
1015 58.6548
1016 58.5379
1017 58.4212
1018 58.3049
1019 58.1889
1020 58.0733
1021 57.958
1022 57.843
1023 57.7283
1024 57.6139
1025 57.4999
1026 57.3861
1027 57.2727
1028 57.1596
1029 57.0468
1030 56.9344
1031 56.8222
1032 56.7104
1033 56.5988
1034 56.4876
1035 56.3767
1036 56.2661
1037 56.1558
1038 56.0458
1039 55.9361
1040 55.8267
1041 55.7176
1042 55.6088
1043 55.5003
1044 55.3921
1045 55.2842
1046 55.1766
1047 55.0693
1048 54.9623
1049 54.8555
1050 54.7491
1051 54.643
1052 54.5371
1053 54.4315
1054 54.3263
1055 54.2213
1056 54.1166
1057 54.0121
1058 53.908
1059 53.8042
1060 53.7006
1061 53.5973
1062 53.4943
1063 53.3915
1064 53.2891
1065 53.1869
1066 53.085
1067 52.9833
1068 52.882
1069 52.7809
1070 52.6801
1071 52.5795
1072 52.4793
1073 52.3793
1074 52.2795
1075 52.18
1076 52.0808
1077 51.9819
1078 51.8832
1079 51.7848
1080 51.6867
1081 51.5888
1082 51.4911
1083 51.3938
1084 51.2967
1085 51.1998
1086 51.1032
1087 51.0069
1088 50.9108
1089 50.8149
1090 50.7194
1091 50.624
1092 50.529
1093 50.4341
1094 50.3396
1095 50.2452
1096 50.1512
1097 50.0573
1098 49.9637
1099 49.8704
1100 49.7773
1101 49.6845
1102 49.5918
1103 49.4995
1104 49.4074
1105 49.3155
1106 49.2238
1107 49.1324
1108 49.0413
1109 48.9503
1110 48.8596
1111 48.7692
1112 48.6789
1113 48.589
1114 48.4992
1115 48.4097
1116 48.3204
1117 48.2313
1118 48.1425
1119 48.0539
1120 47.9655
1121 47.8774
1122 47.7895
1123 47.7018
1124 47.6143
1125 47.5271
1126 47.44
1127 47.3533
1128 47.2667
1129 47.1803
1130 47.0942
1131 47.0083
1132 46.9226
1133 46.8371
1134 46.7519
1135 46.6669
1136 46.582
1137 46.4974
1138 46.413
1139 46.3289
1140 46.2449
1141 46.1612
1142 46.0776
1143 45.9943
1144 45.9112
1145 45.8283
1146 45.7456
1147 45.6631
1148 45.5809
1149 45.4988
1150 45.4169
1151 45.3353
1152 45.2538
1153 45.1726
1154 45.0915
1155 45.0107
1156 44.9301
1157 44.8497
1158 44.7694
1159 44.6894
1160 44.6096
1161 44.5299
1162 44.4505
1163 44.3713
1164 44.2922
1165 44.2134
1166 44.1348
1167 44.0563
1168 43.9781
1169 43.9
1170 43.8222
1171 43.7445
1172 43.667
1173 43.5897
1174 43.5126
1175 43.4357
1176 43.359
1177 43.2825
1178 43.2062
1179 43.13
1180 43.0541
1181 42.9783
1182 42.9027
1183 42.8273
1184 42.7521
1185 42.6771
1186 42.6022
1187 42.5276
1188 42.4531
1189 42.3788
1190 42.3047
1191 42.2307
1192 42.157
1193 42.0834
1194 42.01
1195 41.9368
1196 41.8638
1197 41.7909
1198 41.7182
1199 41.6457
1200 41.5734
1201 41.5012
1202 41.4293
1203 41.3575
1204 41.2858
1205 41.2144
1206 41.1431
1207 41.072
1208 41.001
1209 40.9303
1210 40.8597
1211 40.7892
1212 40.719
1213 40.6489
1214 40.579
1215 40.5092
1216 40.4396
1217 40.3702
1218 40.3009
1219 40.2319
1220 40.1629
1221 40.0942
1222 40.0256
1223 39.9571
1224 39.8889
1225 39.8208
1226 36.9214
1227 32.5322
1228 32.4768
1229 32.4215
1230 32.3663
1231 32.3113
1232 32.2564
1233 32.2016
1234 32.147
1235 32.0924
1236 32.038
1237 31.9838
1238 31.9297
1239 31.8757
1240 31.8218
1241 31.768
1242 31.7144
1243 31.6609
1244 31.6075
1245 31.5543
1246 31.5012
1247 31.4482
1248 31.3953
1249 31.3426
1250 31.2899
1251 31.2374
1252 31.185
1253 31.1328
1254 31.0807
1255 31.0286
1256 30.9768
1257 30.925
1258 30.8733
1259 30.8218
1260 30.7704
1261 30.7191
1262 30.6679
1263 30.6169
1264 30.566
1265 30.5151
1266 30.4644
1267 30.4139
1268 30.3634
1269 30.313
1270 30.2628
1271 30.2127
1272 30.1627
1273 30.1128
1274 30.063
1275 30.0134
1276 29.9639
1277 29.9144
1278 29.8651
1279 29.8159
1280 29.7668
1281 29.7179
1282 29.669
1283 29.6202
1284 29.5716
1285 29.5231
1286 29.4747
1287 29.4263
1288 29.3782
1289 29.3301
1290 29.2821
1291 29.2342
1292 29.1865
1293 29.1388
1294 29.0913
1295 29.0438
1296 28.9965
1297 28.9493
1298 28.9022
1299 28.8552
1300 28.8083
1301 28.7615
1302 28.7148
1303 28.6682
1304 28.6217
1305 28.5754
1306 28.5291
1307 28.4829
1308 28.4369
1309 28.3909
1310 28.3451
1311 28.2993
1312 28.2537
1313 28.2081
1314 28.1627
1315 28.1173
1316 28.0721
1317 28.027
1318 27.9819
1319 27.937
1320 27.8922
1321 27.8474
1322 27.8028
1323 27.7582
1324 27.7138
1325 27.6695
1326 27.6252
1327 27.5811
1328 27.537
1329 27.4931
1330 27.4493
1331 27.4055
1332 27.3618
1333 27.3183
1334 27.2748
1335 27.2315
1336 27.1882
1337 27.145
1338 27.1019
1339 27.059
1340 27.0161
1341 26.9733
1342 26.9306
1343 26.888
1344 26.8455
1345 26.803
1346 26.7607
1347 26.7185
1348 26.6763
1349 26.6343
1350 26.5923
1351 26.5505
1352 26.5087
1353 26.467
1354 26.4254
1355 26.3839
1356 26.3425
1357 26.3012
1358 26.26
1359 26.2188
1360 26.1778
1361 26.1368
1362 26.0959
1363 26.0551
1364 26.0144
1365 25.9738
1366 25.9333
1367 25.8929
1368 25.8525
1369 25.8123
1370 25.7721
1371 25.732
1372 25.692
1373 25.6521
1374 25.6123
1375 25.5726
1376 25.5329
1377 25.4933
1378 25.4539
1379 25.4145
1380 25.3752
1381 25.3359
1382 25.2968
1383 25.2577
1384 25.2187
1385 25.1798
1386 25.141
1387 25.1023
1388 25.0637
1389 25.0251
1390 24.9866
1391 24.9482
1392 24.9099
1393 24.8717
1394 24.8335
1395 24.7955
1396 24.7575
1397 24.7196
1398 24.6817
1399 24.644
1400 24.6063
1401 24.5687
1402 24.5312
1403 24.4938
1404 24.4564
1405 24.4191
1406 24.382
1407 24.3448
1408 24.3078
1409 24.2708
1410 24.234
1411 24.1972
1412 24.1604
1413 24.1238
1414 24.0872
1415 24.0507
1416 24.0143
1417 23.978
1418 23.9417
1419 23.9055
1420 23.8694
1421 23.8334
1422 23.7974
1423 23.7615
1424 23.7257
1425 23.69
1426 23.6543
1427 23.6187
1428 23.5832
1429 23.5477
1430 23.5124
1431 23.4771
1432 23.4419
1433 23.4067
1434 23.3716
1435 23.3366
1436 23.3017
1437 23.2669
1438 23.2321
1439 23.1974
1440 23.1627
1441 23.1282
1442 23.0937
1443 23.0592
1444 23.0249
1445 22.9906
1446 22.9564
1447 22.9222
1448 22.8882
1449 22.8542
1450 22.8202
1451 22.7864
1452 22.7526
1453 22.7188
1454 22.6852
1455 22.6516
1456 22.6181
1457 22.5846
1458 22.5513
1459 22.518
1460 22.4847
1461 22.4515
1462 22.4184
1463 22.3854
1464 22.3524
1465 22.3195
1466 22.2867
1467 22.2539
1468 22.2212
1469 22.1886
1470 22.156
1471 22.1235
1472 22.091
1473 22.0587
1474 22.0264
1475 21.9941
1476 21.9619
1477 21.9298
1478 21.8978
1479 21.8658
1480 21.8339
1481 21.802
1482 21.7702
1483 21.7385
1484 21.7068
1485 21.6752
1486 21.6437
1487 21.6122
1488 21.5808
1489 21.5495
1490 21.5182
1491 21.487
1492 21.4558
1493 21.4247
1494 21.3937
1495 21.3627
1496 21.3318
1497 21.301
1498 21.2702
1499 21.2395
1500 21.2088
1501 21.1782
1502 21.1477
1503 21.1172
1504 21.0868
1505 21.0564
1506 21.0261
1507 20.9959
1508 20.9657
1509 20.9356
1510 20.9055
1511 20.8755
1512 20.8456
1513 20.8157
1514 20.7859
1515 20.7561
1516 20.7264
1517 20.6968
1518 20.6672
1519 20.6377
1520 20.6082
1521 20.5788
1522 20.5495
1523 20.5202
1524 20.4909
1525 20.4618
1526 20.4326
1527 20.4036
1528 20.3746
1529 20.3456
1530 20.3167
1531 20.2879
1532 20.2591
1533 20.2304
1534 20.2017
1535 20.1731
1536 20.1445
1537 20.116
1538 20.0876
1539 20.0592
1540 20.0309
1541 20.0026
1542 19.9744
1543 19.9462
1544 19.9181
1545 19.89
1546 19.862
1547 19.8341
1548 19.8062
1549 19.7784
1550 19.7506
1551 19.7228
1552 19.6952
1553 19.6675
1554 19.64
1555 19.6124
1556 19.585
1557 19.5576
1558 19.5302
1559 19.5029
1560 19.4757
1561 19.4485
1562 19.4213
1563 19.3942
1564 19.3672
1565 19.3402
1566 19.3132
1567 19.2863
1568 19.2595
1569 19.2327
1570 19.206
1571 19.1793
1572 19.1527
1573 19.1261
1574 19.0996
1575 19.0731
1576 19.0467
1577 19.0203
1578 18.994
1579 18.9677
1580 18.9414
1581 18.9153
1582 18.8891
1583 18.8631
1584 18.837
1585 18.8111
1586 18.7851
1587 18.7593
1588 18.7334
1589 18.7076
1590 18.6819
1591 18.6562
1592 18.6306
1593 18.605
1594 18.5795
1595 18.554
1596 18.5285
1597 18.5031
1598 18.4778
1599 18.4525
1600 18.4272
1601 18.402
1602 18.3769
1603 18.3518
1604 18.3267
1605 18.3017
1606 18.2767
1607 18.2518
1608 18.227
1609 18.2021
1610 18.1774
1611 18.1526
1612 18.1279
1613 18.1033
1614 18.0787
1615 18.0542
1616 18.0297
1617 18.0052
1618 17.9808
1619 17.9564
1620 17.9321
1621 17.9078
1622 17.8836
1623 17.8594
1624 17.8353
1625 17.8112
1626 17.7871
1627 17.7631
1628 17.7392
1629 17.7153
1630 17.6914
1631 17.6676
1632 17.6438
1633 17.62
1634 17.5964
1635 17.5727
1636 17.5491
1637 17.5255
1638 17.502
1639 17.4785
1640 17.4551
1641 17.4317
1642 17.4084
1643 17.3851
1644 17.3618
1645 17.3386
1646 17.3154
1647 17.2923
1648 17.2692
1649 17.2462
1650 17.2232
1651 17.2002
1652 17.1773
1653 17.1544
1654 17.1316
1655 17.1088
1656 17.086
1657 17.0633
1658 17.0406
1659 17.018
1660 16.9954
1661 16.9729
1662 16.9504
1663 16.9279
1664 16.9055
1665 16.8831
1666 16.8608
1667 16.8385
1668 16.8162
1669 16.794
1670 16.7718
1671 16.7497
1672 16.7276
1673 16.7055
1674 16.6835
1675 16.6615
1676 16.6396
1677 16.6177
1678 16.5958
1679 16.574
1680 16.5522
1681 16.5305
1682 16.5088
1683 16.4871
1684 16.4655
1685 16.4439
1686 16.4224
1687 16.4009
1688 16.3794
1689 16.358
1690 16.3366
1691 16.3152
1692 16.2939
1693 16.2727
1694 16.2514
1695 16.2302
1696 16.2091
1697 16.1879
1698 16.1669
1699 16.1458
1700 16.1248
1701 16.1038
1702 16.0829
1703 16.062
1704 16.0411
1705 16.0203
1706 15.9995
1707 15.9788
1708 15.9581
1709 15.9374
1710 15.9168
1711 15.8962
1712 15.8756
1713 15.8551
1714 15.8346
1715 15.8141
1716 15.7937
1717 15.7733
1718 15.753
1719 15.7327
1720 15.7124
1721 15.6922
1722 15.672
1723 15.6518
1724 15.6317
1725 15.6116
1726 15.5915
1727 15.5715
1728 15.5515
1729 15.5316
1730 15.5116
1731 15.4918
1732 15.4719
1733 15.4521
1734 15.4323
1735 15.4126
1736 15.3929
1737 15.3732
1738 15.3536
1739 15.334
1740 15.3144
1741 15.2948
1742 15.2753
1743 15.2559
1744 15.2364
1745 15.217
1746 15.1977
1747 15.1783
1748 15.159
1749 15.1398
1750 16.2775
1751 17.0323
1752 17.0107
1753 16.9891
1754 16.9676
1755 16.9461
1756 16.9246
1757 16.9032
1758 16.8818
1759 16.8605
1760 16.8392
1761 16.8179
1762 16.7966
1763 16.7754
1764 16.7543
1765 16.7331
1766 16.712
1767 16.691
1768 16.67
1769 16.649
1770 16.628
1771 16.6071
1772 16.5862
1773 16.5654
1774 16.5446
1775 16.5238
1776 16.5031
1777 16.4824
1778 16.4617
1779 16.4411
1780 16.4205
1781 16.4
1782 16.3794
1783 16.359
1784 16.3385
1785 16.3181
1786 16.2977
1787 16.2774
1788 16.2571
1789 16.2368
1790 16.2165
1791 16.1963
1792 16.1762
1793 16.156
1794 16.1359
1795 16.1159
1796 16.0958
1797 16.0758
1798 16.0559
1799 16.0359
1800 16.016
1801 15.9962
1802 15.9763
1803 15.9565
1804 15.9368
1805 15.9171
1806 15.8974
1807 15.8777
1808 15.8581
1809 15.8385
1810 15.8189
1811 15.7994
1812 15.7799
1813 15.7604
1814 15.741
1815 15.7216
1816 15.7022
1817 15.6829
1818 15.6636
1819 15.6443
1820 15.6251
1821 15.6059
1822 15.5867
1823 15.5676
1824 15.5485
1825 15.5294
1826 15.5104
1827 15.4914
1828 15.4724
1829 15.4535
1830 15.4345
1831 15.4157
1832 15.3968
1833 15.378
1834 15.3592
1835 15.3405
1836 15.3217
1837 15.303
1838 15.2844
1839 15.2657
1840 15.2471
1841 15.2286
1842 15.21
1843 15.1915
1844 15.1731
1845 15.1546
1846 15.1362
1847 15.1178
1848 15.0995
1849 15.0812
1850 15.0629
1851 15.0446
1852 15.0264
1853 15.0082
1854 14.99
1855 14.9719
1856 14.9538
1857 14.9357
1858 14.9176
1859 14.8996
1860 14.8816
1861 14.8637
1862 14.8457
1863 14.8278
1864 14.81
1865 14.7921
1866 14.7743
1867 14.7565
1868 14.7388
1869 14.721
1870 14.7033
1871 14.6857
1872 14.668
1873 14.6504
1874 14.6329
1875 14.6153
1876 14.5978
1877 14.5803
1878 14.5628
1879 14.5454
1880 14.528
1881 14.5106
1882 14.4933
1883 14.4759
1884 14.4587
1885 14.4414
1886 14.4242
1887 14.4069
1888 14.3898
1889 14.3726
1890 14.3555
1891 14.3384
1892 14.3213
1893 14.3043
1894 14.2873
1895 14.2703
1896 14.2533
1897 14.2364
1898 14.2195
1899 14.2026
1900 14.1858
1901 14.169
1902 14.1522
1903 14.1354
1904 14.1187
1905 14.102
1906 14.0853
1907 14.0686
1908 14.052
1909 14.0354
1910 14.0188
1911 14.0023
1912 13.9857
1913 13.9692
1914 13.9528
1915 13.9363
1916 13.9199
1917 13.9035
1918 13.8872
1919 13.8708
1920 13.8545
1921 13.8382
1922 13.822
1923 13.8058
1924 13.7895
1925 13.7734
1926 13.7572
1927 13.7411
1928 13.725
1929 13.7089
1930 13.6929
1931 13.6768
1932 13.6608
1933 13.6449
1934 13.6289
1935 13.613
1936 13.5971
1937 13.5812
1938 13.5654
1939 13.5496
1940 13.5338
1941 13.518
1942 13.5023
1943 13.4865
1944 13.4708
1945 13.4552
1946 13.4395
1947 13.4239
1948 13.4083
1949 13.3927
1950 13.3772
1951 13.3617
1952 13.3462
1953 13.3307
1954 13.3153
1955 13.2998
1956 13.2844
1957 13.2691
1958 13.2537
1959 13.2384
1960 13.2231
1961 13.2078
1962 13.1926
1963 13.1773
1964 13.1621
1965 13.1469
1966 13.1318
1967 13.1167
1968 13.1015
1969 13.0865
1970 13.0714
1971 13.0564
1972 13.0413
1973 13.0264
1974 13.0114
1975 12.9964
1976 12.9815
1977 12.9666
1978 12.9518
1979 12.9369
1980 12.9221
1981 12.9073
1982 12.8925
1983 12.8777
1984 12.863
1985 12.8483
1986 12.8336
1987 12.8189
1988 12.8043
1989 12.7897
1990 12.7751
1991 12.7605
1992 12.746
1993 12.7314
1994 12.7169
1995 12.7024
1996 12.688
1997 12.6736
1998 12.6591
1999 12.6447
2000 12.6304
2001 12.616
2002 12.6017
2003 12.5874
2004 12.5731
2005 12.5589
2006 12.5446
2007 12.5304
2008 12.5162
2009 12.502
2010 12.4879
2011 12.4738
2012 12.4597
2013 12.4456
2014 12.4315
2015 12.4175
2016 12.4035
2017 12.3895
2018 12.3755
2019 12.3615
2020 12.3476
2021 12.3337
2022 12.3198
2023 12.3059
2024 12.2921
2025 12.2783
2026 12.2645
2027 12.2507
2028 12.2369
2029 12.2232
2030 12.2094
2031 12.1957
2032 12.1821
2033 12.1684
2034 12.1548
2035 12.1412
2036 12.1276
2037 12.114
2038 12.1004
2039 12.0869
2040 12.0734
2041 12.0599
2042 12.0464
2043 12.033
2044 12.0196
2045 12.0062
2046 11.9928
2047 11.9794
2048 11.9661
2049 11.9527
2050 11.9394
2051 11.9261
2052 11.9129
2053 11.8996
2054 11.8864
2055 11.8732
2056 11.86
2057 11.8468
2058 11.8337
2059 11.8206
2060 11.8075
2061 11.7944
2062 11.7813
2063 11.7683
2064 11.7552
2065 11.7422
2066 11.7292
2067 11.7163
2068 11.7033
2069 11.6904
2070 11.6775
2071 11.6646
2072 11.6517
2073 11.6389
2074 11.626
2075 11.6132
2076 11.6004
2077 11.5877
2078 11.5749
2079 11.5622
2080 11.5495
2081 11.5368
2082 11.5241
2083 11.5114
2084 11.4988
2085 11.4862
2086 11.4736
2087 11.461
2088 11.4484
2089 11.4359
2090 11.4233
2091 11.4108
2092 11.3983
2093 11.3859
2094 11.3734
2095 11.361
2096 11.3486
2097 11.3362
2098 11.3238
2099 11.3114
2100 11.2991
2101 11.2868
2102 11.2745
2103 11.2622
2104 11.2499
2105 11.2377
2106 11.2254
2107 11.2132
2108 11.201
2109 11.1888
2110 11.1767
2111 11.1645
2112 11.1524
2113 11.1403
2114 11.1282
2115 11.1162
2116 11.1041
2117 11.0921
2118 11.0801
2119 11.0681
2120 11.0561
2121 11.0441
2122 11.0322
2123 11.0202
2124 11.0083
2125 10.9964
2126 10.9846
2127 10.9727
2128 10.9609
2129 10.949
2130 10.9372
2131 10.9255
2132 10.9137
2133 10.9019
2134 10.8902
2135 10.8785
2136 10.8668
2137 10.8551
2138 10.8434
2139 10.8318
2140 10.8201
2141 10.8085
2142 10.7969
2143 10.7853
2144 10.7738
2145 10.7622
2146 10.7507
2147 10.7392
2148 10.7277
2149 10.7162
2150 10.7047
2151 10.6933
2152 10.6819
2153 10.6705
2154 10.6591
2155 10.6477
2156 10.6363
2157 10.625
2158 10.6136
2159 10.6023
2160 10.591
2161 10.5797
2162 10.5685
2163 10.5572
2164 10.546
2165 10.5348
2166 10.5236
2167 10.5124
2168 10.5012
2169 10.4901
2170 10.4789
2171 10.4678
2172 10.4567
2173 10.4456
2174 10.4346
2175 10.4235
2176 10.4125
2177 10.4014
2178 10.3904
2179 10.3794
2180 10.3685
2181 10.3575
2182 10.3466
2183 10.3356
2184 10.3247
2185 10.3138
2186 10.3029
2187 10.2921
2188 10.2812
2189 10.2704
2190 10.2596
2191 10.2488
2192 10.238
2193 10.2272
2194 10.2165
2195 10.2057
2196 10.195
2197 10.1843
2198 10.1736
2199 10.1629
2200 10.1522
2201 10.1416
2202 10.131
2203 10.1203
2204 10.1097
2205 10.0991
2206 10.0886
2207 10.078
2208 10.0675
2209 10.0569
2210 10.0464
2211 10.0359
2212 10.0254
2213 10.015
2214 10.0045
2215 9.99409
2216 9.98366
2217 9.97326
2218 9.96286
2219 9.95248
2220 9.94212
2221 9.93177
2222 9.92143
2223 9.91111
2224 9.90081
2225 9.89051
2226 9.88024
2227 9.86998
2228 9.85973
2229 9.84949
2230 9.83927
2231 9.82907
2232 9.81888
2233 9.8087
2234 9.79854
2235 9.7884
2236 9.77826
2237 9.76815
2238 9.75804
2239 9.74795
2240 9.73788
2241 9.72781
2242 9.71777
2243 9.70773
2244 9.69771
2245 9.68771
2246 9.67772
2247 9.66774
2248 9.65778
2249 9.64783
2250 9.6379
2251 9.62797
2252 9.61807
2253 9.60817
2254 9.5983
2255 9.58843
2256 9.57858
2257 9.56874
2258 9.55892
2259 9.54911
2260 9.53931
2261 9.52953
2262 9.51976
2263 9.51
2264 9.50026
2265 9.49053
2266 9.48081
2267 9.47111
2268 9.46143
2269 9.45175
2270 9.44209
2271 9.43244
2272 9.42281
2273 9.41319
2274 9.40358
2275 9.39399
2276 9.38441
2277 9.37484
2278 9.36528
2279 9.35574
2280 9.34622
2281 9.3367
2282 9.3272
2283 9.31771
2284 9.30824
2285 9.29878
2286 9.28933
2287 9.27989
2288 9.27047
2289 9.26106
2290 9.25166
2291 9.24228
2292 9.23291
2293 9.22355
2294 9.21421
2295 9.20487
2296 9.19556
2297 9.18625
2298 9.17696
2299 9.16768
2300 9.15841
2301 9.14915
2302 9.13991
2303 9.13068
2304 9.12146
2305 9.11226
2306 9.10307
2307 9.09389
2308 9.08472
2309 9.07557
2310 9.06643
2311 9.0573
2312 9.04818
2313 9.03908
2314 9.02999
2315 9.02091
2316 9.01184
2317 9.00279
2318 8.99375
2319 8.98472
2320 8.9757
2321 8.9667
2322 8.9577
2323 8.94872
2324 8.93976
2325 8.9308
2326 8.92186
2327 8.91292
2328 8.90401
2329 8.8951
2330 8.8862
2331 8.87732
2332 8.86845
2333 8.85959
2334 8.85075
2335 8.84191
2336 8.83309
2337 8.82428
2338 8.81548
2339 8.80669
2340 8.79792
2341 8.78916
2342 8.7804
2343 8.77166
2344 8.76294
2345 8.75422
2346 8.74552
2347 8.73683
2348 8.72815
2349 8.71948
2350 8.71082
2351 8.70218
2352 8.69354
2353 8.68492
2354 8.67631
2355 8.66771
2356 8.65912
2357 8.65055
2358 8.64199
2359 8.63343
2360 8.62489
2361 8.61636
2362 8.60785
2363 8.59934
2364 8.59084
2365 8.58236
2366 8.57389
2367 8.56543
2368 8.55698
2369 8.54854
2370 8.54011
2371 8.5317
2372 8.52329
2373 8.5149
2374 8.50652
2375 8.49815
2376 8.48979
2377 8.48144
2378 8.4731
2379 8.46478
2380 8.45646
2381 8.44816
2382 8.43987
2383 8.43159
2384 8.42332
2385 8.41506
2386 8.40681
2387 8.39857
2388 8.39034
2389 8.38213
2390 8.37393
2391 8.36573
2392 8.35755
2393 8.34938
2394 8.34122
2395 8.33307
2396 8.32493
2397 8.3168
2398 8.30868
2399 8.30057
2400 8.29248
2401 8.28439
2402 8.27632
2403 8.26825
2404 8.2602
2405 8.25216
2406 8.24413
2407 8.2361
2408 8.22809
2409 8.22009
2410 8.2121
2411 8.20412
2412 8.19616
2413 8.1882
2414 8.18025
2415 8.17231
2416 8.16439
2417 8.15647
2418 8.14857
2419 8.14067
2420 8.13279
2421 8.12491
2422 8.11705
2423 8.10919
2424 8.10135
2425 8.09352
2426 8.08569
2427 8.07788
2428 8.07008
2429 8.06229
2430 8.0545
2431 8.04673
2432 8.03897
2433 8.03122
2434 8.02348
2435 8.01575
2436 8.00803
2437 8.00032
2438 7.99262
2439 7.98493
2440 7.97724
2441 7.96957
2442 7.96191
2443 7.95426
2444 7.94662
2445 7.93899
2446 7.93137
2447 7.92376
2448 7.91616
2449 7.90857
2450 7.90099
2451 7.89342
2452 7.88586
2453 7.8783
2454 7.87076
2455 7.86323
2456 7.85571
2457 7.8482
2458 7.8407
2459 7.8332
2460 7.82572
2461 7.81825
2462 7.81078
2463 7.80333
2464 7.79588
2465 7.78845
2466 7.78103
2467 7.77361
2468 7.7662
2469 7.75881
2470 7.75142
2471 7.74404
2472 7.73668
2473 7.72932
2474 7.72197
2475 7.71463
2476 7.7073
2477 7.69998
2478 7.69267
2479 7.68537
2480 7.67808
2481 7.6708
2482 7.66352
2483 7.65626
2484 7.64901
2485 7.64176
2486 7.63453
2487 7.6273
2488 7.62008
2489 7.61287
2490 7.60568
2491 7.59849
2492 7.59131
2493 7.58414
2494 7.57697
2495 7.56982
2496 7.56268
2497 7.55554
2498 7.54842
2499 7.5413
2500 7.5342
2501 7.5271
2502 7.52001
2503 7.51293
2504 7.50586
2505 7.4988
2506 7.49175
2507 7.4847
2508 7.47767
2509 7.47064
2510 7.46363
2511 7.45662
2512 7.44962
2513 7.44263
2514 7.43565
2515 7.42868
2516 7.42172
2517 7.41476
2518 7.40782
2519 7.40088
2520 7.39395
2521 7.38703
2522 7.38012
2523 7.37322
2524 7.36633
2525 7.35945
2526 7.35257
2527 7.3457
2528 7.33885
2529 7.332
2530 7.32516
2531 7.31833
2532 7.3115
2533 7.30469
2534 7.29788
2535 7.29109
2536 7.2843
2537 7.27752
2538 7.27075
2539 7.26398
2540 7.25723
2541 7.25048
2542 7.24375
2543 7.23702
2544 7.2303
2545 7.22359
2546 7.21688
2547 7.21019
2548 7.2035
2549 7.19682
2550 7.19015
2551 7.18349
2552 7.17684
2553 7.17019
2554 7.16356
2555 7.15693
2556 7.15031
2557 7.1437
2558 7.1371
2559 7.1305
2560 7.12392
2561 7.11734
2562 7.11077
2563 7.10421
2564 7.09765
2565 7.09111
2566 7.08457
2567 7.07804
2568 7.07152
2569 7.06501
2570 7.0585
2571 7.05201
2572 7.04552
2573 7.03904
2574 7.03257
2575 7.0261
2576 7.01965
2577 7.0132
2578 7.00676
2579 7.00033
2580 6.99391
2581 6.98749
2582 6.98108
2583 6.97468
2584 6.96829
2585 6.96191
2586 6.95553
2587 6.94916
2588 6.9428
2589 6.93645
2590 6.93011
2591 6.92377
2592 6.91744
2593 6.91112
2594 6.90481
2595 6.8985
2596 6.8922
2597 6.88592
2598 6.87963
2599 6.87336
2600 6.86709
2601 6.86084
2602 6.85458
2603 6.84834
2604 6.84211
2605 6.83588
2606 6.82966
2607 6.82345
2608 6.81724
2609 6.81105
2610 6.80486
2611 6.79867
2612 6.7925
2613 6.78633
2614 6.78018
2615 6.77402
2616 6.76788
2617 6.76174
2618 6.75562
2619 6.74949
2620 6.74338
2621 6.73728
2622 6.73118
2623 6.72509
2624 6.719
2625 6.71293
2626 6.70686
2627 6.7008
2628 6.69474
2629 6.6887
2630 6.68266
2631 6.67663
2632 6.6706
2633 6.66459
2634 6.65858
2635 6.65257
2636 6.64658
2637 6.64059
2638 6.63461
2639 6.62864
2640 6.62267
2641 6.61672
2642 6.61076
2643 6.60482
2644 6.59888
2645 6.59296
2646 6.58703
2647 6.58112
2648 6.57521
2649 6.56931
2650 6.56342
2651 6.55753
2652 6.55165
2653 6.54578
2654 6.53992
2655 6.53406
2656 6.52821
2657 6.52236
2658 6.51653
2659 6.5107
2660 6.50488
2661 6.49906
2662 6.49325
2663 6.48745
2664 6.48166
2665 6.47587
2666 6.47009
2667 6.46432
2668 6.45855
2669 6.4528
2670 6.44704
2671 6.4413
2672 6.43556
2673 6.42983
2674 6.42411
2675 6.41839
2676 6.41268
2677 6.40697
2678 6.40128
2679 6.39559
2680 6.3899
2681 6.38423
2682 6.37856
2683 6.3729
2684 6.36724
2685 6.36159
2686 6.35595
2687 6.35032
2688 6.34469
2689 6.33907
2690 6.33345
2691 6.32784
2692 6.32224
2693 6.31665
2694 6.31106
2695 6.30548
2696 6.2999
2697 6.29433
2698 6.28877
2699 6.28322
2700 6.27767
2701 6.27213
2702 6.26659
2703 6.26107
2704 6.25554
2705 6.25003
2706 6.24452
2707 6.23902
2708 6.23352
2709 6.22804
2710 6.22255
2711 6.21708
2712 6.21161
2713 6.20615
2714 6.20069
2715 6.19524
2716 6.1898
2717 6.18436
2718 6.17893
2719 6.17351
2720 6.16809
2721 6.16268
2722 6.15728
2723 6.15188
2724 6.14649
2725 6.1411
2726 6.13572
2727 6.13035
2728 6.12499
2729 6.11963
2730 6.11427
2731 6.10893
2732 6.10359
2733 6.09825
2734 6.09292
2735 6.0876
2736 6.08229
2737 6.07698
2738 6.07168
2739 6.06638
2740 6.06109
2741 6.0558
2742 6.05053
2743 6.04526
2744 6.03999
2745 6.03473
2746 6.02948
2747 6.02423
2748 6.01899
2749 6.01376
2750 6.00853
2751 6.00331
2752 5.99809
2753 5.99288
2754 5.98768
2755 5.98248
2756 5.97729
2757 5.97211
2758 5.96693
2759 5.96175
2760 5.95659
2761 5.95143
2762 5.94627
2763 5.94112
2764 5.93598
2765 5.93084
2766 5.92571
2767 5.92059
2768 5.91547
2769 5.91036
2770 5.90525
2771 5.90015
2772 5.89505
2773 5.88996
2774 5.88488
2775 5.87981
2776 5.87473
2777 5.86967
2778 5.86461
2779 5.85956
2780 5.85451
2781 5.84947
2782 5.84443
2783 5.8394
2784 5.83438
2785 5.82936
2786 5.82435
2787 5.81934
2788 5.81434
2789 5.80935
2790 5.80436
2791 5.79938
2792 5.7944
2793 5.78943
2794 5.78446
2795 5.7795
2796 5.77455
2797 5.7696
2798 5.76466
2799 5.75972
2800 5.75479
2801 5.74986
2802 5.74494
2803 5.74003
2804 5.73512
2805 5.73022
2806 5.72532
2807 5.72043
2808 5.71554
2809 5.71066
2810 5.70579
2811 5.70092
2812 5.69606
2813 5.6912
2814 5.68635
2815 5.6815
2816 5.67666
2817 5.67183
2818 5.667
2819 5.66217
2820 5.65735
2821 5.65254
2822 5.64773
2823 5.64293
2824 5.63814
2825 5.63335
2826 5.62856
2827 5.62378
2828 5.61901
2829 5.61424
2830 5.60947
2831 5.60472
2832 5.59996
2833 5.59522
2834 5.59048
2835 5.58574
2836 5.58101
2837 5.57628
2838 5.57156
2839 5.56685
2840 5.56214
2841 5.55744
2842 5.55274
2843 5.54805
2844 5.54336
2845 5.53868
2846 5.534
2847 5.52933
2848 5.52466
2849 5.52
2850 5.51535
2851 5.5107
2852 5.50605
2853 5.50141
2854 5.49678
2855 5.49215
2856 5.48752
2857 5.48291
2858 5.47829
2859 5.47369
2860 5.46908
2861 5.46449
2862 5.45989
2863 5.45531
2864 5.45073
2865 5.44615
2866 5.44158
2867 5.43701
2868 5.43245
2869 5.42789
2870 5.42334
2871 5.4188
2872 5.41426
2873 5.40972
2874 5.40519
2875 5.40067
2876 5.39615
2877 5.39163
2878 5.38713
2879 5.38262
2880 5.37812
2881 5.37363
2882 5.36914
2883 5.36465
2884 5.36018
2885 5.3557
2886 5.35123
2887 5.34677
2888 5.34231
2889 5.33786
2890 5.33341
2891 5.32896
2892 5.32452
2893 5.32009
2894 5.31566
2895 5.31124
2896 5.30682
2897 5.30241
2898 5.298
2899 5.29359
2900 5.2892
2901 5.2848
2902 5.28041
2903 5.27603
2904 5.27165
2905 5.26727
2906 5.26291
2907 5.25854
2908 5.25418
2909 5.24983
2910 5.24548
2911 5.24113
2912 5.23679
2913 5.23246
2914 5.22813
2915 5.2238
2916 5.21948
2917 5.21517
2918 5.21085
2919 5.20655
2920 5.20225
2921 5.19795
2922 5.19366
2923 5.18937
2924 5.18509
2925 5.18081
2926 5.17654
2927 5.17227
2928 5.16801
2929 5.16375
2930 5.1595
2931 5.15525
2932 5.15101
2933 5.14677
2934 5.14253
2935 5.1383
2936 5.13408
2937 5.12986
2938 5.12564
2939 5.12143
2940 5.11722
2941 5.11302
2942 5.10882
2943 5.10463
2944 5.10044
2945 5.09626
2946 5.09208
2947 5.08791
2948 5.08374
2949 5.07957
2950 5.07541
2951 5.07126
2952 5.06711
2953 5.06296
2954 5.05882
2955 5.05468
2956 5.05055
2957 5.04642
2958 5.0423
2959 5.03818
2960 5.03407
2961 5.02996
2962 5.02585
2963 5.02175
2964 5.01766
2965 5.01356
2966 5.00948
2967 5.00539
2968 5.00132
2969 4.99724
2970 4.99317
2971 4.98911
2972 4.98505
2973 4.98099
2974 4.97694
2975 4.9729
2976 4.96885
2977 4.96482
2978 4.96078
2979 4.95675
2980 4.95273
2981 4.94871
2982 4.94469
2983 4.94068
2984 4.93667
2985 4.93267
2986 4.92867
2987 4.92468
2988 4.92069
2989 4.91671
2990 4.91272
2991 4.90875
2992 4.90478
2993 4.90081
2994 4.89685
2995 4.89289
2996 4.88893
2997 4.88498
2998 4.88104
2999 4.87709
3000 4.87316
3001 4.86922
3002 4.8653
3003 4.86137
3004 4.85745
3005 4.85354
3006 4.84962
3007 4.84572
3008 4.84181
3009 4.83791
3010 4.83402
3011 4.83013
3012 4.82624
3013 4.82236
3014 4.81848
3015 4.81461
3016 4.81074
3017 4.80688
3018 4.80301
3019 4.79916
3020 4.79531
3021 4.79146
3022 4.78761
3023 4.78377
3024 4.77994
3025 4.77611
3026 4.77228
3027 4.76846
3028 4.76464
3029 4.76082
3030 4.75701
3031 4.7532
3032 4.7494
3033 4.7456
3034 4.74181
3035 4.73802
3036 4.73423
3037 4.73045
3038 4.72667
3039 4.7229
3040 4.71913
3041 4.71536
3042 4.7116
3043 4.70784
3044 4.70409
3045 4.70034
3046 4.69659
3047 4.69285
3048 4.68911
3049 4.68538
3050 4.68165
3051 4.67792
3052 4.6742
3053 4.67048
3054 4.66677
3055 4.66306
3056 4.65936
3057 4.65565
3058 4.65196
3059 4.64826
3060 4.64457
3061 4.64089
3062 4.63721
3063 4.63353
3064 4.62985
3065 4.62618
3066 4.62252
3067 4.61886
3068 4.6152
3069 4.61154
3070 4.60789
3071 4.60425
3072 4.6006
3073 4.59697
3074 4.59333
3075 4.5897
3076 4.58607
3077 4.58245
3078 4.57883
3079 4.57522
3080 4.5716
3081 4.568
3082 4.56439
3083 4.56079
3084 4.5572
3085 4.5536
3086 4.55002
3087 4.54643
3088 4.54285
3089 4.53927
3090 4.5357
3091 4.53213
3092 4.52856
3093 4.525
3094 4.52144
3095 4.51789
3096 4.51434
3097 4.51079
3098 4.50725
3099 4.50371
3100 4.50018
3101 4.49664
3102 4.49312
3103 4.48959
3104 4.48607
3105 4.48255
3106 4.47904
3107 4.47553
3108 4.47203
3109 4.46852
3110 4.46503
3111 4.46153
3112 4.45804
3113 4.45455
3114 4.45107
3115 4.44759
3116 4.44412
3117 4.44064
3118 4.43717
3119 4.43371
3120 4.43025
3121 4.42679
3122 4.42334
3123 4.41989
3124 4.41644
3125 4.41299
3126 4.40956
3127 4.40612
3128 4.40269
3129 4.39926
3130 4.39583
3131 4.39241
3132 4.38899
3133 4.38558
3134 4.38217
3135 4.37876
3136 4.37536
3137 4.37196
3138 4.36856
3139 4.36517
3140 4.36178
3141 4.35839
3142 4.35501
3143 4.35163
3144 4.34826
3145 4.34489
3146 4.34152
3147 4.33815
3148 4.33479
3149 4.33143
3150 4.32808
3151 4.32473
3152 4.32138
3153 4.31804
3154 4.3147
3155 4.31136
3156 4.30803
3157 4.3047
3158 4.30137
3159 4.29805
3160 4.29473
3161 4.29142
3162 4.28811
3163 4.2848
3164 4.28149
3165 4.27819
3166 4.27489
3167 4.2716
3168 4.2683
3169 4.26502
3170 4.26173
3171 4.25845
3172 4.25517
3173 4.2519
3174 4.24863
3175 4.24536
3176 4.24209
3177 4.23883
3178 4.23558
3179 4.23232
3180 4.22907
3181 4.22582
3182 4.22258
3183 4.21934
3184 4.2161
3185 4.21287
3186 4.20964
3187 4.20641
3188 4.20319
3189 4.19997
3190 4.19675
3191 4.19353
3192 4.19032
3193 4.18712
3194 4.18391
3195 4.18071
3196 4.17751
3197 4.17432
3198 4.17113
3199 4.16794
3200 4.16476
3201 4.16158
3202 4.1584
3203 4.15523
3204 4.15205
3205 4.14889
3206 4.14572
3207 4.14256
3208 4.1394
3209 4.13625
3210 4.1331
3211 4.12995
3212 4.1268
3213 4.12366
3214 4.12052
3215 4.11739
3216 4.11426
3217 4.11113
3218 4.108
3219 4.10488
3220 4.10176
3221 4.09864
3222 4.09553
3223 4.09242
3224 4.08931
3225 4.08621
3226 4.08311
3227 4.08001
3228 4.07692
3229 4.07383
3230 4.07074
3231 4.06766
3232 4.06458
3233 4.0615
3234 4.05842
3235 4.05535
3236 4.05228
3237 4.04922
3238 4.04616
3239 4.0431
3240 4.04004
3241 4.03699
3242 4.03394
3243 4.03089
3244 4.02785
3245 4.02481
3246 4.02177
3247 4.01873
3248 4.0157
3249 4.01268
3250 4.00965
3251 4.00663
3252 4.00361
3253 4.00059
3254 3.99758
3255 3.99457
3256 3.99156
3257 3.98856
3258 3.98556
3259 3.98256
3260 3.97957
3261 3.97658
3262 3.97359
3263 3.9706
3264 3.96762
3265 3.96464
3266 3.96167
3267 3.95869
3268 3.95572
3269 3.95275
3270 3.94979
3271 3.94683
3272 3.94387
3273 3.94092
3274 3.93796
3275 3.93501
3276 3.93207
3277 3.92912
3278 3.92618
3279 3.92325
3280 3.92031
3281 3.91738
3282 3.91445
3283 3.91153
3284 3.9086
3285 3.90568
3286 3.90277
3287 3.89985
3288 3.89694
3289 3.89404
3290 3.89113
3291 3.88823
3292 3.88533
3293 3.88243
3294 3.87954
3295 3.87665
3296 3.87376
3297 3.87088
3298 3.868
3299 3.86512
3300 3.86224
3301 3.85937
3302 3.8565
3303 3.85363
3304 3.85077
3305 3.8479
3306 3.84505
3307 3.84219
3308 3.83934
3309 3.83649
3310 3.83364
3311 3.8308
3312 3.82795
3313 3.82512
3314 3.82228
3315 3.81945
3316 3.81662
3317 3.81379
3318 3.81097
3319 3.80814
3320 3.80532
3321 3.80251
3322 3.7997
3323 3.79689
3324 3.79408
3325 3.79127
3326 3.78847
3327 3.78567
3328 3.78288
3329 3.78008
3330 3.77729
3331 3.7745
3332 3.77172
3333 3.76893
3334 3.76616
3335 3.76338
3336 3.7606
3337 3.75783
3338 3.75506
3339 3.7523
3340 3.74953
3341 3.74677
3342 3.74402
3343 3.74126
3344 3.73851
3345 3.73576
3346 3.73301
3347 3.73027
3348 3.72753
3349 3.72479
3350 3.72205
3351 3.71932
3352 3.71659
3353 3.71386
3354 3.71114
3355 3.70841
3356 3.70569
3357 3.70298
3358 3.70026
3359 3.69755
3360 3.69484
3361 3.69214
3362 3.68943
3363 3.68673
3364 3.68403
3365 3.68134
3366 3.67865
3367 3.67595
3368 3.67327
3369 3.67058
3370 3.6679
3371 3.66522
3372 3.66254
3373 3.65987
3374 3.6572
3375 3.32538
3376 2.74445
3377 2.74244
3378 2.74044
3379 2.73845
3380 2.73645
3381 2.73446
3382 2.73246
3383 2.73047
3384 2.72849
3385 2.7265
3386 2.72451
3387 2.72253
3388 2.72055
3389 2.71857
3390 2.7166
3391 2.71462
3392 2.71265
3393 2.71068
3394 2.70871
3395 2.70674
3396 2.70478
3397 2.70282
3398 2.70085
3399 2.6989
3400 2.69694
3401 2.69498
3402 2.69303
3403 2.69108
3404 2.68913
3405 2.68718
3406 2.68523
3407 2.68329
3408 2.68135
3409 2.67941
3410 2.67747
3411 2.67553
3412 2.6736
3413 2.67167
3414 2.66974
3415 2.66781
3416 2.66588
3417 2.66396
3418 2.66203
3419 2.66011
3420 2.65819
3421 2.65627
3422 2.65436
3423 2.65244
3424 2.65053
3425 2.64862
3426 2.64671
3427 2.64481
3428 2.6429
3429 2.641
3430 2.6391
3431 2.6372
3432 2.6353
3433 2.63341
3434 2.63151
3435 2.62962
3436 2.62773
3437 2.62584
3438 2.62396
3439 2.62207
3440 2.62019
3441 2.61831
3442 2.61643
3443 2.61456
3444 2.61268
3445 2.61081
3446 2.60894
3447 2.60707
3448 2.6052
3449 2.60333
3450 2.60147
3451 2.5996
3452 2.59774
3453 2.59588
3454 2.59403
3455 2.59217
3456 2.59032
3457 2.58847
3458 2.58662
3459 2.58477
3460 2.58292
3461 2.58108
3462 2.57923
3463 2.57739
3464 2.57555
3465 2.57372
3466 2.57188
3467 2.57005
3468 2.56821
3469 2.56638
3470 2.56455
3471 2.56273
3472 2.5609
3473 2.55908
3474 2.55726
3475 2.55544
3476 2.55362
3477 2.5518
3478 2.54999
3479 2.54817
3480 2.54636
3481 2.54455
3482 2.54275
3483 2.54094
3484 2.53913
3485 2.53733
3486 2.53553
3487 2.53373
3488 2.53193
3489 2.53014
3490 2.52834
3491 2.52655
3492 2.52476
3493 2.52297
3494 2.52119
3495 2.5194
3496 2.51762
3497 2.51583
3498 2.51405
3499 2.51227
3500 2.5105
3501 2.50872
3502 2.50695
3503 2.50518
3504 2.50341
3505 2.50164
3506 2.49987
3507 2.49811
3508 2.49634
3509 2.49458
3510 2.49282
3511 2.49106
3512 2.48931
3513 2.48755
3514 2.4858
3515 2.48405
3516 2.48229
3517 2.48055
3518 2.4788
3519 2.47705
3520 2.47531
3521 2.47357
3522 2.47183
3523 2.47009
3524 2.46835
3525 2.46662
3526 2.46488
3527 2.46315
3528 2.46142
3529 2.45969
3530 2.45797
3531 2.45624
3532 2.45452
3533 2.4528
3534 2.45107
3535 2.44936
3536 2.44764
3537 2.44592
3538 2.44421
3539 2.4425
3540 2.44079
3541 2.43908
3542 2.43737
3543 2.43566
3544 2.43396
3545 2.43226
3546 2.43055
3547 2.42885
3548 2.42716
3549 2.42546
3550 2.42377
3551 2.42207
3552 2.42038
3553 2.41869
3554 2.417
3555 2.41532
3556 2.41363
3557 2.41195
3558 2.41027
3559 2.40859
3560 2.40691
3561 2.40523
3562 2.40355
3563 2.40188
3564 2.40021
3565 2.39854
3566 2.39687
3567 2.3952
3568 2.39353
3569 2.39187
3570 2.3902
3571 2.38854
3572 2.38688
3573 2.38522
3574 2.38357
3575 2.38191
3576 2.38026
3577 2.37861
3578 2.37695
3579 2.37531
3580 2.37366
3581 2.37201
3582 2.37037
3583 2.36872
3584 2.36708
3585 2.36544
3586 2.3638
3587 2.36217
3588 2.36053
3589 2.3589
3590 2.35727
3591 2.35563
3592 2.35401
3593 2.35238
3594 2.35075
3595 2.34913
3596 2.3475
3597 2.34588
3598 2.34426
3599 2.34264
3600 2.34103
3601 2.33941
3602 2.3378
3603 2.33618
3604 2.33457
3605 2.33296
3606 2.33135
3607 2.32975
3608 2.32814
3609 2.32654
3610 2.32494
3611 2.32333
3612 2.32174
3613 2.32014
3614 2.31854
3615 2.31695
3616 2.31535
3617 2.31376
3618 2.31217
3619 2.31058
3620 2.30899
3621 2.30741
3622 2.30582
3623 2.30424
3624 2.30266
3625 2.30108
3626 2.2995
3627 2.29792
3628 2.29635
3629 2.29477
3630 2.2932
3631 2.29163
3632 2.29006
3633 2.28849
3634 2.28692
3635 2.28536
3636 2.28379
3637 2.28223
3638 2.28067
3639 2.27911
3640 2.27755
3641 2.27599
3642 2.27444
3643 2.27288
3644 2.27133
3645 2.26978
3646 2.26823
3647 2.26668
3648 2.26514
3649 2.26359
3650 2.26205
3651 2.2605
3652 2.25896
3653 2.25742
3654 2.25588
3655 2.25435
3656 2.25281
3657 2.25128
3658 2.24974
3659 2.24821
3660 2.24668
3661 2.24515
3662 2.24363
3663 2.2421
3664 2.24058
3665 2.23905
3666 2.23753
3667 2.23601
3668 2.23449
3669 2.23298
3670 2.23146
3671 2.22994
3672 2.22843
3673 2.22692
3674 2.22541
3675 2.2239
3676 2.22239
3677 2.22089
3678 2.21938
3679 2.21788
3680 2.21637
3681 2.21487
3682 2.21337
3683 2.21188
3684 2.21038
3685 2.20888
3686 2.20739
3687 2.2059
3688 2.20441
3689 2.20292
3690 2.20143
3691 2.19994
3692 2.19845
3693 2.19697
3694 2.19549
3695 2.194
3696 2.19252
3697 2.19104
3698 2.18957
3699 2.18809
3700 2.18661
3701 2.18514
3702 2.18367
3703 2.1822
3704 2.18073
3705 2.17926
3706 2.17779
3707 2.17633
3708 2.17486
3709 2.1734
3710 2.17194
3711 2.17048
3712 2.16902
3713 2.16756
3714 2.1661
3715 2.16465
3716 2.16319
3717 2.16174
3718 2.16029
3719 2.15884
3720 2.15739
3721 2.15594
3722 2.1545
3723 2.15305
3724 2.15161
3725 2.15017
3726 2.14873
3727 2.14729
3728 2.14585
3729 2.14441
3730 2.14298
3731 2.14154
3732 2.14011
3733 2.13868
3734 2.13725
3735 2.13582
3736 2.13439
3737 2.13296
3738 2.13154
3739 2.13011
3740 2.12869
3741 2.12727
3742 2.12585
3743 2.12443
3744 2.12301
3745 2.1216
3746 2.12018
3747 2.11877
3748 2.11735
3749 2.11594
3750 2.11453
3751 2.11312
3752 2.11172
3753 2.11031
3754 2.10891
3755 2.1075
3756 2.1061
3757 2.1047
3758 2.1033
3759 2.1019
3760 2.1005
3761 2.09911
3762 2.09771
3763 2.09632
3764 2.09493
3765 2.09353
3766 2.09214
3767 2.09076
3768 2.08937
3769 2.08798
3770 2.0866
3771 2.08521
3772 2.08383
3773 2.08245
3774 2.08107
3775 2.07969
3776 2.07831
3777 2.07694
3778 2.07556
3779 2.07419
3780 2.07281
3781 2.07144
3782 2.07007
3783 2.0687
3784 2.06734
3785 2.06597
3786 2.0646
3787 2.06324
3788 2.06188
3789 2.06052
3790 2.05915
3791 2.0578
3792 2.05644
3793 2.05508
3794 2.05372
3795 2.05237
3796 2.05102
3797 2.04966
3798 2.04831
3799 2.04696
3800 2.04562
3801 2.04427
3802 2.04292
3803 2.04158
3804 2.04023
3805 2.03889
3806 2.03755
3807 2.03621
3808 2.03487
3809 2.03353
3810 2.0322
3811 2.03086
3812 2.02953
3813 2.02819
3814 2.02686
3815 2.02553
3816 2.0242
3817 2.02287
3818 2.02155
3819 2.02022
3820 2.0189
3821 2.01757
3822 2.01625
3823 2.01493
3824 2.01361
3825 2.01229
3826 2.01097
3827 2.00965
3828 2.00834
3829 2.00702
3830 2.00571
3831 2.0044
3832 2.00309
3833 2.00178
3834 2.00047
3835 1.99916
3836 1.99786
3837 1.99655
3838 1.99525
3839 1.99394
3840 1.99264
3841 1.99134
3842 1.99004
3843 1.98874
3844 1.98745
3845 1.98615
3846 1.98486
3847 1.98356
3848 1.98227
3849 1.98098
3850 1.97969
3851 1.9784
3852 1.97711
3853 1.97582
3854 1.97454
3855 1.97325
3856 1.97197
3857 1.97069
3858 1.96941
3859 1.96813
3860 1.96685
3861 1.96557
3862 1.96429
3863 1.96302
3864 1.96174
3865 1.96047
3866 1.9592
3867 1.95793
3868 1.95666
3869 1.95539
3870 1.95412
3871 1.95285
3872 1.95159
3873 1.95032
3874 1.94906
3875 1.9478
3876 1.94653
3877 1.94527
3878 1.94401
3879 1.94276
3880 1.9415
3881 1.94024
3882 1.93899
3883 1.93774
3884 1.93648
3885 1.93523
3886 1.93398
3887 1.93273
3888 1.93148
3889 1.93024
3890 1.92899
3891 1.92775
3892 1.9265
3893 1.92526
3894 1.92402
3895 1.92278
3896 1.92154
3897 1.9203
3898 1.91906
3899 1.91783
3900 1.91659
3901 1.91536
3902 1.91412
3903 1.91289
3904 1.91166
3905 1.91043
3906 1.9092
3907 1.90797
3908 1.90675
3909 1.90552
3910 1.9043
3911 1.90307
3912 1.90185
3913 1.90063
3914 1.89941
3915 1.89819
3916 1.89697
3917 1.89575
3918 1.89454
3919 1.89332
3920 1.89211
3921 1.8909
3922 1.88968
3923 1.88847
3924 1.88726
3925 1.88605
3926 1.88485
3927 1.88364
3928 1.88243
3929 1.88123
3930 1.88003
3931 1.87882
3932 1.87762
3933 1.87642
3934 1.87522
3935 1.87402
3936 1.87283
3937 1.87163
3938 1.87043
3939 1.86924
3940 1.86805
3941 1.86685
3942 1.86566
3943 1.86447
3944 1.86328
3945 1.86209
3946 1.86091
3947 1.85972
3948 1.85854
3949 1.85735
3950 1.85617
3951 1.85499
3952 1.85381
3953 1.85263
3954 1.85145
3955 1.85027
3956 1.84909
3957 1.84792
3958 1.84674
3959 1.84557
3960 1.84439
3961 1.84322
3962 1.84205
3963 1.84088
3964 1.83971
3965 1.83854
3966 1.83738
3967 1.83621
3968 1.83504
3969 1.83388
3970 1.83272
3971 1.83156
3972 1.83039
3973 1.82923
3974 1.82808
3975 1.82692
3976 1.82576
3977 1.8246
3978 1.82345
3979 1.82229
3980 1.82114
3981 1.81999
3982 1.81884
3983 1.81769
3984 1.81654
3985 1.81539
3986 1.81424
3987 1.8131
3988 1.81195
3989 1.81081
3990 1.80966
3991 1.80852
3992 1.80738
3993 1.80624
3994 1.8051
3995 1.80396
3996 1.80282
3997 1.80169
3998 1.80055
3999 1.79942
4000 1.79828
4001 1.79715
4002 1.79602
4003 1.79489
4004 1.79376
4005 1.79263
4006 1.7915
4007 1.79037
4008 1.78925
4009 1.78812
4010 1.787
4011 1.78587
4012 1.78475
4013 1.78363
4014 1.78251
4015 1.78139
4016 1.78027
4017 1.77916
4018 1.77804
4019 1.77692
4020 1.77581
4021 1.77469
4022 1.77358
4023 1.77247
4024 1.77136
4025 1.77025
4026 1.76914
4027 1.76803
4028 1.76692
4029 1.76582
4030 1.76471
4031 1.76361
4032 1.76251
4033 1.7614
4034 1.7603
4035 1.7592
4036 1.7581
4037 1.757
4038 1.7559
4039 1.75481
4040 1.75371
4041 1.75262
4042 1.75152
4043 1.75043
4044 1.74934
4045 1.74824
4046 1.74715
4047 1.74606
4048 1.74497
4049 1.74389
4050 1.7428
4051 1.74171
4052 1.74063
4053 1.73954
4054 1.73846
4055 1.73738
4056 1.7363
4057 1.73522
4058 1.73414
4059 1.73306
4060 1.73198
4061 1.7309
4062 1.72983
4063 1.72875
4064 1.72768
4065 1.7266
4066 1.72553
4067 1.72446
4068 1.72339
4069 1.72232
4070 1.72125
4071 1.72018
4072 1.71912
4073 1.71805
4074 1.71698
4075 1.71592
4076 1.71486
4077 1.71379
4078 1.71273
4079 1.71167
4080 1.71061
4081 1.70955
4082 1.70849
4083 1.70744
4084 1.70638
4085 1.70532
4086 1.70427
4087 1.70322
4088 1.70216
4089 1.70111
4090 1.70006
4091 1.69901
4092 1.69796
4093 1.69691
4094 1.69586
4095 1.69482
