0 0
0 107
0 129
0 168
0 184
0 252
0 309
0 304
0 369
0 396
0 474
0 512
0 556
0 580
0 656
0 648
0 671
0 601
0 684
0 602
0 605
0 573
0 523
0 478
0 451
0 376
0 362
0 297
0 235
0 217
0 176
0 142
0 121
0 90
0 77
0 51
0 45
0 43
0 33
0 13
0 13
0 10
0 7
0 6
0 7
0 6
0 1
0 3
0 0
0 1
0 2
0 0
0 0
0 0
0 0
0 0
0 0
0 0
0 0
0 0
0 0
0 0
0 0
0 0
0 0
0 0
0 0
0 0
0 0
0 0
0 0
0 0
0 0
0 0
0 0
0 0
0 0
0 0
0 0
0 0
0 0
0 0
0 0
0 0
0 0
0 0
0 0
0 0
0 0
0 0
0 0
0 0
0 0
0 0
0 0
0 0
0 0
0 0
0 0
0 0
0 0
0 0
0 0
0 0
0 0
0 0
0 0
0 0
0 0
0 0
0 0
0 0
0 0
0 0
0 0
0 0
0 0
0 0
0 0
0 0
0 0
0 0
0 0
0 0
0 0
0 0
0 0
0 0
0 0
0 0
0 0
0 0
0 0
0 0
0 0
0 0
0 0
0 0
0 0
0 0
0 0
0 0
0 0
0 0
0 0
0 0
0 0
0 0
0 0
0 0
0 0
0 0
0 0
0 0
0 0
0 0
0 0
0 0
0 0
0 0
0 0
0 0
0 0
0 0
0 0
0 0
0 0
0 0
0 0
0 0
0 0
0 0
0 0
0 0
0 0
0 0
0 0
0 0
0 0
0 0
0 0
0 0
0 0
0 0
0 0
0 0
0 0
0 0
0 1
0 1
0 0
0 1
0 1
0 3
0 0
0 0
0 1
0 2
0 1
0 2
0 8
0 4
0 6
0 6
0 6
0 7
0 13
0 15
0 19
0 18
0 24
0 29
0 28
0 37
0 33
0 36
0 35
0 26
0 37
0 35
0 48
0 38
0 52
0 28
0 33
0 38
0 20
0 45
0 36
0 29
0 24
0 27
0 26
0 31
0 15
0 23
0 8
0 14
0 12
0 12
0 9
0 6
0 8
0 6
0 11
0 5
0 8
0 14
0 8
0 11
0 8
0 7
0 11
0 11
0 5
0 6
0 13
0 9
0 8
0 7
0 6
0 7
0 10
0 10
0 8
0 8
0 6
0 12
0 6
0 6
0 8
0 4
0 8
0 10
0 7
0 5
0 5
0 2
0 10
0 11
0 4
0 6
0 5
0 4
0 6
0 9
0 7
0 9
0 6
0 14
0 5
0 14
0 11
0 3
0 11
0 4
0 7
0 8
0 5
0 5
0 5
0 5
0 4
0 8
0 8
0 11
0 5
0 6
0 3
0 5
0 6
0 4
0 8
0 7
0 11
0 6
0 5
0 6
0 10
0 9
0 6
0 5
0 6
0 11
0 3
0 13
0 8
0 10
0 13
0 4
0 7
0 5
0 6
0 6
0 4
0 7
0 11
0 9
0 10
0 6
0 9
0 10
0 5
0 7
0 7
0 4
0 7
0 7
0 4
0 8
0 7
-3.28179 2
796.718 6
796.475 5
796.23 9
795.987 8
795.743 7
795.497 5
795.256 6
795.009 9
794.762 6
794.512 8
794.265 8
794.016 9
793.769 8
793.524 4
793.278 4
793.03 14
792.781 3
792.535 6
792.287 12
792.04 4
791.793 6
791.548 6
791.297 14
791.047 7
790.8 5
790.552 12
790.307 13
790.055 4
789.81 15
789.561 8
789.313 9
789.064 11
788.819 8
788.57 6
788.328 6
788.082 2
787.835 8
787.589 10
787.344 5
787.098 7
786.85 6
786.606 9
786.359 10
786.11 8
785.864 6
785.618 13
785.374 12
785.124 3
784.879 6
784.632 2
784.389 10
784.144 9
783.902 5
783.657 7
783.413 7
783.167 6
782.923 11
782.679 13
782.436 7
782.19 4
781.945 11
781.699 5
781.451 5
781.206 6
780.958 6
780.712 5
780.465 10
780.217 3
779.97 11
779.72 5
779.473 5
779.227 8
778.98 11
778.733 8
778.483 11
778.234 6
777.989 7
777.742 5
777.498 7
777.251 8
777.008 10
776.76 6
776.515 10
776.269 8
776.026 10
775.779 9
775.533 10
775.289 7
775.046 7
774.802 6
774.557 9
774.31 6
774.066 7
773.821 5
773.576 10
773.336 8
773.092 8
772.846 10
772.603 13
772.357 5
772.113 12
771.869 10
771.621 8
771.374 5
771.129 7
770.881 6
770.633 6
770.388 6
770.142 11
769.894 5
769.653 8
769.407 6
769.158 11
768.912 8
768.665 9
768.421 4
768.173 8
767.928 9
767.685 7
767.437 5
767.191 8
766.939 6
766.691 6
766.443 9
766.193 8
765.946 8
765.696 7
765.45 4
765.207 9
764.961 3
764.714 7
764.468 7
764.223 9
763.977 6
763.734 9
763.489 12
763.248 10
763.001 11
762.758 11
762.513 9
762.271 9
762.026 10
761.779 6
761.533 8
761.286 8
761.041 11
760.795 5
760.553 5
760.305 8
760.057 8
759.809 6
759.56 11
759.308 6
759.063 11
758.816 8
758.567 13
758.319 6
758.073 7
757.827 4
757.582 5
757.331 10
757.087 7
756.837 8
756.588 5
756.342 8
756.095 7
755.846 6
755.599 4
755.353 6
755.105 5
754.855 8
754.609 4
754.366 8
754.118 7
753.867 7
753.619 8
753.376 7
753.13 6
752.889 7
752.645 4
752.402 11
752.155 6
751.912 5
751.666 12
751.422 12
751.179 7
750.94 5
750.697 7
750.454 13
750.21 12
749.96 7
749.713 13
749.468 7
749.224 8
748.978 6
748.729 9
748.48 10
748.232 13
747.983 17
747.736 9
747.488 9
747.239 10
746.993 7
746.747 5
746.499 9
746.251 10
746.001 5
745.754 8
745.504 8
745.259 9
745.012 5
744.765 9
744.522 10
744.277 8
744.031 8
743.786 6
743.539 14
743.294 5
743.045 7
742.801 5
742.555 7
742.309 9
742.062 13
741.817 5
741.576 16
741.331 6
741.086 10
740.844 8
740.601 6
740.358 9
740.111 7
739.867 7
739.618 10
739.372 9
739.128 11
738.88 8
738.631 9
738.381 5
738.136 15
737.89 10
737.641 11
737.396 8
737.148 9
736.905 9
736.656 6
736.411 9
736.164 7
735.917 6
735.668 11
735.421 8
735.173 9
734.925 13
734.678 8
734.434 6
734.187 4
733.938 11
733.688 11
733.439 7
733.192 6
732.94 7
732.695 10
732.45 4
732.204 4
731.957 8
731.709 10
731.466 7
731.218 9
730.968 13
730.724 7
730.477 8
730.23 6
729.984 10
729.737 6
729.496 5
729.251 7
729.007 7
728.763 7
728.52 7
728.274 5
728.024 11
727.776 11
727.529 7
727.284 10
727.039 8
726.794 9
726.544 11
726.301 3
726.053 11
725.807 8
725.56 4
725.313 11
725.064 11
724.823 7
724.576 11
724.329 13
724.082 14
723.834 10
723.59 17
723.341 8
723.093 11
722.848 8
722.602 11
722.351 4
722.102 3
721.853 9
721.607 9
721.361 15
721.116 4
720.869 11
720.623 5
720.379 7
720.135 8
719.89 12
719.649 13
719.401 8
719.156 8
718.906 6
718.661 12
718.41 6
718.167 6
717.918 8
717.67 11
717.423 10
717.174 6
716.928 7
716.683 8
716.437 6
716.19 9
715.943 12
715.7 5
715.451 10
715.204 7
714.956 6
714.706 9
714.46 6
714.214 13
713.966 6
713.718 9
713.469 11
713.22 9
712.97 8
712.724 10
712.479 10
712.23 8
711.986 3
711.744 8
711.497 6
711.253 3
711.008 7
710.766 9
710.521 6
710.274 8
710.027 8
709.784 8
709.54 10
709.294 10
709.047 11
708.802 3
708.56 8
708.316 12
708.072 9
707.825 12
707.579 5
707.334 8
707.088 7
706.84 9
706.596 8
706.348 7
706.104 8
705.86 4
705.611 11
705.365 6
705.118 8
704.87 9
704.626 13
704.381 5
704.133 12
703.884 7
703.637 6
703.391 11
703.144 7
702.897 8
702.651 4
702.405 9
702.159 5
701.913 10
701.665 11
701.42 10
701.178 3
700.929 3
700.684 6
700.437 11
700.191 4
699.947 7
699.7 7
699.457 8
699.214 7
698.965 6
698.719 8
698.473 8
698.229 6
697.984 8
697.739 10
697.491 7
697.244 8
697.004 6
696.758 8
696.51 11
696.263 4
696.02 9
695.773 4
695.524 7
695.277 10
695.032 4
694.784 7
694.539 6
694.289 7
694.045 7
693.797 5
693.553 11
693.305 7
693.055 8
692.81 10
692.56 10
692.313 7
692.067 7
691.817 6
691.568 6
691.32 4
691.076 9
690.83 6
690.581 8
690.332 8
690.089 6
689.843 15
689.598 8
689.351 4
689.104 7
688.86 6
688.611 9
688.366 9
688.119 7
687.869 9
687.623 9
687.378 8
687.133 7
686.89 8
686.644 6
686.402 9
686.158 3
685.913 10
685.667 5
685.42 9
685.173 6
684.926 8
684.681 7
684.438 11
684.192 7
683.945 8
683.702 7
683.458 5
683.21 4
682.965 5
682.717 3
682.47 7
682.225 10
681.979 10
681.734 7
681.488 6
681.239 6
680.99 8
680.744 5
680.495 6
680.248 9
680.004 5
679.756 6
679.512 10
679.264 8
679.014 9
678.77 10
678.52 9
678.278 6
678.027 12
677.781 5
677.534 9
677.289 9
677.042 7
676.795 7
676.552 8
676.309 6
676.065 10
675.822 8
675.575 9
675.332 5
675.082 7
674.837 8
674.593 3
674.347 10
674.1 8
673.852 12
673.61 9
673.365 13
673.121 10
672.873 7
672.625 10
672.381 10
672.133 5
671.889 6
671.643 11
671.398 9
671.148 9
670.898 6
670.655 4
670.408 8
670.163 5
669.918 9
669.672 8
669.425 11
669.178 6
668.934 9
668.686 6
668.44 3
668.193 18
667.945 7
667.698 8
667.458 9
667.214 7
666.97 4
666.724 6
666.481 3
666.237 10
665.99 7
665.749 10
665.503 8
665.257 5
665.012 11
664.766 5
664.52 5
664.275 5
664.028 9
663.785 10
663.538 8
663.291 10
663.045 8
662.8 5
662.556 11
662.309 11
662.061 7
661.816 10
661.565 8
661.318 2
661.071 5
660.824 11
660.579 7
660.332 11
660.085 6
659.839 10
659.595 7
659.349 11
659.105 9
658.863 7
658.619 10
658.374 11
658.128 7
657.886 7
657.639 5
657.396 5
657.151 8
656.905 11
656.66 5
656.415 8
656.168 12
655.925 10
655.68 8
655.431 9
655.182 5
654.93 6
654.682 6
654.438 5
654.192 9
653.95 9
653.705 2
653.462 6
653.216 8
652.97 8
652.723 6
652.481 4
652.237 10
651.995 7
651.752 14
651.507 7
651.263 5
651.015 6
650.769 9
650.522 4
650.278 3
650.033 9
649.787 7
649.538 6
649.291 5
649.044 6
648.799 5
648.554 11
648.308 7
648.062 7
647.816 14
647.57 7
647.324 7
647.078 8
646.833 13
646.585 8
646.341 6
646.096 6
645.847 6
645.602 5
645.36 8
645.118 9
644.872 6
644.628 9
644.381 6
644.137 7
643.892 4
643.644 7
643.399 10
643.156 9
642.912 5
642.666 7
642.425 7
642.18 7
641.935 9
641.687 10
641.439 7
641.191 6
640.945 10
640.702 12
640.457 11
640.21 7
639.966 13
639.723 6
639.474 10
639.229 6
638.977 6
638.736 5
638.493 4
638.246 11
638.002 11
637.759 6
637.516 8
637.271 3
637.025 7
636.776 8
636.53 12
636.284 5
636.038 9
635.793 8
635.546 6
635.302 10
635.058 8
634.809 8
634.564 12
634.318 3
634.077 11
633.832 8
633.588 5
633.343 4
633.097 7
632.854 9
632.613 4
632.368 12
632.123 5
631.877 5
631.63 6
631.384 11
631.137 6
630.892 8
630.647 4
630.401 11
630.155 11
629.91 4
629.662 12
629.419 8
629.175 10
628.931 5
628.684 4
628.44 6
628.196 8
627.953 7
627.707 14
627.459 11
627.215 9
626.968 6
626.721 4
626.476 6
626.23 10
625.984 12
625.736 10
625.49 3
625.245 9
624.998 11
624.752 10
624.506 3
624.26 8
624.012 3
623.769 9
623.522 4
623.272 10
623.026 11
622.781 8
622.536 11
622.29 10
622.045 7
621.801 8
621.553 5
621.305 6
621.06 6
620.815 4
620.571 11
620.327 10
620.082 6
619.838 9
619.592 4
619.349 9
619.098 4
618.851 11
618.603 11
618.358 10
618.114 8
617.871 7
617.625 10
617.381 7
617.134 8
616.888 8
616.64 9
616.393 4
616.147 12
615.899 12
615.653 10
615.407 12
615.161 7
614.915 9
614.671 9
614.426 9
614.18 9
613.933 4
613.686 11
613.437 6
613.191 4
612.945 7
612.698 11
612.452 8
612.207 7
611.959 16
611.712 7
611.465 4
611.217 9
610.976 10
610.728 5
610.484 10
610.237 11
609.994 5
609.749 7
609.508 7
609.264 8
609.018 5
608.77 7
608.525 8
608.277 9
608.033 3
607.784 9
607.54 12
607.294 8
607.045 5
606.797 5
606.55 5
606.3 5
606.054 11
605.809 11
605.56 7
605.314 7
605.069 6
604.826 4
604.579 6
604.334 10
604.083 5
603.836 10
603.588 2
603.345 11
603.098 13
602.854 8
602.612 10
602.364 15
602.12 11
601.878 8
601.634 10
601.39 10
601.144 6
600.897 8
600.65 9
600.405 9
600.161 4
599.915 9
599.669 9
599.422 8
599.176 5
598.932 7
598.689 8
598.441 16
598.196 7
597.949 4
597.702 7
597.461 10
597.212 5
596.967 11
596.718 7
596.478 6
596.233 8
595.987 8
595.743 13
595.498 5
595.251 9
595.008 7
594.763 11
594.517 11
594.27 7
594.028 9
593.785 6
593.543 6
593.303 7
593.061 9
592.813 10
592.568 10
592.323 9
592.081 10
591.837 8
591.595 10
591.351 17
591.106 5
590.864 5
590.622 9
590.373 10
590.125 7
589.878 13
589.632 10
589.387 11
589.143 8
588.898 7
588.652 10
588.407 11
588.166 5
587.92 7
587.677 9
587.432 6
587.186 8
586.944 8
586.701 3
586.455 6
586.211 0
585.963 7
585.721 9
585.474 9
585.229 3
584.983 9
584.739 8
584.495 13
584.249 7
584.004 8
583.76 9
583.517 4
583.271 10
583.029 15
582.782 13
582.539 11
582.294 8
582.05 5
581.806 5
581.562 8
581.314 12
581.069 11
580.822 6
580.577 13
580.333 9
580.089 13
579.847 8
579.605 7
579.362 9
579.12 8
578.872 14
578.629 5
578.387 10
578.145 8
577.899 8
577.659 15
577.415 9
577.17 6
576.924 7
576.677 11
576.433 5
576.187 6
575.939 14
575.696 8
575.45 9
575.205 9
574.956 12
574.711 12
574.465 8
574.223 9
573.981 16
573.738 5
573.492 8
573.242 13
572.997 11
572.752 4
572.507 7
572.262 5
572.018 13
571.774 6
571.531 11
571.286 6
571.041 8
570.795 10
570.554 13
570.305 10
570.063 8
569.816 14
569.572 12
569.327 10
569.08 9
568.835 9
568.593 9
568.349 13
568.104 15
567.857 8
567.617 7
567.376 16
567.131 8
566.882 15
566.638 11
566.397 10
566.152 8
565.908 15
565.665 7
565.42 14
565.176 7
564.932 12
564.686 10
564.439 13
564.196 15
563.954 15
563.709 9
563.463 10
563.217 9
562.969 13
562.727 7
562.481 4
562.239 7
561.994 11
561.747 15
561.498 11
561.253 10
561.01 11
560.767 8
560.524 8
560.283 13
560.038 9
559.792 7
559.547 10
559.302 10
559.055 10
558.806 8
558.562 12
558.317 4
558.075 14
557.832 11
557.586 6
557.341 10
557.094 14
556.849 14
556.607 8
556.364 7
556.119 6
555.875 16
555.634 9
555.391 9
555.144 12
554.902 10
554.654 8
554.408 18
554.159 7
553.918 12
553.675 12
553.432 10
553.187 10
552.94 13
552.697 11
552.453 10
552.209 7
551.966 12
551.722 11
551.478 8
551.232 11
550.984 15
550.74 16
550.5 8
550.255 11
550.011 5
549.762 18
549.516 16
549.275 7
549.029 14
548.782 11
548.538 9
548.293 12
548.051 19
547.808 10
547.564 11
547.322 14
547.079 5
546.832 17
546.587 14
546.345 10
546.099 12
545.853 14
545.609 18
545.362 13
545.117 14
544.875 16
544.628 13
544.386 13
544.141 7
543.897 19
543.651 12
543.406 14
543.161 12
542.917 12
542.673 14
542.431 12
542.186 15
541.94 17
541.694 14
541.453 12
541.204 12
540.962 10
540.715 17
540.47 13
540.226 13
539.978 14
539.735 12
539.491 15
539.246 14
539.001 17
538.754 16
538.511 10
538.266 10
538.021 6
537.772 10
537.524 19
537.278 17
537.03 15
536.788 14
536.543 12
536.298 7
536.056 18
535.813 9
535.572 21
535.332 16
535.085 11
534.839 9
534.602 12
534.355 9
534.111 12
533.866 12
533.623 13
533.379 15
533.133 9
532.892 10
532.649 18
532.403 11
532.157 17
531.914 12
531.67 12
531.426 15
531.182 7
530.936 18
530.692 16
530.446 15
530.2 13
529.958 18
529.715 13
529.472 10
529.225 11
528.981 14
528.734 13
528.491 19
528.245 10
528.002 15
527.754 26
527.511 10
527.267 18
527.019 7
526.776 18
526.532 15
526.286 15
526.04 12
525.792 19
525.547 13
525.305 10
525.063 18
524.82 15
524.576 16
524.331 14
524.087 24
523.843 8
523.6 19
523.355 6
523.112 28
522.868 12
522.625 18
522.378 17
522.136 11
521.892 18
521.65 16
521.408 14
521.16 13
520.917 21
520.672 10
520.425 14
520.18 17
519.936 16
519.69 16
519.443 11
519.199 20
518.954 25
518.71 15
518.467 10
518.226 18
517.981 15
517.738 18
517.491 18
517.25 12
517.003 16
516.758 18
516.51 8
516.266 11
516.022 19
515.78 26
515.538 14
515.292 18
515.049 25
514.805 19
514.556 25
514.313 11
514.067 15
513.824 16
513.581 14
513.337 18
513.093 25
512.85 16
512.605 26
512.366 10
512.121 12
511.878 17
511.631 15
511.389 16
511.144 20
510.897 15
510.651 21
510.405 24
510.159 16
509.915 16
509.672 17
509.43 15
509.185 16
508.938 13
508.694 24
508.45 14
508.206 20
507.963 19
507.719 22
507.474 19
507.227 21
506.979 23
506.734 24
506.492 19
506.243 24
506.002 19
505.758 7
505.515 27
505.274 20
505.03 14
504.789 16
504.545 25
504.296 23
504.05 16
503.807 28
503.564 18
503.316 18
503.074 14
502.827 16
502.583 24
502.337 20
502.095 21
501.851 18
501.606 17
501.358 15
501.112 19
500.867 17
500.624 28
500.379 29
500.135 24
499.892 17
499.648 16
499.404 21
499.159 20
498.919 20
498.674 23
498.428 21
498.186 15
497.938 19
497.692 22
497.446 15
497.199 32
496.96 19
496.715 23
496.471 26
496.226 24
495.981 15
495.735 27
495.49 23
495.243 17
494.995 22
494.751 21
494.506 28
494.262 26
494.017 26
493.775 25
493.534 19
493.291 21
493.048 15
492.806 23
492.563 24
492.323 21
492.081 11
491.838 17
491.593 27
491.348 17
491.104 20
490.863 22
490.614 22
490.367 25
490.12 21
489.877 21
489.631 23
489.386 22
489.138 33
488.893 26
488.647 26
488.402 22
488.156 23
487.911 18
487.664 11
487.421 27
487.174 18
486.931 24
486.686 22
486.44 24
486.193 26
485.947 18
485.703 23
485.454 19
485.211 28
484.96 21
484.716 17
484.475 38
484.232 31
483.989 25
483.742 26
483.497 23
483.251 27
483.009 25
482.768 34
482.52 23
482.277 25
482.031 23
481.784 25
481.538 22
481.293 16
481.052 29
480.802 21
480.559 14
480.311 31
480.065 27
479.82 25
479.57 20
479.324 22
479.081 22
478.839 21
478.593 28
478.35 36
478.102 31
477.861 42
477.613 23
477.368 29
477.124 29
476.878 27
476.631 23
476.388 28
476.142 24
475.896 24
475.657 29
475.412 20
475.167 27
474.923 30
474.68 29
474.436 29
474.19 28
473.945 34
473.701 30
473.456 34
473.213 24
472.97 28
472.725 36
472.481 31
472.237 28
471.995 29
471.751 35
471.51 32
471.263 26
471.02 21
470.775 26
470.532 29
470.289 26
470.042 25
469.797 18
469.554 28
469.309 36
469.064 27
468.817 26
468.573 37
468.326 28
468.082 32
467.837 29
467.595 24
467.348 29
467.102 31
466.859 34
466.616 19
466.374 27
466.129 21
465.883 19
465.639 24
465.391 42
465.148 31
464.905 26
464.659 34
464.415 38
464.171 34
463.923 28
463.679 37
463.435 25
463.193 40
462.947 26
462.702 20
462.458 19
462.213 28
461.967 30
461.722 35
461.48 33
461.237 30
460.991 36
460.747 29
460.503 28
460.26 25
460.018 37
459.774 34
459.53 23
459.284 17
459.038 32
458.791 35
458.541 22
458.298 26
458.057 31
457.815 35
457.571 33
457.325 42
457.083 34
456.836 36
456.588 31
456.347 34
456.102 32
455.859 39
455.616 31
455.372 32
455.127 48
454.882 28
454.638 41
454.395 36
454.152 36
453.906 28
453.664 34
453.419 31
453.172 30
452.929 28
452.686 51
452.445 34
452.2 38
451.96 32
451.717 27
451.47 27
451.224 36
450.98 26
450.734 30
450.491 40
450.245 32
449.999 37
449.75 31
449.506 34
449.262 40
449.019 41
448.775 40
448.529 38
448.284 37
448.04 37
447.797 33
447.552 48
447.307 46
447.062 44
446.816 35
446.572 37
446.327 29
446.082 39
445.837 33
445.589 29
445.346 29
445.099 40
444.855 33
444.609 36
444.367 26
444.12 33
443.878 28
443.633 45
443.389 27
443.145 27
442.902 25
442.661 47
442.418 29
442.173 37
441.929 32
441.685 38
441.44 31
441.197 47
440.957 35
440.709 30
440.466 39
440.223 41
439.977 38
439.733 26
439.489 42
439.242 41
438.997 36
438.752 39
438.506 39
438.257 37
438.009 28
437.766 36
437.523 36
437.279 49
437.035 49
436.792 28
436.548 30
436.303 40
436.058 25
435.812 43
435.566 31
435.321 41
435.074 41
434.829 40
434.585 40
434.343 41
434.097 38
433.853 46
433.606 41
433.36 33
433.115 45
432.869 34
432.623 45
432.372 42
432.129 39
431.882 37
431.639 37
431.392 42
431.151 37
430.907 40
430.658 42
430.413 34
430.169 32
429.921 40
429.675 45
429.428 41
429.184 43
428.941 39
428.699 40
428.454 42
428.206 39
427.964 39
427.722 50
427.48 40
427.239 31
426.996 24
426.753 50
426.509 31
426.263 36
426.021 36
425.773 31
425.527 40
425.282 39
425.036 45
424.791 53
424.545 27
424.303 46
424.057 43
423.812 45
423.569 57
423.326 47
423.082 50
422.837 54
422.591 41
422.348 41
422.106 41
421.861 31
421.62 39
421.376 46
421.132 57
420.888 45
420.644 34
420.402 47
420.158 47
419.914 38
419.666 39
419.422 36
419.176 41
418.933 46
418.687 43
418.442 41
418.198 42
417.956 35
417.713 45
417.47 34
417.226 37
416.983 30
416.736 38
416.494 51
416.249 39
416.006 40
415.763 53
415.519 44
415.274 45
415.034 41
414.792 38
414.549 51
414.305 44
414.062 58
413.82 30
413.578 51
413.335 31
413.091 40
412.847 43
412.601 53
412.358 36
412.112 44
411.869 29
411.628 50
411.385 50
411.14 40
410.895 46
410.647 50
410.405 41
410.156 47
409.915 35
409.671 39
409.429 32
409.184 38
408.943 51
408.699 53
408.453 48
408.208 52
407.962 41
407.717 49
407.474 43
407.23 49
406.984 64
406.743 49
406.498 43
406.248 36
406.003 40
405.758 34
405.514 50
405.27 43
405.024 46
404.776 55
404.53 55
404.287 57
404.042 44
403.799 34
403.556 34
403.31 62
403.064 41
402.821 49
402.574 45
402.33 38
402.084 61
401.839 40
401.595 44
401.351 41
401.106 52
400.861 37
400.616 49
400.374 47
400.129 56
399.886 47
399.642 51
399.399 45
399.156 42
398.913 48
398.671 44
398.423 42
398.178 50
397.933 35
397.691 50
397.449 55
397.205 44
396.962 50
396.718 52
396.472 58
396.227 35
395.981 53
395.735 37
395.489 41
395.244 58
394.998 54
394.756 42
394.509 53
394.259 45
394.016 47
393.773 54
393.525 59
393.28 54
393.033 53
392.788 39
392.543 56
392.299 36
392.05 62
391.806 56
391.558 68
391.312 41
391.069 57
390.821 52
390.572 38
390.328 46
390.082 44
389.836 50
389.589 52
389.343 58
389.095 44
388.849 49
388.602 49
388.357 47
388.11 56
387.862 53
387.617 43
387.37 50
387.125 54
386.88 54
386.634 52
386.383 59
386.139 52
385.893 53
385.644 51
385.394 59
385.148 65
384.905 46
384.656 50
384.408 42
384.159 56
383.912 57
383.661 35
383.414 45
383.166 44
382.916 51
382.667 41
382.42 50
382.173 55
381.93 54
381.684 54
381.437 43
381.19 48
380.943 46
380.698 55
380.453 52
380.203 65
379.958 51
379.714 58
379.467 59
379.219 53
378.971 49
378.727 52
378.478 54
378.233 52
377.986 55
377.739 59
377.495 71
377.248 46
377 52
376.75 54
376.503 59
376.25 56
376.006 48
375.761 48
375.513 51
375.265 53
375.02 55
374.769 47
374.52 63
374.269 60
374.023 56
373.775 47
373.53 52
373.281 51
373.034 52
372.787 58
372.54 55
372.293 52
372.048 35
371.804 66
371.558 57
371.311 67
371.063 46
370.819 57
370.573 47
370.328 46
370.082 54
369.839 52
369.592 43
369.343 57
369.096 37
368.848 55
368.602 54
368.353 54
368.104 68
367.857 54
367.607 64
367.36 56
367.115 54
366.867 63
366.617 50
366.371 59
366.125 73
365.879 49
365.632 63
365.385 50
365.139 53
364.89 65
364.641 63
364.395 63
364.15 51
363.902 59
363.656 59
363.411 59
363.164 49
362.914 60
362.667 63
362.423 65
362.175 59
361.928 69
361.68 46
361.432 63
361.182 39
360.938 41
360.688 56
360.441 59
360.195 51
359.942 55
359.692 40
359.443 55
359.197 52
358.948 53
358.7 38
358.451 55
358.205 47
357.96 64
357.716 60
357.468 45
357.218 48
356.977 47
356.731 63
356.482 62
356.232 49
355.983 60
355.733 61
355.488 45
355.239 44
354.99 55
354.744 57
354.498 58
354.249 56
354 46
353.754 57
353.509 51
353.264 63
353.017 43
352.774 67
352.525 61
352.277 58
352.032 66
351.786 56
351.535 58
351.289 59
351.045 51
350.8 63
350.552 67
350.307 65
350.061 70
349.808 63
349.563 73
349.319 60
349.072 50
348.826 49
348.575 59
348.326 69
348.078 58
347.832 60
347.586 48
347.34 71
347.089 61
346.843 54
346.595 55
346.347 42
346.098 49
345.849 64
345.599 71
345.356 58
345.108 62
344.858 52
344.611 58
344.365 49
344.118 55
343.868 52
343.627 58
343.383 69
343.133 61
342.884 50
342.632 62
342.388 55
342.142 51
341.894 66
341.647 62
341.401 48
341.156 51
340.908 55
340.662 56
340.415 63
340.167 56
339.919 55
339.675 56
339.429 54
339.186 54
338.936 55
338.688 57
338.441 56
338.193 51
337.946 64
337.698 67
337.452 59
337.202 65
336.956 55
336.711 64
336.464 62
336.216 61
335.968 53
335.721 50
335.473 72
335.226 59
334.977 73
334.728 53
334.477 50
334.228 48
333.984 66
333.737 66
333.493 73
333.244 64
332.998 67
332.752 53
332.504 54
332.257 66
332.012 54
331.767 58
331.522 49
331.277 74
331.032 67
330.786 74
330.542 45
330.297 53
330.048 61
329.798 73
329.554 51
329.304 59
329.058 56
328.81 60
328.562 61
328.315 60
328.067 51
327.821 58
327.571 59
327.326 50
327.079 65
326.831 65
326.581 56
326.334 58
326.088 70
325.837 78
325.591 59
325.346 56
325.103 59
324.853 74
324.609 61
324.359 75
324.108 44
323.862 62
323.612 58
323.367 53
323.122 72
322.875 73
322.628 49
322.379 78
322.134 71
321.883 62
321.635 70
321.391 54
321.148 55
320.9 65
320.654 69
320.406 61
320.16 68
319.914 47
319.67 48
319.427 60
319.184 56
318.938 62
318.687 67
318.442 77
318.191 50
317.94 60
317.692 49
317.442 66
317.195 58
316.947 72
316.699 61
316.452 75
316.205 66
315.96 67
315.715 64
315.467 52
315.221 71
314.974 71
314.725 68
314.478 71
314.23 59
313.989 64
313.741 71
313.493 76
313.251 64
313.004 57
312.758 54
312.515 80
312.27 60
312.022 67
311.773 63
311.525 66
311.279 83
311.032 76
310.786 59
310.54 73
310.296 58
310.049 56
309.8 54
309.554 48
309.308 67
309.06 49
308.813 55
308.568 61
308.319 48
308.068 58
307.82 69
307.572 65
307.325 59
307.08 72
306.833 53
306.587 73
306.34 50
306.092 57
305.843 63
305.593 65
305.346 66
305.104 66
304.858 61
304.609 58
304.36 65
304.115 68
303.871 51
303.623 61
303.379 63
303.134 58
302.889 59
302.642 63
302.398 60
302.149 73
301.905 65
301.659 52
301.413 72
301.165 60
300.92 59
300.673 60
300.431 72
300.182 59
299.935 63
299.688 60
299.443 60
299.195 76
298.946 60
298.7 66
298.453 65
298.205 54
297.959 62
297.712 63
297.467 73
297.222 75
296.971 75
296.724 65
296.475 69
296.231 56
295.987 55
295.738 59
295.493 65
295.246 62
294.999 65
294.753 69
294.505 74
294.258 63
294.012 58
293.762 78
293.514 71
293.267 62
293.019 56
292.77 65
292.524 50
292.276 55
292.029 69
291.781 56
291.536 63
291.29 65
291.045 65
290.794 70
290.545 75
290.298 52
290.053 66
289.806 60
289.559 68
289.31 57
289.066 67
288.817 52
288.569 62
288.321 62
288.071 68
287.823 75
287.575 66
287.33 58
287.084 69
286.836 69
286.59 71
286.348 61
286.101 74
285.855 70
285.61 64
285.364 67
285.119 44
284.875 54
284.626 61
284.381 58
284.136 54
283.889 70
283.639 54
283.388 60
283.142 56
282.897 71
282.65 63
282.403 65
282.154 75
281.907 53
281.659 71
281.414 74
281.168 75
280.924 77
280.675 60
280.426 61
280.177 60
279.932 67
279.685 78
279.435 60
279.184 72
278.935 49
278.688 73
278.442 62
278.195 53
277.946 54
277.694 76
277.447 49
277.202 59
276.953 61
276.707 60
276.46 68
276.212 58
275.961 57
275.713 56
275.463 53
275.216 68
274.969 65
274.721 62
274.476 59
274.23 46
273.985 64
273.735 56
273.487 48
273.242 66
272.997 54
272.748 54
272.5 60
272.253 70
272.006 65
271.76 76
271.515 50
271.265 52
271.016 74
270.77 51
270.521 72
270.276 80
270.028 55
269.779 73
269.53 59
269.282 73
269.034 56
268.788 60
268.537 81
268.291 62
268.045 64
267.801 71
267.554 59
267.309 59
267.064 60
266.815 61
266.567 73
266.324 65
266.076 49
265.83 65
265.585 63
265.339 50
265.093 72
264.847 71
264.599 59
264.35 63
264.106 71
263.858 65
263.61 69
263.363 62
263.113 57
262.868 64
262.62 58
262.378 56
262.134 60
261.889 76
261.641 58
261.398 78
261.153 60
260.906 65
260.662 71
260.415 51
260.167 75
259.922 67
259.673 68
259.428 55
259.179 58
258.929 59
258.683 69
258.434 47
258.186 82
257.939 60
257.694 58
257.447 68
257.199 64
256.953 66
256.707 82
256.46 66
256.21 63
255.963 72
255.716 70
255.472 53
255.221 52
254.976 61
254.733 59
254.482 60
254.236 61
253.987 64
253.74 50
253.493 58
253.249 61
253.004 65
252.757 56
252.51 57
252.264 63
252.016 58
251.767 75
251.52 49
251.272 67
251.024 77
250.78 53
250.536 55
250.29 60
250.042 50
249.797 48
249.547 59
249.3 58
249.05 61
248.804 50
248.558 59
248.312 57
248.065 57
247.816 55
247.572 63
247.323 53
247.076 56
246.831 55
246.582 45
246.334 63
246.087 72
245.841 53
245.59 56
245.341 65
245.096 55
244.85 52
244.605 52
244.356 58
244.109 60
243.865 43
243.617 56
243.366 52
243.12 46
242.873 63
242.621 61
242.374 48
242.128 40
241.878 53
241.636 51
241.389 59
241.141 55
240.897 59
240.651 56
240.404 53
240.155 48
239.907 43
239.658 52
239.412 58
239.164 46
238.922 56
238.678 45
238.43 63
238.18 38
237.935 56
237.688 47
237.44 68
237.194 56
236.95 55
236.705 62
236.456 71
236.214 69
235.967 60
235.717 57
235.471 46
235.224 51
234.976 46
234.731 43
234.488 45
234.242 50
233.991 63
233.743 45
233.493 56
233.247 60
232.999 45
232.751 44
232.503 44
232.258 39
232.01 55
231.764 45
231.516 55
231.268 47
231.018 45
230.767 55
230.52 41
230.275 44
230.029 60
229.781 50
229.532 55
229.285 52
229.037 51
228.791 43
228.543 58
228.296 54
228.051 46
227.804 51
227.559 45
227.311 44
227.06 46
226.812 56
226.564 57
226.316 58
226.07 42
225.821 45
225.574 54
225.323 47
225.074 53
224.828 53
224.58 57
224.332 44
224.088 43
223.841 54
223.595 51
223.346 48
223.101 41
222.852 41
222.607 38
222.365 39
222.114 55
221.867 51
221.62 44
221.373 40
221.127 42
220.881 45
220.636 53
220.39 37
220.144 51
219.897 44
219.65 54
219.404 46
219.155 50
218.91 41
218.664 37
218.418 50
218.172 50
217.924 46
217.679 44
217.434 44
217.187 46
216.939 43
216.694 42
216.447 55
216.201 38
215.953 50
215.706 50
215.458 38
215.208 52
214.962 46
214.717 32
214.47 50
214.223 45
213.974 38
213.726 47
213.479 44
213.232 58
212.985 40
212.737 37
212.487 38
212.242 42
211.995 42
211.747 46
211.497 41
211.251 48
211.005 51
210.759 40
210.509 56
210.261 41
210.014 36
209.767 33
209.52 41
209.276 48
209.028 36
208.783 48
208.536 44
208.291 44
208.043 30
207.799 27
207.556 41
207.31 46
207.064 42
206.818 50
206.571 39
206.329 47
206.082 34
205.837 42
205.59 39
205.347 43
205.101 38
204.856 42
204.608 46
204.364 33
204.116 31
203.872 28
203.623 43
203.375 34
203.128 43
202.88 31
202.632 24
202.387 40
202.141 34
201.895 29
201.646 34
201.4 30
201.154 48
200.91 41
200.664 35
200.415 32
200.17 32
199.926 41
199.678 29
199.429 42
199.182 30
198.934 33
198.687 35
198.442 32
198.194 28
197.951 35
197.702 33
197.458 39
197.209 36
196.965 32
196.718 29
196.472 32
196.228 39
195.978 29
195.731 29
195.486 34
195.241 38
194.994 26
194.744 37
194.497 34
194.251 20
194.005 32
193.758 30
193.516 24
193.272 29
193.024 37
192.777 32
192.534 40
192.289 25
192.044 37
191.801 27
191.554 27
191.308 31
191.062 31
190.819 31
190.57 31
190.323 38
190.076 23
189.831 25
189.586 26
189.342 23
189.096 24
188.85 28
188.604 28
188.357 21
188.11 31
187.864 26
187.621 26
187.374 25
187.128 37
186.884 24
186.638 30
186.392 32
186.145 20
185.895 26
185.648 20
185.402 23
185.154 27
184.907 23
184.658 26
184.412 17
184.165 24
183.919 21
183.672 23
183.422 25
183.174 25
182.929 23
182.683 21
182.434 15
182.189 23
181.943 18
181.695 24
181.446 22
181.202 19
180.953 21
180.708 24
180.464 26
180.216 18
179.969 30
179.721 31
179.474 21
179.228 20
178.982 22
178.736 18
178.49 19
178.242 26
177.998 24
177.752 28
177.505 16
177.262 28
177.015 11
176.77 13
176.521 17
176.272 17
176.029 26
175.783 21
175.538 25
175.294 14
175.047 23
174.797 19
174.552 22
174.304 19
174.056 12
173.813 14
173.568 25
173.32 15
173.074 19
172.829 11
172.581 17
172.334 21
172.09 16
171.844 17
171.596 19
171.351 18
171.108 20
170.864 21
170.618 8
170.37 17
170.125 15
169.874 12
169.63 17
169.38 20
169.132 9
168.888 16
168.639 18
168.394 15
168.146 19
167.901 15
167.651 16
167.407 17
167.161 21
166.916 18
166.671 13
166.424 13
166.176 16
165.929 14
165.685 9
165.442 14
165.195 15
164.948 15
164.704 9
164.456 19
164.207 12
163.965 10
163.718 14
163.474 16
163.228 17
162.98 17
162.733 19
162.488 19
162.239 15
161.993 21
161.749 17
161.504 13
161.258 13
161.011 13
160.767 17
160.52 13
160.272 19
160.027 11
159.781 20
159.536 12
159.294 14
159.051 10
158.807 14
158.562 18
158.313 31
158.066 12
157.816 16
157.567 20
157.321 12
157.075 11
156.828 24
156.581 15
156.335 17
156.087 11
155.84 19
155.591 14
155.345 20
155.098 17
154.85 11
154.606 11
154.358 12
154.111 15
153.865 14
153.618 13
153.376 10
153.128 12
152.883 11
152.638 11
152.387 21
152.142 18
151.896 21
151.65 19
151.404 16
151.158 9
150.911 18
150.668 13
150.42 7
150.175 17
149.926 9
149.683 15
149.432 16
149.183 18
148.935 13
148.688 16
148.445 13
148.2 19
147.955 21
147.709 16
147.464 17
147.218 17
146.972 19
146.729 18
146.482 14
146.237 16
145.987 12
145.738 14
145.494 18
145.248 16
145.003 13
144.76 9
144.513 13
144.269 15
144.025 17
143.778 14
143.529 9
143.283 22
143.039 13
142.795 15
142.548 12
142.303 5
142.056 7
141.811 17
141.567 12
141.318 12
141.068 12
140.821 17
140.576 15
140.327 11
140.082 9
139.833 20
139.59 8
139.343 21
139.097 10
138.851 14
138.607 16
138.36 20
138.115 15
137.871 15
137.627 12
137.378 13
137.129 12
136.885 10
136.636 11
136.392 9
136.144 7
135.899 10
135.656 10
135.407 8
135.161 12
134.913 16
134.666 6
134.42 16
134.173 12
133.923 9
133.673 16
133.426 9
133.178 8
132.93 11
132.685 7
132.438 11
132.192 6
131.949 9
131.703 13
131.456 16
131.21 13
130.964 11
130.72 16
130.474 9
130.225 8
129.98 11
129.734 6
129.485 13
129.239 5
128.995 10
128.75 12
128.504 7
128.258 14
128.012 9
127.767 8
127.518 11
127.276 3
127.034 6
126.788 10
126.543 9
126.298 3
126.054 7
125.811 3
125.565 4
125.315 6
125.069 7
124.819 7
124.569 10
124.322 4
124.08 6
123.833 7
123.587 10
123.338 6
123.094 5
122.849 5
122.604 7
122.355 11
122.111 9
121.867 11
121.62 5
121.372 8
121.124 5
120.879 5
120.638 4
120.394 9
120.151 14
119.904 4
119.657 16
119.412 14
119.165 8
118.913 15
118.671 6
118.428 11
118.18 5
117.93 11
117.683 7
117.435 11
117.191 11
116.944 14
116.7 7
116.451 6
116.205 10
115.956 8
115.71 5
115.464 7
115.217 7
114.97 13
114.723 9
114.48 7
114.231 3
113.983 3
113.735 10
113.491 7
113.245 10
112.998 7
112.752 3
112.51 14
112.263 4
112.016 7
111.769 9
111.526 7
111.278 6
111.034 6
110.791 7
110.546 11
110.3 5
110.053 8
109.808 12
109.561 7
109.314 8
109.067 10
108.822 4
108.573 6
108.326 11
108.08 9
107.833 5
107.589 7
107.343 6
107.096 7
106.848 4
106.603 7
106.358 8
106.109 6
105.864 5
105.617 7
105.37 6
105.122 8
104.874 9
104.624 9
104.374 6
104.125 6
103.875 5
103.625 6
103.378 5
103.135 3
102.888 5
102.64 10
102.398 8
102.15 7
101.904 6
101.657 6
101.412 8
101.166 11
100.922 7
100.672 5
100.428 9
100.178 6
99.9322 6
99.6862 6
99.4392 10
99.1972 11
98.9532 5
98.7042 6
98.4572 10
98.2132 7
97.9672 6
97.7202 7
97.4702 6
97.2232 7
96.9772 9
96.7312 6
96.4823 11
96.2331 9
95.988 12
95.7414 6
95.495 10
95.2482 14
95.0012 11
94.7569 4
94.5108 4
94.2626 6
94.0174 3
93.7725 9
93.5256 6
93.2748 3
93.0277 13
92.7792 6
92.5305 5
92.2868 8
92.0406 10
91.794 7
91.5452 6
91.2989 6
91.053 7
90.8065 9
90.5598 7
90.3125 13
90.0657 10
89.8219 7
89.5735 6
89.3249 9
89.0787 10
88.8296 6
88.5835 9
88.3364 10
88.0875 6
87.8419 10
87.5926 11
87.3474 8
87.1 5
86.8541 8
86.6084 7
86.3642 8
86.116 8
85.8691 4
85.6218 15
85.3731 9
85.1292 6
84.8839 6
84.6349 10
84.3833 5
84.1348 9
83.8882 7
83.6433 9
83.3934 12
83.148 7
82.8997 5
82.6533 12
82.4103 10
82.1654 9
81.9206 6
81.6743 9
81.4277 4
81.1803 4
80.9346 7
80.6851 4
80.4363 6
80.1915 7
79.9442 10
79.6977 8
79.4536 10
79.2062 7
78.9598 8
78.7135 5
78.4682 10
78.2216 10
77.9733 15
77.7217 10
77.4757 8
77.2308 7
76.9845 7
76.7404 8
76.4929 9
76.2414 3
75.9945 15
75.743 5
75.4937 13
75.2466 7
75.0004 8
74.7558 5
74.5116 9
74.2662 7
74.0229 7
73.7777 5
73.5328 8
73.2857 8
73.0407 9
72.794 17
72.55 10
72.307 7
72.0621 6
71.8141 8
71.569 7
71.3241 11
71.0777 7
70.8309 8
70.5818 10
70.3372 11
70.0883 6
69.8408 5
69.5919 10
69.3501 10
69.1071 6
68.8624 10
68.6169 15
68.3709 5
68.1241 5
67.8796 13
67.6347 6
67.388 7
67.1449 3
66.9033 8
66.6593 5
66.413 11
66.1629 7
65.9173 7
65.6695 7
65.4251 4
65.1802 8
64.9318 6
64.6872 8
64.4424 7
64.1924 8
63.9456 15
63.6988 5
63.4523 3
63.2025 10
62.9559 1
62.7086 9
62.4619 7
62.2187 6
61.9714 7
61.723 6
61.4751 8
61.2259 16
60.9798 6
60.7377 5
60.4925 10
60.2473 8
59.9976 9
59.7529 6
59.5049 6
59.2572 10
59.0085 5
58.7597 11
58.5127 8
58.2678 8
58.0202 5
57.767 7
57.5208 9
57.2761 5
57.0313 7
56.7843 11
56.5381 4
56.2904 10
56.0401 12
55.7918 8
55.542 11
55.2943 7
55.0466 12
54.8019 5
54.5558 4
54.3076 6
54.0621 6
53.8174 4
53.5703 8
53.323 7
53.0753 7
52.8268 5
52.5797 10
52.3347 6
52.0831 10
51.8393 6
51.5959 7
51.3486 8
51.1013 6
50.8578 9
50.6135 6
50.3681 8
50.1236 3
49.8742 5
49.6292 7
49.3834 6
49.1373 8
48.8918 3
48.6402 6
48.3906 6
48.1407 7
47.8957 13
47.6464 8
47.3952 7
47.1466 12
46.8994 9
46.65 2
46.4027 7
46.159 4
45.9114 5
45.6658 9
45.4223 1
45.1763 7
44.9315 8
44.6858 10
44.4404 4
44.1982 6
43.9517 9
43.7058 5
43.4637 6
43.2178 4
42.9677 9
42.7224 5
42.4756 9
42.2284 6
41.9844 10
41.7389 6
41.4927 5
41.2453 10
40.9964 7
40.751 11
40.5012 9
40.2543 6
40.0086 6
39.7617 9
39.5163 8
39.2689 9
39.0217 4
38.7785 7
38.533 6
38.2877 8
38.0406 7
37.7957 7
37.5505 8
37.3045 8
37.0545 9
36.8074 10
36.5573 6
36.3099 7
36.0618 12
35.8106 10
35.5604 11
35.3093 5
35.0612 6
34.812 6
34.5645 5
34.3135 8
34.0657 10
33.8172 9
33.5713 8
33.323 6
33.0744 10
32.829 8
32.5834 13
32.337 5
32.0904 11
31.8439 9
31.6019 3
31.3543 10
31.1096 5
30.8652 11
30.6206 6
30.3754 12
30.1293 12
29.8794 7
29.635 11
29.3875 10
29.1409 12
28.8938 6
28.647 5
28.4003 13
28.1526 4
27.9071 10
27.6613 9
27.4175 6
27.1697 11
26.9245 9
26.6775 12
26.4326 21
26.1862 11
25.9436 14
25.6965 17
25.4477 8
25.2035 13
24.9561 14
24.7111 19
24.4761 9
24.2496 13
24.0368 14
23.8393 16
23.6653 13
23.5166 22
23.3892 15
23.284 16
23.1922 13
23.1154 9
26.3294 14
0 16
0 16
0 18
0 19
0 11
0 15
0 15
0 24
0 19
0 25
0 25
0 25
0 14
0 23
0 23
0 25
0 23
0 24
0 26
0 28
0 34
0 44
0 35
0 41
0 59
0 63
0 76
0 89
0 76
0 151
0 175
0 188
0 270
0 310
0 418
0 509
0 590
0 734
0 872
0 1084
0 1256
0 1412
0 1631
0 1910
0 2122
0 2314
0 2712
0 2805
0 3067
0 3297
0 3606
0 3671
0 3765
0 3892
0 3829
0 3819
0 3939
0 3961
0 3916
0 3646
0 3596
0 3407
0 3165
0 3060
0 2894
0 2583
0 2381
0 2207
0 2049
0 1958
0 1644
0 1555
0 1426
0 1284
0 1229
0 1050
0 1008
0 842
0 848
0 750
0 717
0 692
0 610
0 575
0 503
0 453
0 433
0 411
0 412
0 337
0 336
0 332
0 298
0 294
0 253
0 271
0 203
0 194
0 216
0 190
0 156
0 129
0 177
0 155
0 112
0 142
0 104
0 84
0 86
0 89
0 79
0 50
0 58
0 53
0 41
0 32
0 35
0 34
0 30
0 32
0 34
0 28
0 18
0 17
0 17
0 19
0 16
0 11
0 13
0 19
0 13
0 20
0 9
0 12
0 12
0 10
0 18
0 7
0 11
0 8
0 13
0 10
0 15
0 6
0 15
0 9
0 7
0 5
0 8
0 13
0 11
0 8
0 12
0 7
0 10
0 11
0 10
0 8
0 9
0 10
0 10
0 11
0 5
0 14
0 7
0 11
0 3
0 6
0 7
0 8
0 6
0 11
0 4
0 8
0 5
0 7
0 7
0 7
0 16
0 12
0 9
0 8
0 7
0 8
0 11
0 6
0 8
0 13
0 10
0 9
0 6
0 7
0 7
0 7
0 6
0 10
0 4
0 7
0 10
0 7
0 10
0 9
0 9
0 6
0 13
0 10
0 8
0 3
0 12
0 6
0 6
0 7
0 5
0 4
0 10
0 7
0 16
0 6
0 11
0 3
0 10
0 4
0 11
0 8
0 7
0 7
0 3
0 7
0 3
0 9
0 6
0 14
0 6
0 7
0 6
0 12
0 6
0 12
0 11
0 6
0 12
0 3
0 7
0 10
0 7
0 8
0 7
0 8
0 6
0 10
0 14
0 10
0 7
0 9
0 3
0 8
0 6
0 7
0 11
0 10
0 7
0 12
0 6
0 7
0 9
0 5
0 9
0 11
0 13
0 13
0 11
0 7
0 4
0 11
0 6
0 9
0 6
0 11
0 10
0 3
0 10
0 3
0 6
0 15
0 5
0 7
0 10
0 9
0 5
0 6
0 10
0 3
0 5
0 8
0 5
0 5
0 5
0 11
0 7
0 9
0 9
0 7
0 8
0 12
0 11
0 8
0 12
0 2
0 5
0 12
0 9
0 4
0 5
0 8
0 11
0 4
0 8
0 9
0 8
0 10
0 4
0 14
0 11
0 5
0 4
0 7
0 3
0 8
0 10
0 7
0 12
0 5
0 4
0 13
0 9
0 4
0 7
0 6
0 0
0 0
0 0
0 0
0 0
0 0
0 0
0 0
0 0
0 0
0 0
0 0
0 0
0 0
0 0
0 0
0 0
0 0
0 0
0 0
0 0
0 0
0 0
0 0
0 0
0 0
0 0
0 0
0 0
0 0
0 0
0 0
0 0
0 0
0 0
0 0
0 0
0 0
0 0
0 0
0 0
0 0
0 0
0 0
0 0
0 0
0 0
0 0
0 0
0 0
0 0
0 0
0 0
0 0
0 0
0 0
0 0
0 0
0 0
0 0
0 0
0 0
0 0
0 0
0 0
0 0
0 0
0 0
0 0
0 0
0 0
0 0
0 0
0 0
0 0
0 0
0 0
0 0
0 0
0 0
0 0
0 0
0 0
0 0
0 0
0 0
0 0
0 0
0 0
0 0
0 0
0 0
0 0
0 0
0 0
0 0
0 0
0 0
0 0
0 0
0 0
0 0
0 0
0 0
0 0
0 0
0 0
0 0
0 0
0 0
0 0
0 0
0 0
0 0
0 0
0 0
0 0
0 0
0 0
0 0
0 0
0 0
0 0
0 0
0 0
0 0
0 0
0 0
0 0
0 0
0 0
0 0
0 0
0 0
0 0
0 0
0 0
0 0
0 0
0 0
0 0
0 0
0 0
0 0
0 0
0 0
0 0
0 0
0 0
0 0
0 0
0 0
0 0
0 0
0 0
0 0
0 0
0 0
0 0
0 0
0 0
0 0
0 0
0 0
0 0
0 0
0 0
0 0
0 0
0 0
0 0
0 0
0 0
0 0
0 0
0 0
0 0
0 0
0 0
0 0
0 0
0 0
0 0
0 0
0 0
0 0
0 0
0 0
0 0
0 0
0 0
0 0
0 0
0 0
0 0
0 0
0 0
0 0
0 0
0 0
0 0
0 0
0 0
0 0
0 0
0 0
0 0
0 0
0 0
0 0
0 0
0 0
0 0
0 0
0 0
0 0
0 0
0 0
0 0
0 0
0 0
0 0
0 0
0 0
0 0
0 0
0 0
0 0
0 0
0 0
0 0
0 0
0 0
0 0
0 0
0 0
0 0
0 0
0 0
0 0
0 0
0 0
0 0
0 0
0 0
0 0
0 0
0 0
0 0
0 0
0 0
0 0
0 0
0 0
0 0
