0  0
1  0
2  0
3  0
4  0
5  0
6  0
7  0
8  0
9  0
10  0
11  0
12  0
13  0
14  0
15  0
16  0
17  0
18  0
19  0
20  0
21  0
22  0
23  0
24  0
25  0
26  0
27  0
28  0
29  0
30  0
31  0
32  0
33  0
34  0
35  0
36  0
37  0
38  0
39  0
40  0
41  0
42  0
43  0
44  0
45  0
46  0
47  0
48  0
49  0
50  0
51  0
52  0
53  0
54  0
55  0
56  0
57  0
58  0
59  0
60  0
61  0
62  0
63  0
64  0
65  0
66  0
67  0
68  0
69  0
70  0
71  0
72  0
73  0
74  0
75  0
76  0
77  0
78  0
79  0
80  0
81  0
82  0
83  0
84  0
85  0
86  0
87  0
88  0
89  0
90  0
91  0
92  0
93  0
94  0
95  0
96  0
97  0
98  0
99  0
100  0
101  0
102  0
103  0
104  0
105  0
106  0
107  0
108  0
109  0
110  0
111  0
112  0
113  0
114  0
115  0
116  0
117  0
118  0
119  0
120  0
121  0
122  0
123  0
124  0
125  0
126  0
127  0
128  0
129  0
130  0
131  0
132  0
133  0
134  0
135  0
136  0
137  0
138  0
139  0
140  0
141  0
142  0
143  0
144  0
145  0
146  0
147  0
148  0
149  0
150  0
151  0
152  0
153  0
154  0
155  0
156  0
157  0
158  0
159  0
160  0
161  0
162  0
163  0
164  0
165  0
166  0
167  0
168  0
169  0
170  0
171  0
172  0
173  0
174  0
175  0
176  0
177  0
178  0
179  0
180  0
181  0
182  0
183  0
184  0
185  0
186  0
187  0
188  0
189  0
190  0
191  0
192  0
193  0
194  0
195  0
196  0
197  0
198  0
199  0
200  0
201  0
202  0
203  0
204  0
205  0
206  0
207  0
208  0
209  0
210  0
211  0
212  0
213  0
214  0
215  0
216  0
217  0
218  0
219  0
220  0
221  0
222  0
223  0
224  0
225  0
226  0
227  0
228  0
229  0
230  0
231  0
232  0
233  0
234  0
235  0
236  0
237  0
238  0
239  0
240  0
241  0
242  0
243  0
244  0
245  0
246  0
247  0
248  0
249  0
250  0
251  0
252  0
253  0
254  0
255  0
256  0
257  0
258  0
259  0
260  0
261  0
262  0
263  0
264  0
265  0
266  0
267  0
268  0
269  0
270  0
271  0
272  0
273  0
274  0
275  0
276  0
277  0
278  0
279  0
280  0
281  0
282  0
283  0
284  0
285  0
286  0
287  0
288  0
289  0
290  0
291  0
292  0
293  0
294  0
295  0
296  0
297  0
298  0
299  0
300  0
301  0
302  0
303  0
304  0
305  0
306  0
307  0
308  0
309  0
310  0
311  0
312  0
313  0
314  0
315  0
316  0
317  0
318  0
319  0
320  0
321  0
322  0
323  0
324  0
325  0
326  0
327  0
328  0
329  0
330  0
331  0
332  0
333  0
334  0
335  0
336  0
337  0
338  0
339  0
340  0
341  0
342  0
343  0
344  0
345  0
346  0
347  0
348  0
349  0
350  0
351  0
352  0
353  0
354  0
355  0
356  0
357  0
358  0
359  0
360  0
361  0
362  0
363  0
364  0
365  0
366  0
367  0
368  0
369  0
370  0
371  0
372  0
373  0
374  0
375  0
376  0
377  0
378  0
379  0
380  0
381  0
382  0
383  0
384  0
385  0
386  0
387  0
388  0
389  0
390  0
391  0
392  0
393  0
394  0
395  0
396  0
397  0
398  0
399  0
400  0
401  0
402  0
403  0
404  0
405  0
406  0
407  0
408  0
409  0
410  0
411  0
412  0
413  0
414  0
415  0
416  0
417  0
418  0
419  0
420  0
421  0
422  0
423  0
424  0
425  0
426  0
427  0
428  0
429  0
430  0
431  0
432  0
433  0
434  0
435  0
436  0
437  0
438  0
439  0
440  0
441  0
442  0
443  0
444  0
445  0
446  0
447  0
448  0
449  0
450  0
451  0
452  0
453  0
454  0
455  0
456  0
457  0
458  0
459  0
460  0
461  0
462  0
463  0
464  0
465  0
466  0
467  0
468  0
469  0
470  0
471  0
472  0
473  0
474  0
475  0
476  0
477  0
478  0
479  0
480  0
481  0
482  0
483  0
484  0
485  0
486  0
487  0
488  0
489  0
490  0
491  0
492  0
493  0
494  0
495  0
496  0
497  0
498  0
499  0
500  0
501  0
502  0
503  0
504  0
505  0
506  0
507  0
508  0
509  0
510  0
511  0
512  0
513  0
514  0
515  0
516  0
517  0
518  0
519  0
520  0
521  0
522  0
523  0
524  0
525  0
526  0
527  0
528  0
529  0
530  0
531  0
532  0
533  0
534  0
535  0
536  0
537  0
538  0
539  0
540  0
541  0
542  0
543  0
544  0
545  0
546  0
547  0
548  0
549  0
550  0
551  0
552  0
553  0
554  0
555  0
556  0
557  0
558  0
559  0
560  0
561  0
562  0
563  0
564  0
565  0
566  0
567  0
568  0
569  0
570  0
571  0
572  0
573  0
574  0
575  0
576  0
577  0
578  0
579  0
580  0
581  0
582  0
583  0
584  0
585  0
586  0
587  0
588  0
589  0
590  0
591  0
592  0
593  0
594  0
595  0
596  0
597  0
598  0
599  0
600  0
601  0
602  0
603  0
604  0
605  0
606  0
607  0
608  0
609  0
610  0
611  0
612  0
613  0
614  0
615  0
616  0
617  0
618  0
619  0
620  0
621  0
622  0
623  0
624  0
625  0
626  0
627  0
628  0
629  0
630  0
631  0
632  0
633  0
634  0
635  0
636  0
637  0
638  0
639  0
640  0
641  0
642  0
643  0
644  0
645  0
646  0
647  0
648  0
649  0
650  0
651  0
652  0
653  0
654  0
655  0
656  0
657  0
658  0
659  0
660  0
661  0
662  0
663  0
664  0
665  0
666  0
667  0
668  0
669  0
670  0
671  0
672  0
673  0
674  0
675  0
676  0
677  0
678  0
679  0
680  0
681  0
682  0
683  0
684  0
685  0
686  0
687  0
688  0
689  0
690  0
691  0
692  0
693  0
694  0
695  0
696  0
697  0
698  0
699  0
700  0
701  0
702  0
703  0
704  0
705  0
706  0
707  0
708  0
709  0
710  0
711  0
712  0
713  0
714  0
715  0
716  0
717  0
718  0
719  0
720  0
721  0
722  0
723  0
724  0
725  0
726  0
727  0
728  0
729  0
730  0
731  0
732  0
733  0
734  0
735  0
736  0
737  0
738  0
739  0
740  0
741  0
742  0
743  0
744  0
745  0
746  0
747  0
748  0
749  0
750  0
751  0
752  0
753  0
754  0
755  0
756  0
757  0
758  0
759  0
760  0
761  0
762  0
763  0
764  0
765  0
766  0
767  0
768  0
769  0
770  0
771  0
772  0
773  0
774  0
775  0
776  0
777  0
778  0
779  0
780  0
781  0
782  0
783  0
784  0
785  0
786  0
787  0
788  0
789  0
790  0
791  0
792  0
793  0
794  0
795  0
796  0
797  0
798  0
799  0
800  0
801  0
802  0
803  0
804  0
805  0
806  0
807  0
808  0
809  0
810  0
811  0
812  0
813  0
814  0
815  0
816  0
817  0
818  0
819  0
820  0
821  0
822  0
823  0
824  0
825  0
826  0
827  0
828  0
829  0
830  0
831  0
832  0
833  0
834  0
835  0
836  0
837  0
838  0
839  0
840  0
841  0
842  0
843  0
844  0
845  0
846  0
847  0
848  0
849  0
850  0
851  0
852  0
853  0
854  0
855  0
856  0
857  0
858  0
859  0
860  0
861  0
862  0
863  0
864  0
865  0
866  0
867  0
868  0
869  0
870  0
871  0
872  0
873  0
874  0
875  0
876  0
877  0
878  0
879  0
880  0
881  0
882  0
883  0
884  0
885  0
886  0
887  0
888  0
889  0
890  0
891  0
892  0
893  0
894  0
895  0
896  0
897  0
898  0
899  0
900  0
901  0
902  0
903  0
904  0
905  0
906  0
907  0
908  0
909  0
910  0
911  0
912  0
913  0
914  0
915  0
916  0
917  0
918  0
919  0
920  0
921  0
922  0
923  0
924  0
925  0
926  0
927  0
928  0
929  0
930  0
931  0
932  0
933  0
934  0
935  0
936  0
937  0
938  0
939  0
940  0
941  0
942  0
943  0
944  0
945  0
946  0
947  0
948  0
949  0
950  0
951  0
952  0
953  0
954  0
955  0
956  0
957  0
958  0
959  0
960  0
961  0
962  0
963  0
964  0
965  0
966  0
967  0
968  0
969  0
970  0
971  0
972  0
973  0
974  0
975  0
976  0
977  0
978  0
979  0
980  0
981  0
982  0
983  0
984  0
985  0
986  0
987  0
988  0
989  0
990  0
991  0
992  0
993  0
994  0
995  0
996  0
997  0
998  0
999  0
1000  0
1001  0
1002  0
1003  0
1004  0
1005  0
1006  0
1007  0
1008  0
1009  0
1010  0
1011  0
1012  0
1013  0
1014  0
1015  0
1016  0
1017  0
1018  0
1019  0
1020  0
1021  0
1022  0
1023  0
1024  0
1025  0
1026  0
1027  0
1028  0
1029  0
1030  0
1031  0
1032  0
1033  0
1034  0
1035  0
1036  0
1037  0
1038  0
1039  0
1040  0
1041  0
1042  0
1043  0
1044  0
1045  0
1046  0
1047  0
1048  0
1049  0
1050  0
1051  0
1052  0
1053  0
1054  0
1055  0
1056  0
1057  0
1058  0
1059  0
1060  0
1061  0
1062  0
1063  0
1064  0
1065  0
1066  0
1067  0
1068  0
1069  0
1070  0
1071  0
1072  0
1073  0
1074  0
1075  0
1076  0
1077  0
1078  0
1079  0
1080  0
1081  0
1082  0
1083  0
1084  0
1085  0
1086  0
1087  0
1088  0
1089  0
1090  0
1091  0
1092  0
1093  0
1094  0
1095  0
1096  0
1097  0
1098  0
1099  0
1100  0
1101  0
1102  0
1103  0
1104  0
1105  0
1106  0
1107  0
1108  0
1109  0
1110  0
1111  0
1112  0
1113  0
1114  0
1115  0
1116  0
1117  0
1118  0
1119  0
1120  0
1121  0
1122  0
1123  0
1124  0
1125  0
1126  0
1127  0
1128  0
1129  0
1130  0
1131  0
1132  0
1133  0
1134  0
1135  0
1136  0
1137  0
1138  0
1139  0
1140  0
1141  0
1142  0
1143  0
1144  0
1145  0
1146  0
1147  0
1148  0
1149  0
1150  0
1151  0
1152  0
1153  0
1154  0
1155  0
1156  0
1157  0
1158  0
1159  0
1160  0
1161  0
1162  0
1163  0
1164  0
1165  0
1166  0
1167  0
1168  0
1169  0
1170  0
1171  0
1172  0
1173  0
1174  0
1175  0
1176  0
1177  0
1178  0
1179  0
1180  0
1181  0
1182  0
1183  0
1184  0
1185  0
1186  0
1187  0
1188  0
1189  0
1190  0
1191  0
1192  0
1193  0
1194  0
1195  0
1196  0
1197  0
1198  0
1199  0
1200  0
1201  0
1202  0
1203  0
1204  0
1205  0
1206  0
1207  0
1208  0
1209  0
1210  0
1211  0
1212  0
1213  0
1214  0
1215  0
1216  0
1217  0
1218  0
1219  0
1220  0
1221  0
1222  0
1223  0
1224  0
1225  0
1226  0
1227  0
1228  0
1229  0
1230  0
1231  0
1232  0
1233  0
1234  0
1235  0
1236  0
1237  0
1238  0
1239  0
1240  0
1241  0
1242  0
1243  0
1244  0
1245  0
1246  0
1247  0
1248  0
1249  0
1250  0
1251  0
1252  0
1253  0
1254  0
1255  0
1256  0
1257  0
1258  0
1259  0
1260  0
1261  0
1262  0
1263  0
1264  0
1265  0
1266  0
1267  0
1268  0
1269  0
1270  0
1271  0
1272  0
1273  0
1274  0
1275  0
1276  0
1277  0
1278  0
1279  0
1280  0
1281  0
1282  0
1283  0
1284  0
1285  0
1286  0
1287  0
1288  0
1289  0
1290  0
1291  0
1292  0
1293  0
1294  0
1295  0
1296  0
1297  0
1298  0
1299  0
1300  0
1301  0
1302  0
1303  0
1304  0
1305  0
1306  0
1307  0
1308  0
1309  0
1310  0
1311  0
1312  0
1313  0
1314  0
1315  0
1316  0
1317  0
1318  0
1319  0
1320  0
1321  0
1322  0
1323  0
1324  0
1325  0
1326  0
1327  0
1328  0
1329  0
1330  0
1331  0
1332  0
1333  0
1334  0
1335  0
1336  0
1337  0
1338  0
1339  0
1340  0
1341  0
1342  0
1343  0
1344  0
1345  0
1346  0
1347  0
1348  0
1349  0
1350  0
1351  0
1352  0
1353  0
1354  0
1355  0
1356  0
1357  0
1358  0
1359  0
1360  0
1361  0
1362  0
1363  0
1364  0
1365  0
1366  0
1367  0
1368  0
1369  0
1370  0
1371  0
1372  0
1373  0
1374  0
1375  0
1376  0
1377  0
1378  0
1379  0
1380  0
1381  0
1382  0
1383  0
1384  0
1385  0
1386  0
1387  0
1388  0
1389  0
1390  0
1391  0
1392  0
1393  0
1394  0
1395  0
1396  0
1397  0
1398  0
1399  0
1400  0
1401  0
1402  0
1403  0
1404  0
1405  0
1406  0
1407  0
1408  0
1409  0
1410  0
1411  0
1412  0
1413  0
1414  0
1415  0
1416  0
1417  0
1418  0
1419  0
1420  0
1421  0
1422  0
1423  0
1424  0
1425  0
1426  0
1427  0
1428  0
1429  0
1430  0
1431  0
1432  0
1433  0
1434  0
1435  0
1436  0
1437  0
1438  0
1439  0
1440  0
1441  0
1442  0
1443  0
1444  0
1445  0
1446  0
1447  0
1448  0
1449  0
1450  0
1451  0
1452  0
1453  0
1454  0
1455  0
1456  0
1457  0
1458  0
1459  0
1460  0
1461  0
1462  0
1463  0
1464  0
1465  0
1466  0
1467  0
1468  0
1469  0
1470  0
1471  0
1472  0
1473  0
1474  0
1475  0
1476  0
1477  0
1478  0
1479  0
1480  0
1481  0
1482  0
1483  0
1484  0
1485  0
1486  0
1487  0
1488  0
1489  0
1490  0
1491  0
1492  0
1493  0
1494  0
1495  0
1496  0
1497  0
1498  0
1499  0
1500  0
1501  0
1502  0
1503  0
1504  0
1505  0
1506  0
1507  0
1508  0
1509  0
1510  0
1511  0
1512  0
1513  0
1514  0
1515  0
1516  0
1517  0
1518  0
1519  0
1520  0
1521  0
1522  0
1523  0
1524  0
1525  0
1526  0
1527  0
1528  0
1529  0
1530  0
1531  0
1532  0
1533  0
1534  0
1535  0
1536  0
1537  0
1538  0
1539  0
1540  0
1541  0
1542  0
1543  0
1544  0
1545  0
1546  0
1547  0
1548  0
1549  0
1550  0
1551  0
1552  0
1553  0
1554  0
1555  0
1556  0
1557  0
1558  0
1559  0
1560  0
1561  0
1562  0
1563  0
1564  0
1565  0
1566  0
1567  0
1568  0
1569  0
1570  0
1571  0
1572  0
1573  0
1574  0
1575  0
1576  0
1577  0
1578  0
1579  0
1580  0
1581  0
1582  0
1583  0
1584  0
1585  0
1586  0
1587  0
1588  0
1589  0
1590  0
1591  0
1592  0
1593  0
1594  0
1595  0
1596  0
1597  0
1598  0
1599  0
1600  0
1601  0
1602  0
1603  0
1604  0
1605  0
1606  0
1607  0
1608  0
1609  0
1610  0
1611  0
1612  0
1613  0
1614  0
1615  0
1616  0
1617  0
1618  0
1619  0
1620  0
1621  0
1622  0
1623  0
1624  0
1625  0
1626  0
1627  0
1628  0
1629  0
1630  0
1631  0
1632  0
1633  0
1634  0
1635  0
1636  0
1637  0
1638  0
1639  0
1640  0
1641  0
1642  0
1643  0
1644  0
1645  0
1646  0
1647  0
1648  0
1649  0
1650  0
1651  0
1652  0
1653  0
1654  0
1655  0
1656  0
1657  0
1658  0
1659  0
1660  0
1661  0
1662  0
1663  0
1664  0
1665  0
1666  5
1667  119
1668  417
1669  608
1670  680
1671  660
1672  626
1673  645
1674  606
1675  596
1676  563
1677  513
1678  550
1679  472
1680  475
1681  460
1682  471
1683  413
1684  369
1685  343
1686  339
1687  351
1688  345
1689  301
1690  320
1691  311
1692  275
1693  304
1694  303
1695  247
1696  227
1697  255
1698  268
1699  223
1700  195
1701  208
1702  206
1703  187
1704  170
1705  175
1706  141
1707  175
1708  172
1709  160
1710  150
1711  159
1712  141
1713  122
1714  120
1715  138
1716  111
1717  127
1718  127
1719  111
1720  109
1721  85
1722  106
1723  97
1724  95
1725  92
1726  97
1727  81
1728  75
1729  84
1730  84
1731  68
1732  77
1733  73
1734  69
1735  60
1736  65
1737  60
1738  54
1739  65
1740  54
1741  78
1742  55
1743  45
1744  57
1745  66
1746  36
1747  53
1748  64
1749  56
1750  40
1751  26
1752  57
1753  47
1754  60
1755  39
1756  51
1757  53
1758  36
1759  58
1760  48
1761  52
1762  50
1763  50
1764  47
1765  47
1766  50
1767  44
1768  57
1769  47
1770  39
1771  59
1772  59
1773  61
1774  62
1775  57
1776  38
1777  61
1778  52
1779  56
1780  64
1781  71
1782  71
1783  80
1784  77
1785  66
1786  81
1787  58
1788  73
1789  89
1790  82
1791  85
1792  98
1793  88
1794  84
1795  94
1796  111
1797  88
1798  115
1799  107
1800  117
1801  147
1802  122
1803  118
1804  145
1805  161
1806  132
1807  145
1808  134
1809  165
1810  155
1811  165
1812  161
1813  176
1814  189
1815  199
1816  213
1817  200
1818  226
1819  225
1820  228
1821  233
1822  249
1823  248
1824  253
1825  249
1826  281
1827  264
1828  303
1829  313
1830  315
1831  308
1832  316
1833  357
1834  371
1835  347
1836  399
1837  388
1838  426
1839  419
1840  461
1841  427
1842  465
1843  479
1844  486
1845  517
1846  502
1847  534
1848  521
1849  552
1850  595
1851  582
1852  633
1853  660
1854  636
1855  678
1856  646
1857  716
1858  686
1859  709
1860  783
1861  784
1862  796
1863  766
1864  827
1865  766
1866  844
1867  812
1868  832
1869  878
1870  907
1871  913
1872  987
1873  995
1874  932
1875  1017
1876  1029
1877  1060
1878  1022
1879  1091
1880  1141
1881  1087
1882  1227
1883  1145
1884  1158
1885  1232
1886  1237
1887  1229
1888  1223
1889  1274
1890  1285
1891  1308
1892  1314
1893  1285
1894  1422
1895  1356
1896  1459
1897  1426
1898  1406
1899  1423
1900  1378
1901  1484
1902  1470
1903  1449
1904  1509
1905  1550
1906  1551
1907  1570
1908  1526
1909  1532
1910  1529
1911  1601
1912  1692
1913  1624
1914  1649
1915  1641
1916  1663
1917  1629
1918  1649
1919  1673
1920  1640
1921  1658
1922  1688
1923  1685
1924  1704
1925  1734
1926  1733
1927  1716
1928  1744
1929  1652
1930  1690
1931  1765
1932  1768
1933  1686
1934  1723
1935  1746
1936  1798
1937  1795
1938  1800
1939  1755
1940  1771
1941  1777
1942  1723
1943  1825
1944  1794
1945  1724
1946  1714
1947  1755
1948  1686
1949  1705
1950  1731
1951  1824
1952  1776
1953  1761
1954  1722
1955  1774
1956  1735
1957  1693
1958  1728
1959  1721
1960  1643
1961  1715
1962  1642
1963  1677
1964  1760
1965  1627
1966  1688
1967  1738
1968  1646
1969  1703
1970  1609
1971  1679
1972  1576
1973  1596
1974  1552
1975  1523
1976  1648
1977  1560
1978  1555
1979  1593
1980  1536
1981  1555
1982  1469
1983  1568
1984  1532
1985  1590
1986  1534
1987  1470
1988  1497
1989  1492
1990  1492
1991  1472
1992  1462
1993  1449
1994  1398
1995  1327
1996  1420
1997  1425
1998  1392
1999  1368
2000  1316
2001  1274
2002  1365
2003  1373
2004  1267
2005  1284
2006  1184
2007  1346
2008  1298
2009  1234
2010  1316
2011  1140
2012  1266
2013  1227
2014  1227
2015  1198
2016  1277
2017  1185
2018  1094
2019  1105
2020  1182
2021  1118
2022  1131
2023  1075
2024  1095
2025  1090
2026  1096
2027  1052
2028  987
2029  986
2030  995
2031  1046
2032  1029
2033  998
2034  968
2035  990
2036  930
2037  904
2038  945
2039  952
2040  929
2041  906
2042  968
2043  907
2044  876
2045  850
2046  889
2047  869
2048  859
2049  882
2050  850
2051  864
2052  824
2053  802
2054  810
2055  795
2056  794
2057  814
2058  742
2059  749
2060  722
2061  766
2062  739
2063  752
2064  750
2065  730
2066  680
2067  678
2068  690
2069  742
2070  675
2071  699
2072  658
2073  628
2074  667
2075  640
2076  615
2077  612
2078  628
2079  594
2080  589
2081  618
2082  568
2083  569
2084  535
2085  567
2086  508
2087  573
2088  575
2089  577
2090  541
2091  544
2092  518
2093  510
2094  460
2095  504
2096  517
2097  512
2098  458
2099  474
2100  489
2101  499
2102  467
2103  454
2104  449
2105  487
2106  428
2107  408
2108  423
2109  394
2110  429
2111  410
2112  388
2113  449
2114  363
2115  440
2116  378
2117  361
2118  336
2119  384
2120  362
2121  379
2122  347
2123  379
2124  356
2125  357
2126  355
2127  331
2128  341
2129  305
2130  355
2131  330
2132  303
2133  306
2134  304
2135  317
2136  321
2137  297
2138  301
2139  280
2140  317
2141  276
2142  288
2143  284
2144  281
2145  278
2146  245
2147  266
2148  261
2149  268
2150  255
2151  226
2152  237
2153  243
2154  250
2155  228
2156  248
2157  257
2158  238
2159  223
2160  236
2161  225
2162  254
2163  203
2164  223
2165  209
2166  186
2167  220
2168  191
2169  199
2170  203
2171  190
2172  199
2173  179
2174  205
2175  166
2176  202
2177  183
2178  180
2179  162
2180  167
2181  171
2182  183
2183  182
2184  176
2185  189
2186  167
2187  164
2188  175
2189  166
2190  174
2191  157
2192  151
2193  157
2194  168
2195  166
2196  153
2197  120
2198  151
2199  146
2200  140
2201  161
2202  142
2203  133
2204  159
2205  147
2206  128
2207  122
2208  141
2209  134
2210  130
2211  110
2212  116
2213  112
2214  91
2215  124
2216  83
2217  119
2218  117
2219  113
2220  114
2221  122
2222  93
2223  112
2224  101
2225  85
2226  89
2227  107
2228  98
2229  84
2230  92
2231  87
2232  107
2233  100
2234  93
2235  94
2236  88
2237  98
2238  88
2239  97
2240  96
2241  71
2242  84
2243  93
2244  81
2245  97
2246  86
2247  83
2248  92
2249  73
2250  79
2251  87
2252  70
2253  69
2254  67
2255  71
2256  65
2257  78
2258  76
2259  62
2260  77
2261  69
2262  66
2263  54
2264  62
2265  57
2266  64
2267  64
2268  65
2269  64
2270  78
2271  59
2272  67
2273  68
2274  57
2275  63
2276  71
2277  42
2278  51
2279  45
2280  69
2281  48
2282  50
2283  48
2284  52
2285  47
2286  74
2287  44
2288  43
2289  57
2290  53
2291  54
2292  42
2293  50
2294  48
2295  43
2296  45
2297  53
2298  52
2299  44
2300  43
2301  40
2302  48
2303  40
2304  46
2305  56
2306  50
2307  40
2308  37
2309  37
2310  41
2311  50
2312  51
2313  35
2314  34
2315  35
2316  30
2317  43
2318  31
2319  40
2320  20
2321  29
2322  29
2323  47
2324  36
2325  31
2326  27
2327  38
2328  33
2329  23
2330  20
2331  37
2332  33
2333  30
2334  24
2335  31
2336  23
2337  35
2338  30
2339  30
2340  31
2341  33
2342  33
2343  26
2344  22
2345  17
2346  31
2347  27
2348  38
2349  21
2350  19
2351  25
2352  34
2353  39
2354  21
2355  26
2356  36
2357  27
2358  24
2359  17
2360  26
2361  22
2362  20
2363  20
2364  23
2365  19
2366  16
2367  17
2368  24
2369  20
2370  21
2371  16
2372  14
2373  19
2374  24
2375  34
2376  20
2377  23
2378  25
2379  14
2380  16
2381  19
2382  23
2383  20
2384  19
2385  27
2386  27
2387  19
2388  13
2389  15
2390  19
2391  22
2392  12
2393  19
2394  14
2395  15
2396  7
2397  14
2398  14
2399  15
2400  15
2401  14
2402  15
2403  9
2404  13
2405  10
2406  17
2407  14
2408  18
2409  16
2410  13
2411  16
2412  13
2413  12
2414  11
2415  20
2416  16
2417  23
2418  16
2419  11
2420  7
2421  14
2422  15
2423  11
2424  12
2425  14
2426  15
2427  9
2428  12
2429  8
2430  15
2431  17
2432  9
2433  10
2434  13
2435  13
2436  5
2437  17
2438  14
2439  10
2440  9
2441  9
2442  9
2443  8
2444  7
2445  10
2446  12
2447  12
2448  8
2449  13
2450  10
2451  10
2452  9
2453  9
2454  5
2455  10
2456  15
2457  15
2458  12
2459  8
2460  12
2461  9
2462  8
2463  11
2464  10
2465  9
2466  8
2467  10
2468  16
2469  8
2470  6
2471  13
2472  5
2473  9
2474  4
2475  6
2476  7
2477  12
2478  6
2479  8
2480  6
2481  11
2482  6
2483  7
2484  2
2485  4
2486  11
2487  9
2488  13
2489  10
2490  5
2491  5
2492  7
2493  14
2494  9
2495  5
2496  6
2497  11
2498  4
2499  2
2500  8
2501  7
2502  8
2503  3
2504  2
2505  8
2506  10
2507  3
2508  5
2509  6
2510  5
2511  6
2512  4
2513  6
2514  5
2515  8
2516  3
2517  8
2518  3
2519  5
2520  4
2521  6
2522  6
2523  4
2524  3
2525  9
2526  8
2527  1
2528  8
2529  6
2530  5
2531  4
2532  8
2533  2
2534  10
2535  3
2536  7
2537  5
2538  8
2539  4
2540  3
2541  3
2542  8
2543  5
2544  7
2545  2
2546  9
2547  3
2548  7
2549  4
2550  4
2551  2
2552  5
2553  7
2554  7
2555  7
2556  4
2557  6
2558  5
2559  7
2560  4
2561  6
2562  5
2563  1
2564  4
2565  5
2566  3
2567  2
2568  5
2569  3
2570  3
2571  4
2572  3
2573  2
2574  0
2575  4
2576  2
2577  2
2578  5
2579  5
2580  7
2581  5
2582  2
2583  4
2584  1
2585  6
2586  7
2587  6
2588  6
2589  3
2590  5
2591  5
2592  3
2593  3
2594  3
2595  3
2596  6
2597  3
2598  4
2599  2
2600  2
2601  5
2602  2
2603  4
2604  3
2605  2
2606  1
2607  3
2608  4
2609  3
2610  3
2611  2
2612  2
2613  5
2614  4
2615  1
2616  1
2617  3
2618  4
2619  4
2620  6
2621  2
2622  1
2623  6
2624  3
2625  4
2626  2
2627  1
2628  5
2629  4
2630  6
2631  4
2632  0
2633  2
2634  3
2635  4
2636  0
2637  2
2638  3
2639  4
2640  2
2641  3
2642  3
2643  1
2644  2
2645  1
2646  2
2647  0
2648  2
2649  2
2650  0
2651  2
2652  2
2653  2
2654  1
2655  5
2656  4
2657  6
2658  0
2659  3
2660  1
2661  1
2662  6
2663  4
2664  1
2665  3
2666  1
2667  4
2668  2
2669  1
2670  2
2671  1
2672  1
2673  2
2674  4
2675  2
2676  2
2677  5
2678  2
2679  0
2680  1
2681  1
2682  3
2683  3
2684  3
2685  2
2686  4
2687  3
2688  2
2689  2
2690  3
2691  4
2692  1
2693  1
2694  2
2695  4
2696  2
2697  0
2698  4
2699  2
2700  2
2701  0
2702  0
2703  1
2704  1
2705  2
2706  4
2707  5
2708  2
2709  0
2710  2
2711  0
2712  1
2713  1
2714  3
2715  1
2716  1
2717  4
2718  1
2719  1
2720  1
2721  1
2722  2
2723  1
2724  0
2725  2
2726  4
2727  2
2728  1
2729  0
2730  0
2731  1
2732  3
2733  1
2734  3
2735  2
2736  2
2737  0
2738  0
2739  0
2740  1
2741  2
2742  3
2743  2
2744  0
2745  1
2746  0
2747  1
2748  1
2749  3
2750  2
2751  2
2752  1
2753  2
2754  2
2755  2
2756  0
2757  4
2758  0
2759  2
2760  2
2761  1
2762  1
2763  1
2764  0
2765  0
2766  0
2767  3
2768  1
2769  2
2770  1
2771  1
2772  0
2773  1
2774  2
2775  1
2776  0
2777  0
2778  2
2779  0
2780  2
2781  0
2782  2
2783  0
2784  1
2785  0
2786  1
2787  1
2788  1
2789  0
2790  0
2791  2
2792  0
2793  0
2794  0
2795  2
2796  1
2797  2
2798  1
2799  0
2800  2
2801  0
2802  0
2803  0
2804  1
2805  1
2806  2
2807  1
2808  0
2809  2
2810  3
2811  0
2812  0
2813  3
2814  2
2815  4
2816  0
2817  0
2818  1
2819  0
2820  2
2821  2
2822  0
2823  1
2824  0
2825  1
2826  0
2827  0
2828  0
2829  2
2830  0
2831  0
2832  1
2833  0
2834  2
2835  2
2836  1
2837  1
2838  2
2839  0
2840  1
2841  1
2842  0
2843  2
2844  1
2845  1
2846  1
2847  3
2848  1
2849  0
2850  1
2851  0
2852  0
2853  0
2854  0
2855  2
2856  1
2857  1
2858  0
2859  2
2860  1
2861  2
2862  1
2863  1
2864  1
2865  0
2866  1
2867  1
2868  1
2869  0
2870  0
2871  0
2872  1
2873  1
2874  3
2875  0
2876  1
2877  0
2878  0
2879  1
2880  0
2881  0
2882  0
2883  1
2884  1
2885  2
2886  0
2887  1
2888  0
2889  0
2890  0
2891  1
2892  1
2893  1
2894  0
2895  2
2896  2
2897  0
2898  1
2899  0
2900  0
2901  0
2902  0
2903  2
2904  1
2905  0
2906  2
2907  1
2908  3
2909  2
2910  0
2911  0
2912  0
2913  1
2914  0
2915  1
2916  0
2917  0
2918  0
2919  0
2920  0
2921  0
2922  2
2923  0
2924  1
2925  2
2926  0
2927  1
2928  0
2929  0
2930  1
2931  0
2932  1
2933  0
2934  0
2935  1
2936  0
2937  0
2938  0
2939  0
2940  0
2941  0
2942  1
2943  0
2944  1
2945  2
2946  1
2947  0
2948  0
2949  1
2950  1
2951  0
2952  1
2953  1
2954  0
2955  0
2956  2
2957  0
2958  0
2959  0
2960  1
2961  0
2962  3
2963  1
2964  0
2965  0
2966  0
2967  0
2968  0
2969  0
2970  0
2971  0
2972  0
2973  0
2974  0
2975  0
2976  0
2977  0
2978  0
2979  2
2980  0
2981  0
2982  1
2983  0
2984  0
2985  1
2986  1
2987  0
2988  2
2989  0
2990  1
2991  2
2992  0
2993  0
2994  0
2995  0
2996  1
2997  1
2998  1
2999  0
3000  0
3001  0
3002  0
3003  1
3004  0
3005  1
3006  0
3007  2
3008  0
3009  0
3010  0
3011  2
3012  0
3013  1
3014  0
3015  0
3016  0
3017  0
3018  0
3019  1
3020  1
3021  2
3022  3
3023  1
3024  1
3025  2
3026  0
3027  1
3028  1
3029  0
3030  0
3031  0
3032  1
3033  1
3034  0
3035  0
3036  0
3037  2
3038  1
3039  1
3040  0
3041  1
3042  0
3043  1
3044  1
3045  0
3046  0
3047  0
3048  0
3049  2
3050  0
3051  1
3052  0
3053  1
3054  1
3055  0
3056  1
3057  1
3058  1
3059  0
3060  0
3061  0
3062  1
3063  0
3064  0
3065  0
3066  0
3067  0
3068  0
3069  1
3070  0
3071  0
3072  1
3073  1
3074  0
3075  1
3076  0
3077  0
3078  0
3079  0
3080  2
3081  1
3082  0
3083  0
3084  0
3085  0
3086  0
3087  0
3088  0
3089  2
3090  1
3091  1
3092  0
3093  1
3094  1
3095  0
3096  0
3097  1
3098  0
3099  0
3100  1
3101  0
3102  0
3103  0
3104  0
3105  0
3106  0
3107  0
3108  0
3109  0
3110  0
3111  0
3112  2
3113  0
3114  0
3115  0
3116  1
3117  0
3118  0
3119  0
3120  1
3121  0
3122  0
3123  0
3124  0
3125  0
3126  1
3127  0
3128  0
3129  0
3130  0
3131  0
3132  0
3133  0
3134  0
3135  0
3136  0
3137  0
3138  0
3139  0
3140  0
3141  1
3142  0
3143  0
3144  0
3145  0
3146  0
3147  0
3148  1
3149  0
3150  0
3151  1
3152  0
3153  0
3154  1
3155  0
3156  0
3157  2
3158  0
3159  0
3160  0
3161  0
3162  2
3163  1
3164  1
3165  0
3166  0
3167  1
3168  1
3169  0
3170  0
3171  0
3172  0
3173  0
3174  0
3175  0
3176  0
3177  0
3178  1
3179  2
3180  2
3181  0
3182  0
3183  0
3184  2
3185  0
3186  0
3187  0
3188  0
3189  1
3190  0
3191  0
3192  0
3193  0
3194  0
3195  0
3196  0
3197  0
3198  1
3199  0
3200  0
3201  1
3202  0
3203  1
3204  0
3205  0
3206  0
3207  1
3208  0
3209  0
3210  0
3211  0
3212  0
3213  0
3214  0
3215  1
3216  1
3217  0
3218  0
3219  0
3220  1
3221  0
3222  1
3223  1
3224  0
3225  1
3226  0
3227  0
3228  0
3229  1
3230  0
3231  0
3232  0
3233  0
3234  0
3235  0
3236  0
3237  0
3238  1
3239  0
3240  1
3241  0
3242  2
3243  0
3244  0
3245  0
3246  0
3247  1
3248  0
3249  0
3250  0
3251  0
3252  0
3253  1
3254  0
3255  0
3256  1
3257  0
3258  0
3259  0
3260  0
3261  0
3262  0
3263  0
3264  1
3265  0
3266  0
3267  0
3268  0
3269  2
3270  1
3271  1
3272  0
3273  0
3274  0
3275  0
3276  0
3277  1
3278  1
3279  1
3280  0
3281  2
3282  1
3283  0
3284  0
3285  1
3286  1
3287  1
3288  0
3289  0
3290  0
3291  0
3292  0
3293  0
3294  0
3295  0
3296  0
3297  0
3298  0
3299  0
3300  0
3301  1
3302  0
3303  0
3304  1
3305  0
3306  0
3307  0
3308  1
3309  0
3310  0
3311  0
3312  0
3313  0
3314  0
3315  1
3316  0
3317  0
3318  0
3319  1
3320  0
3321  0
3322  0
3323  0
3324  0
3325  0
3326  0
3327  0
3328  0
3329  0
3330  1
3331  0
3332  1
3333  0
3334  2
3335  0
3336  0
3337  0
3338  0
3339  0
3340  0
3341  0
3342  0
3343  0
3344  0
3345  0
3346  0
3347  1
3348  1
3349  0
3350  0
3351  0
3352  1
3353  0
3354  0
3355  1
3356  0
3357  0
3358  0
3359  1
3360  1
3361  1
3362  0
3363  0
3364  0
3365  0
3366  0
3367  0
3368  1
3369  0
3370  0
3371  1
3372  0
3373  0
3374  0
3375  0
3376  0
3377  0
3378  0
3379  1
3380  0
3381  0
3382  1
3383  0
3384  0
3385  0
3386  0
3387  0
3388  0
3389  0
3390  0
3391  0
3392  0
3393  0
3394  0
3395  1
3396  1
3397  0
3398  0
3399  0
3400  0
3401  0
3402  1
3403  0
3404  0
3405  0
3406  0
3407  0
3408  0
3409  0
3410  0
3411  0
3412  0
3413  0
3414  0
3415  0
3416  2
3417  0
3418  2
3419  0
3420  0
3421  0
3422  0
3423  0
3424  0
3425  0
3426  0
3427  0
3428  0
3429  0
3430  0
3431  0
3432  0
3433  0
3434  0
3435  1
3436  0
3437  0
3438  0
3439  0
3440  0
3441  1
3442  0
3443  0
3444  1
3445  0
3446  1
3447  0
3448  0
3449  0
3450  0
3451  0
3452  1
3453  1
3454  1
3455  0
3456  0
3457  0
3458  0
3459  0
3460  0
3461  1
3462  0
3463  0
3464  0
3465  2
3466  0
3467  0
3468  1
3469  0
3470  0
3471  1
3472  0
3473  0
3474  0
3475  0
3476  1
3477  0
3478  0
3479  0
3480  0
3481  0
3482  0
3483  0
3484  0
3485  1
3486  0
3487  0
3488  0
3489  0
3490  0
3491  0
3492  2
3493  0
3494  0
3495  0
3496  0
3497  0
3498  0
3499  0
3500  0
3501  1
3502  0
3503  1
3504  0
3505  1
3506  0
3507  1
3508  0
3509  0
3510  0
3511  0
3512  1
3513  0
3514  0
3515  0
3516  1
3517  0
3518  0
3519  0
3520  0
3521  0
3522  0
3523  0
3524  0
3525  0
3526  0
3527  0
3528  0
3529  0
3530  0
3531  0
3532  0
3533  0
3534  0
3535  0
3536  0
3537  0
3538  1
3539  1
3540  1
3541  0
3542  0
3543  0
3544  0
3545  0
3546  0
3547  0
3548  0
3549  0
3550  0
3551  0
3552  0
3553  0
3554  0
3555  1
3556  1
3557  0
3558  1
3559  0
3560  0
3561  0
3562  0
3563  0
3564  0
3565  1
3566  0
3567  0
3568  0
3569  0
3570  0
3571  0
3572  1
3573  0
3574  0
3575  1
3576  0
3577  0
3578  0
3579  0
3580  0
3581  0
3582  0
3583  0
3584  0
3585  1
3586  0
3587  0
3588  0
3589  0
3590  0
3591  0
3592  1
3593  0
3594  1
3595  0
3596  0
3597  0
3598  0
3599  0
3600  1
3601  0
3602  0
3603  0
3604  0
3605  0
3606  0
3607  0
3608  0
3609  0
3610  1
3611  0
3612  0
3613  0
3614  0
3615  0
3616  1
3617  1
3618  0
3619  0
3620  0
3621  0
3622  0
3623  0
3624  1
3625  0
3626  0
3627  0
3628  0
3629  0
3630  0
3631  0
3632  0
3633  0
3634  0
3635  0
3636  1
3637  1
3638  0
3639  0
3640  0
3641  0
3642  0
3643  1
3644  0
3645  0
3646  0
3647  0
3648  0
3649  0
3650  0
3651  0
3652  0
3653  1
3654  0
3655  0
3656  0
3657  0
3658  0
3659  0
3660  0
3661  1
3662  0
3663  0
3664  0
3665  0
3666  0
3667  0
3668  0
3669  0
3670  0
3671  0
3672  0
3673  0
3674  0
3675  0
3676  1
3677  0
3678  0
3679  1
3680  0
3681  0
3682  0
3683  0
3684  0
3685  0
3686  0
3687  0
3688  0
3689  0
3690  0
3691  0
3692  0
3693  0
3694  0
3695  1
3696  0
3697  0
3698  0
3699  1
3700  1
3701  0
3702  0
3703  0
3704  0
3705  0
3706  0
3707  1
3708  1
3709  0
3710  0
3711  0
3712  0
3713  0
3714  0
3715  0
3716  0
3717  0
3718  0
3719  0
3720  0
3721  0
3722  0
3723  0
3724  0
3725  0
3726  0
3727  0
3728  0
3729  0
3730  0
3731  0
3732  0
3733  0
3734  0
3735  0
3736  0
3737  0
3738  0
3739  0
3740  0
3741  0
3742  1
3743  1
3744  0
3745  0
3746  0
3747  0
3748  0
3749  0
3750  0
3751  1
3752  0
3753  0
3754  0
3755  0
3756  0
3757  0
3758  0
3759  0
3760  0
3761  0
3762  0
3763  0
3764  0
3765  0
3766  0
3767  0
3768  0
3769  1
3770  2
3771  1
3772  0
3773  0
3774  0
3775  0
3776  0
3777  0
3778  0
3779  0
3780  0
3781  0
3782  0
3783  0
3784  0
3785  0
3786  0
3787  0
3788  0
3789  0
3790  0
3791  0
3792  1
3793  0
3794  0
3795  0
3796  0
3797  0
3798  0
3799  0
3800  0
3801  0
3802  0
3803  0
3804  0
3805  0
3806  0
3807  0
3808  1
3809  1
3810  0
3811  0
3812  1
3813  0
3814  0
3815  0
3816  0
3817  0
3818  0
3819  0
3820  0
3821  0
3822  1
3823  0
3824  0
3825  0
3826  0
3827  0
3828  0
3829  0
3830  0
3831  0
3832  0
3833  0
3834  0
3835  0
3836  0
3837  0
3838  0
3839  0
3840  0
3841  0
3842  0
3843  0
3844  0
3845  0
3846  0
3847  0
3848  0
3849  0
3850  0
3851  0
3852  0
3853  0
3854  0
3855  0
3856  0
3857  0
3858  0
3859  0
3860  0
3861  0
3862  0
3863  0
3864  0
3865  0
3866  0
3867  0
3868  0
3869  0
3870  0
3871  0
3872  0
3873  0
3874  0
3875  0
3876  0
3877  0
3878  0
3879  0
3880  0
3881  0
3882  0
3883  0
3884  0
3885  0
3886  0
3887  0
3888  0
3889  0
3890  0
3891  0
3892  0
3893  0
3894  0
3895  0
3896  0
3897  0
3898  0
3899  0
3900  0
3901  0
3902  0
3903  0
3904  0
3905  0
3906  0
3907  0
3908  0
3909  0
3910  0
3911  0
3912  0
3913  0
3914  0
3915  0
3916  0
3917  0
3918  0
3919  0
3920  0
3921  0
3922  0
3923  0
3924  0
3925  0
3926  0
3927  0
3928  0
3929  0
3930  0
3931  0
3932  0
3933  0
3934  0
3935  0
3936  0
3937  0
3938  0
3939  0
3940  0
3941  0
3942  0
3943  0
3944  0
3945  0
3946  0
3947  0
3948  0
3949  0
3950  0
3951  0
3952  0
3953  0
3954  0
3955  0
3956  0
3957  0
3958  0
3959  0
3960  0
3961  0
3962  0
3963  0
3964  0
3965  0
3966  0
3967  0
3968  0
3969  0
3970  0
3971  0
3972  0
3973  0
3974  0
3975  0
3976  0
3977  0
3978  0
3979  0
3980  0
3981  0
3982  0
3983  0
3984  0
3985  0
3986  0
3987  0
3988  0
3989  0
3990  0
3991  0
3992  0
3993  0
3994  0
3995  0
3996  0
3997  0
3998  0
3999  0
4000  0
4001  0
4002  0
4003  0
4004  0
4005  0
4006  0
4007  0
4008  0
4009  0
4010  0
4011  0
4012  0
4013  0
4014  0
4015  0
4016  0
4017  0
4018  0
4019  0
4020  0
4021  0
4022  0
4023  0
4024  0
4025  0
4026  0
4027  0
4028  0
4029  0
4030  0
4031  0
4032  0
4033  0
4034  0
4035  0
4036  0
4037  0
4038  0
4039  0
4040  0
4041  0
4042  0
4043  0
4044  0
4045  0
4046  0
4047  0
4048  0
4049  0
4050  0
4051  0
4052  0
4053  0
4054  0
4055  0
4056  0
4057  0
4058  0
4059  0
4060  0
4061  0
4062  0
4063  0
4064  0
4065  0
4066  0
4067  0
4068  0
4069  0
4070  0
4071  0
4072  0
4073  0
4074  0
4075  0
4076  0
4077  0
4078  0
4079  0
4080  0
4081  0
4082  0
4083  0
4084  0
4085  0
4086  0
4087  0
4088  0
4089  0
4090  0
4091  0
4092  0
4093  0
4094  0
4095  0
