 0006024 0000055 0000000 0004095 1041018 0055513
00000368000004490000056600000690000008620000104300001164000013890000149700001648
00001899000021010000217600002363000023820000251800002427000024860000234600002298
00002170000020880000190900001734000015770000138900001230000010680000089200000698
00000631000005200000040000000359000002490000022400000171000001360000009100000078
00000063000000440000003200000028000000190000001300000010000000060000000200000006
00000002000000050000000100000000000000000000000000000000000000000000000000000000
00000000000000010000000000000000000000010000000000000000000000000000000000000000
00000000000000000000000000000000000000010000000000000000000000000000000000000000
00000000000000000000000000000000000000000000000000000000000000000000000000000000
00000000000000000000000000000000000000000000000000000000000000000000000100000000
00000000000000000000000000000000000000000000000100000000000000000000000000000000
00000000000000000000000100000000000000000000000000000000000000000000000100000000
00000000000000000000000000000000000000000000000000000000000000000000000000000000
00000001000000000000000000000000000000000000000000000000000000000000000000000000
00000000000000000000000000000000000000000000000000000000000000000000000000000000
00000000000000000000000000000000000000000000000000000000000000000000000000000000
00000000000000000000000000000000000000000000000100000000000000000000000000000000
00000000000000000000000000000000000000000000000100000000000000000000000000000000
00000000000000000000000000000000000000000000000000000000000000010000000100000000
00000002000000020000000400000001000000010000000400000004000000040000001000000016
00000016000000180000003800000036000000340000004400000044000000590000005300000071
00000085000000910000008700000112000001010000010900000101000001050000011300000124
00000109000001260000010700000097000001060000009000000115000000990000009100000078
00000077000000820000007400000053000000520000004400000050000000310000003700000033
00000026000000260000002900000034000000300000002700000037000000340000002600000020
00000022000000270000002800000022000000240000003100000026000000260000002600000027
00000022000000270000002000000025000000270000001900000023000000240000002100000024
00000019000000190000002700000020000000290000002200000033000000160000002300000027
00000026000000170000001700000018000000320000002700000020000000170000002500000023
00000025000000270000001500000026000000200000002100000020000000230000001600000024
00000022000000180000002500000025000000260000002300000022000000140000002300000017
00000011000000220000001700000030000000210000002000000021000000240000002100000024
00000022000000280000002000000022000000240000001900000020000000270000001700000026
00000029000000150000002400000024000000220000003900000020000000240000002500000035
00000029000000200000002400000021000000250000001600000023000000170000002200000029
00000028000000170000002200000030000000250000001800000020000000230000002100000020
00000032000000270000003400000027000000190000001100000029000000200000002400000022
00000017000000180000001900000030000000240000002700000028000000250000001600000025
00000017000000260000003600000019000000140000002300000022000000210000002300000024
00000025000000260000002400000034000000180000002800000023000000330000001700000026
00000019000000310000002900000018000000230000002200000024000000250000003100000017
00000024000000320000001800000021000000250000002400000021000000270000001100000025
00000024000000190000002400000027000000310000002900000027000000270000002100000023
00000027000000290000002300000037000000220000002800000022000000260000001600000025
00000018000000230000002100000025000000210000002300000029000000180000003500000023
00000015000000240000002700000024000000200000002200000024000000270000002100000023
00000027000000270000002800000031000000280000002900000019000000250000002100000025
00000024000000220000002500000019000000320000002100000025000000210000002300000024
00000015000000220000002500000028000000190000002500000030000000170000002300000027
00000025000000240000003100000031000000200000001700000026000000170000002000000024
00000018000000260000002500000027000000300000002100000026000000200000002200000024
00000022000000250000002800000019000000270000002900000024000000130000002300000020
00000020000000270000002300000022000000280000001900000030000000200000001700000019
00000025000000300000002400000011000000270000002400000019000000240000002400000023
00000030000000170000003200000026000000270000001900000027000000290000003900000029
00000024000000230000002900000028000000240000002500000029000000180000001800000025
00000030000000200000002600000029000000240000002600000020000000270000001900000024
00000021000000220000002400000027000000240000003800000021000000290000001800000029
00000020000000240000001900000021000000150000002400000024000000350000001900000031
00000023000000280000002400000024000000340000002000000030000000250000002600000023
00000031000000250000003100000025000000190000001600000030000000300000002600000026
00000018000000300000001400000018000000210000002800000021000000340000002800000019
00000022000000220000002600000025000000260000001500000025000000200000002100000019
00000022000000290000001800000031000000220000002300000027000000210000003000000028
00000027000000290000002700000023000000170000003300000030000000260000003000000021
00000023000000200000002300000018000000210000003100000026000000350000002700000021
00000025000000190000001900000030000000280000001800000021000000240000002900000027
00000019000000170000002900000023000000260000003300000025000000160000002500000034
00000014000000230000002500000023000000250000002600000033000000240000002400000025
00000029000000200000003000000027000000230000002400000023000000200000002300000025
00000028000000250000002600000024000000210000003100000026000000280000001500000025
00000025000000290000002500000020000000280000002200000021000000280000002700000018
00000025000000270000002700000022000000260000002500000022000000250000002200000019
00000024000000250000001900000021000000350000002200000026000000220000002800000019
00000014000000270000002400000019000000200000002100000020000000190000002400000029
00000031000000200000002200000029000000290000001900000027000000200000002500000017
00000033000000190000002100000028000000120000003000000018000000200000002300000025
00000036000000320000002300000023000000280000002400000021000000290000002200000018
00000026000000290000003300000021000000230000003400000023000000330000002700000027
00000024000000180000001300000030000000290000002600000015000000220000002500000033
00000016000000270000002800000020000000250000002100000025000000300000002600000030
00000022000000200000002000000031000000270000002600000026000000250000002400000023
00000023000000260000002600000019000000260000002000000021000000220000003300000025
00000023000000240000001900000037000000220000002400000033000000270000003100000019
00000019000000250000002400000023000000210000002200000022000000210000002500000020
00000027000000240000002400000026000000210000002600000028000000160000002400000027
00000022000000270000001800000030000000280000002400000028000000250000003300000020
00000025000000190000001700000036000000320000002600000021000000360000001900000028
00000024000000220000002700000034000000240000002000000029000000210000001600000021
00000028000000250000002500000029000000260000001700000038000000220000001800000031
00000019000000190000002700000028000000260000003300000026000000300000002300000025
00000028000000200000002700000029000000210000002000000029000000240000002400000030
00000022000000270000002800000027000000240000002800000022000000230000003000000017
00000029000000260000001900000020000000290000002800000022000000140000002400000032
00000037000000260000001300000029000000280000002000000017000000210000001800000020
00000020000000240000003100000022000000160000002700000019000000200000002500000029
00000024000000220000002600000024000000230000001700000024000000230000002300000027
00000028000000240000002700000023000000310000002800000022000000220000002500000029
00000027000000310000002500000024000000340000002900000031000000300000002800000026
00000030000000250000002100000020000000200000002600000027000000280000002300000018
00000031000000330000003700000023000000270000003300000024000000250000002200000039
00000039000000240000002700000023000000270000002600000024000000220000002700000025
00000028000000190000003300000027000000260000002500000028000000280000002500000021
00000032000000240000002100000020000000310000002300000028000000290000003000000036
00000026000000260000002300000027000000250000003900000029000000280000003200000027
00000036000000270000002800000017000000260000003000000027000000300000002500000036
00000029000000280000002200000033000000320000003700000013000000290000003100000026
00000032000000270000003700000022000000350000003800000035000000260000002700000044
00000023000000340000003300000027000000290000003100000037000000350000002600000029
00000032000000310000002900000025000000190000003400000026000000350000002700000038
00000028000000340000003400000031000000320000003400000028000000210000003400000036
00000027000000310000003500000035000000330000002400000032000000360000002200000029
00000037000000360000002800000022000000300000002300000038000000230000003400000028
00000033000000300000003000000037000000280000003500000027000000340000003700000025
00000028000000390000002900000029000000350000003200000029000000490000003600000043
00000025000000380000004700000024000000300000003800000040000000440000002800000038
00000030000000380000003400000034000000370000003700000033000000270000004200000034
00000031000000390000003400000033000000310000004000000032000000270000003900000038
00000042000000430000003500000043000000310000003900000037000000340000003000000029
00000046000000340000004800000034000000380000003800000039000000390000003900000026
00000042000000380000003500000039000000360000003600000032000000320000004400000032
00000032000000360000002700000039000000540000004400000038000000350000003000000038
00000037000000430000004800000032000000320000003000000037000000480000003900000043
00000044000000370000004800000040000000340000003900000046000000340000002900000045
00000033000000380000005300000043000000330000003600000037000000350000004300000055
00000036000000500000004400000033000000500000003500000045000000520000003500000046
00000048000000430000003200000041000000380000003800000038000000460000003600000050
00000047000000560000004300000035000000500000005400000038000000410000004800000051
00000051000000500000004400000040000000540000005300000055000000510000004400000050
00000046000000550000005000000037000000470000005300000055000000550000006600000044
00000058000000500000005200000033000000440000004000000046000000520000005500000056
00000057000000400000006000000048000000560000004100000048000000420000005000000047
00000052000000510000005400000057000000500000004400000049000000520000004700000065
00000041000000650000004300000044000000600000005300000053000000550000006200000045
00000058000000620000005200000061000000520000004300000062000000550000004800000057
00000052000000620000006000000049000000600000005000000061000000640000005900000050
00000045000000540000005400000062000000440000005500000066000000460000006200000050
00000061000000570000005200000073000000530000005800000060000000560000006500000054
00000074000000670000005000000057000000620000006100000057000000660000007100000076
00000071000000730000005100000072000000540000006700000071000000600000005800000064
00000053000000670000005200000059000000630000004900000067000000790000007500000066
00000058000000650000007100000053000000730000006200000065000000690000005600000069
00000062000000520000007500000065000000730000006500000071000000670000007600000064
00000063000000590000005600000079000000660000007600000062000000610000006400000058
00000064000000740000005700000062000000660000006500000082000000760000007100000071
00000078000000800000006200000066000000840000007600000061000000570000007100000058
00000075000000780000007600000065000000680000009400000060000000720000008200000056
00000076000000860000006400000073000001030000006600000077000000800000008400000068
00000071000000780000007500000078000000700000006000000065000000780000008200000058
00000078000000750000006400000075000000800000008700000075000000700000007700000088
00000088000000730000007300000090000000650000006500000091000000790000008700000070
00000081000000680000008800000089000000880000008000000095000000990000007900000073
00000078000000970000009200000075000000880000007600000071000000730000008300000082
00000100000000990000010300000087000000960000007800000087000000850000009100000082
00000091000000930000010300000076000001070000007500000092000000840000010000000096
00000087000000960000006800000077000000820000010200000095000000830000009700000079
00000089000000950000007500000086000000810000008900000096000000880000008400000096
00000095000001120000009800000099000000880000010000000104000000990000009400000096
00000096000001040000009900000094000001030000008500000079000000940000008200000108
00000108000001040000008100000089000001060000008500000090000000920000010800000094
00000108000000780000008100000091000001080000010300000074000000960000010300000102
00000069000001000000010200000096000001080000010000000086000001000000009000000092
00000114000001090000011200000123000001230000009700000088000000970000009600000091
00000119000001030000011000000107000001020000010200000088000001040000011200000088
00000125000001080000010200000108000000970000010400000120000000900000011800000121
00000110000001010000011900000112000001010000009900000115000001170000011600000111
00000115000001160000010400000114000001020000011400000120000001140000011700000088
00000111000001300000012400000121000001120000011700000113000001320000010300000119
00000096000001060000008900000117000001150000012400000118000001240000012800000115
00000097000001500000012300000111000001080000012400000122000001130000012100000106
00000105000001160000012000000123000001250000011900000121000001160000012700000096
00000124000001260000012300000114000001310000011500000131000001290000010900000111
00000133000001170000010500000127000001420000012600000115000001340000013900000111
00000123000001240000012200000123000001220000015300000140000001180000013100000153
00000137000001330000012600000154000001190000013700000125000001290000010500000118
00000125000001190000013100000160000001220000012800000135000001240000012100000149
00000133000001340000014700000121000001380000014500000124000001390000013500000123
00000134000001450000012700000145000001650000013400000140000001350000015700000130
00000147000001330000013400000122000001400000013100000138000001240000013300000116
00000148000001490000013600000124000001480000014000000134000001360000014300000132
00000152000001250000012000000146000001540000013800000148000001460000013800000133
00000132000001410000014100000121000001530000014900000152000001550000013400000153
00000156000001270000016000000155000001500000014900000156000001740000016100000135
00000146000001570000012400000154000001550000014600000140000001430000013300000141
00000143000001360000014000000160000001440000013600000135000001380000014700000175
00000177000001700000013800000141000001450000015500000164000001390000014200000173
00000136000001490000014300000150000001630000016700000166000001610000016600000173
00000169000001650000017400000171000001560000014600000171000001350000014900000159
00000153000001800000017000000154000001410000016500000178000001510000016700000157
00000145000001410000014100000155000001560000015700000175000001530000014200000149
00000145000001610000017100000160000001730000015100000150000001610000015300000168
00000171000001900000014800000177000001450000015700000159000001690000015100000140
00000155000001760000017600000161000001600000016100000154000001560000015900000178
00000154000001600000018200000179000001540000017700000159000001540000016400000189
00000185000001860000015000000174000001940000014800000168000001680000017400000173
00000193000001990000018200000171000001590000017700000159000001850000015500000161
00000174000001530000016300000167000001650000016800000169000001830000017600000181
00000174000001930000015400000169000001600000015500000165000001560000017300000170
00000186000001830000018400000201000001550000017200000158000001740000019900000193
00000168000001840000019200000175000001790000018200000174000002060000017000000192
00000165000002010000017900000189000001690000019500000178000001600000016300000191
00000170000001760000017700000178000002050000018200000167000001860000019600000169
00000178000002030000017500000207000002060000017500000185000001780000019500000196
00000177000001740000015700000178000002020000017100000165000001850000018500000175
00000175000001990000017300000201000001920000017400000172000001980000021100000204
00000191000002170000020200000183000001680000019200000201000001940000018500000191
00000198000001640000019600000188000002020000020800000194000001670000017500000165
00000205000002130000020700000169000002050000017200000184000001880000018600000219
00000184000001910000018000000195000001780000019100000185000001830000018300000202
00000169000001960000018100000197000001600000022300000206000001910000020700000197
00000217000001840000019000000212000001890000018000000207000001750000020800000186
00000198000002060000021700000185000002050000019500000214000001880000019400000201
00000197000001940000021000000198000002000000020800000167000001840000019900000185
00000186000001920000017700000200000001930000019200000169000001930000020000000183
00000202000001710000018500000188000001860000020600000190000002270000021000000187
00000171000001730000019700000197000002270000017700000203000002130000019200000206
00000220000002180000019300000207000002120000018500000203000002050000021100000204
00000216000002110000020700000219000001970000020600000200000002160000022000000210
00000194000002060000020100000196000001870000018600000164000001910000023000000196
00000197000002300000020500000200000002080000018600000210000002160000022200000205
00000199000002200000020600000191000002060000021400000198000001780000021500000201
00000201000002040000020600000181000001930000022100000202000001890000021700000196
00000219000002140000019900000216000001990000020800000211000002320000021100000207
00000225000002270000022800000193000002120000019400000217000002090000023500000195
00000236000002040000020800000212000002280000020800000179000002390000023400000219
00000198000002160000019300000219000002230000021300000223000002000000021600000215
00000221000001970000020900000205000002140000020600000232000002090000020700000235
00000210000002200000021700000242000002020000023000000185000002080000022300000197
00000222000002280000019800000245000002340000022900000224000002340000022100000224
00000221000002340000022700000193000002180000019900000194000002330000021000000253
00000215000002220000020200000217000002060000021400000202000002450000023500000212
00000197000002090000024300000215000002490000023800000239000002310000022300000235
00000232000002220000021000000238000002080000022800000188000002290000022100000225
00000204000002240000020000000186000002020000019800000238000001860000020300000205
00000193000002030000021100000211000002040000021600000184000002080000020900000216
00000214000002190000022000000224000002290000021200000217000002390000020200000206
00000229000002220000021400000223000002270000020900000214000002100000021000000204
00000207000002300000022600000235000002070000020200000233000002400000020100000216
00000235000002250000022000000197000002250000023800000241000002320000023100000217
00000222000002030000020800000223000002320000019000000236000002080000021800000224
00000224000001930000022000000212000002070000020200000221000001950000020000000234
00000221000002170000022300000210000002170000020400000216000001960000024100000186
00000211000002040000023300000254000002270000023100000234000002480000021700000217
00000220000002260000022500000216000002160000022800000224000002330000019900000220
00000211000002240000021200000220000002020000020900000195000002190000023800000224
00000230000002460000020200000186000002200000021000000255000002070000022600000208
00000243000002210000020500000212000002430000018800000201000002380000022200000198
00000206000002240000020800000198000002160000020600000204000002160000019600000201
00000223000002120000020600000203000002020000021800000223000002190000022600000185
00000223000002330000019300000236000002160000019100000226000001850000022300000192
00000201000002320000019500000201000002080000020800000201000001980000020500000212
00000209000002020000022900000214000002250000021800000201000001750000020600000205
00000200000001870000019700000179000001940000020100000197000001960000021900000202
00000207000002180000018900000209000001940000020400000206000002040000019800000171
00000192000001910000019300000218000001990000018200000211000001960000019600000199
00000197000002050000020900000187000002000000015700000204000001850000018200000185
00000209000001790000019000000200000002250000019300000188000001940000017900000211
00000194000002050000019600000185000001720000018500000183000001790000018600000189
00000188000001750000020900000190000001890000017300000190000001800000018700000188
00000165000001890000020700000177000001740000018300000183000001920000017500000188
00000196000001830000016400000152000001630000017000000175000001750000016700000165
00000161000002010000019500000181000001600000018800000177000001470000017400000180
00000160000001950000016700000168000001530000017100000154000001800000017000000161
00000167000001770000019300000172000001580000013900000155000001800000016800000169
00000171000001850000016500000181000001730000018000000163000001670000014800000160
00000142000001750000015600000162000001630000014600000144000001500000017000000163
00000171000001540000015100000180000001600000015000000157000001380000014300000152
00000136000001620000017200000159000001410000015900000140000001470000016900000153
00000155000001390000015100000168000001460000012600000155000001480000013700000158
00000132000001290000011400000143000001330000014800000126000001360000014300000151
00000122000001460000014800000129000001350000014700000135000001510000013600000130
00000151000001220000013900000139000001540000014300000143000001520000014400000125
00000131000001410000015000000132000001380000014700000141000001240000012800000138
00000136000001450000012400000139000001280000013200000135000001330000011000000124
00000125000001440000011600000129000001300000011500000102000001290000013900000131
00000127000001200000011200000125000001060000011500000117000001170000011000000120
00000129000001080000010500000099000001030000011500000132000001180000009700000101
00000085000000990000011300000094000001150000011700000099000000950000010000000097
00000084000000950000010000000102000001080000009200000095000001040000010700000118
00000103000000990000008500000108000001070000008500000090000001000000011100000091
00000098000000940000008500000080000000890000008300000099000000980000009100000093
00000088000001020000008000000083000000920000008400000080000000900000009400000075
00000084000000800000007300000060000000970000007700000075000000820000009000000071
00000088000000880000007600000081000000790000006000000078000000790000007000000079
00000074000000680000007100000064000000670000005700000077000000800000005700000052
00000069000000710000006600000060000000780000006000000058000000670000007800000066
00000076000000720000006000000067000000590000006100000069000000740000006200000067
00000047000000710000005200000059000000560000004600000060000000750000005300000055
00000060000000620000006600000055000000490000005500000062000000490000005100000052
00000059000000560000005900000061000000610000007000000055000000490000005100000044
00000049000000550000004800000050000000600000005800000066000000470000005200000044
00000047000000500000005800000061000000500000005100000057000000540000005000000050
00000045000000410000004400000045000000430000003600000044000000410000004800000053
00000047000000470000003900000057000000600000004600000048000000390000003500000042
00000040000000420000006200000047000000440000003600000040000000560000007300000043
00000044000000460000003900000045000000660000004400000045000000450000004700000045
00000046000000460000005100000045000000550000003900000043000000430000004800000034
00000028000000420000005700000045000000480000004500000051000000380000003700000033
00000036000000400000003400000045000000410000004600000036000000400000005400000044
00000049000000400000004400000047000000370000004400000040000000440000004200000032
00000046000000390000003500000029000000350000003400000060000000390000003600000038
00000037000000550000004000000032000000270000003700000035000000410000004200000039
00000040000000360000002900000044000000320000004700000026000000410000003000000037
00000040000000350000003000000031000000260000003200000041000000350000003400000029
00000039000000260000003400000036000000270000004000000027000000290000004400000040
00000022000000380000003300000041000000250000002300000034000000410000003200000028
00000038000000260000003600000023000000250000002900000017000000300000002600000022
00000034000000240000003100000028000000260000002500000024000000340000001500000020
00000019000000200000002000000021000000200000002100000021000000260000002700000023
00000021000000200000002100000017000000220000001800000035000000160000002400000022
00000022000000170000002500000035000000110000003200000027000000180000003200000031
00000028000000210000002700000025000000280000001800000023000000280000002700000021
00000023000000210000001500000019000000350000002700000024000000150000001800000025
00000021000000250000002700000025000000250000001900000019000000290000002300000023
00000022000000190000002700000019000000280000002900000021000000270000002900000026
00000021000000280000002800000018000000310000002500000020000000220000002300000027
00000024000000280000002800000029000000310000002700000028000000140000002300000025
00000024000000220000002100000026000000310000002800000023000000250000001600000028
00000027000000230000001900000027000000200000002400000022000000200000002700000024
00000026000000210000002600000023000000200000002600000014000000290000002200000024
00000026000000310000002600000029000000360000002900000021000000160000001500000021
00000026000000330000001600000033000000270000002300000030000000320000001500000027
00000024000000270000002100000032000000360000002900000028000000300000002500000027
00000025000000210000003000000027000000270000003300000023000000200000003200000028
00000027000000300000002300000036000000210000002600000025000000280000002200000022
00000025000000270000003200000023000000190000003300000032000000360000002100000026
00000015000000250000002200000021000000220000002300000034000000240000003100000026
00000029000000220000002600000034000000330000003300000028000000250000002100000025
00000030000000220000002700000029000000360000003100000025000000170000003200000020
00000026000000350000002300000026000000210000003200000036000000260000002200000035
00000025000000330000002400000026000000280000003600000034000000210000003100000042
00000022000000320000003600000025000000240000003000000040000000340000002200000027
00000029000000360000003100000022000000200000003000000037000000260000002400000026
00000035000000450000003900000028000000340000002300000037000000360000002400000025
00000034000000340000004800000025000000290000004100000038000000330000004200000037
00000039000000330000004100000029000000330000003400000039000000350000003400000030
00000040000000290000003200000039000000400000003700000034000000400000002800000046
00000031000000340000004000000043000000300000003500000030000000400000003500000036
00000036000000270000003900000028000000360000003600000025000000420000003400000040
00000045000000450000003300000038000000410000004600000057000000410000003700000051
00000040000000330000003200000044000000290000004100000041000000360000004100000043
00000032000000430000005000000046000000420000003900000041000000450000004500000047
00000048000000430000004800000050000000390000006300000061000000430000006700000063
00000062000000470000006200000061000000620000006600000064000000670000006200000092
00000080000000840000009100000100000001200000014400000172000001500000019700000207
00000275000003620000041700000550000006290000074800000893000010290000124800001472
00001649000018720000215700002345000025990000280900003131000032300000337700003565
00003660000039210000371200003922000040050000380900003846000036930000354200003301
00003142000030050000292100002663000025350000227700002141000020100000179000001655
00001591000013520000122100001088000010320000095400000909000007980000074900000708
00000653000006400000052900000496000005070000047000000421000003600000039200000384
00000333000003110000030300000284000002670000023700000261000002290000019600000204
00000200000001880000017600000188000001700000016800000168000001600000017800000201
00000169000002660000027600000301000003940000044400000529000006650000073100000896
00001060000012890000150000001708000019690000224800002505000027670000318100003305
00003639000039190000431900004424000045850000478600004796000047760000500900005106
00005014000048450000489100004719000045270000447500004306000040770000385200003666
00003551000034330000310200003026000028280000260200002514000022620000223300001976
00001900000018510000168300001627000013840000133500001204000011410000110500001013
00000999000009390000092000000859000007920000078600000735000007100000066700000634
00000657000006190000065800000555000006370000057700000572000006330000060100000543
00000586000005560000061000000527000005440000052200000507000005170000051300000538
00000516000005570000053500000550000005800000050400000529000005290000058400000551
00000532000005430000053800000583000006100000050400000510000005490000053400000525
00000485000005210000053100000497000005210000046000000470000004790000045500000455
00000425000004250000040800000413000003540000037400000379000003320000036300000347
00000321000002880000029300000266000002330000025100000211000002390000023700000199
00000205000002090000018000000195000001710000016800000156000001700000015300000149
00000146000001130000012200000106000001120000010800000101000000920000008100000083
00000080000000760000007400000072000000690000008200000063000000740000006100000068
00000065000000630000006000000051000000610000006500000068000000690000006300000047
00000091000000740000009200000092000001060000014500000151000002040000023800000261
00000374000003740000051900000573000006930000081800000945000010390000120300001384
00001534000016000000182100001900000020120000214100002258000022720000231300002388
00002368000024550000241200002327000022160000214700002031000019150000181400001756
00001658000014100000137200001308000011290000114000000934000009290000081200000759
00000716000006500000060800000543000004900000044300000453000004420000040000000365
00000371000003190000031900000253000002840000027400000240000002320000020200000184
00000191000001540000016200000137000001420000013500000110000001140000011300000097
00000070000001030000008600000077000000580000007800000063000000620000005100000051
00000051000000540000006300000050000000360000003700000034000000290000003800000023
00000032000000370000002700000021000000220000002100000027000000160000002600000025
00000015000000360000002100000025000000240000001700000022000000170000001500000023
00000027000000200000002600000022000000220000003200000026000000190000002000000017
00000000000000000000000000000000000000000000000000000000000000000000000000000000
00000000000000000000000000000000000000000000000000000000000000000000000000000000
00000000000000000000000000000000000000000000000000000000000000000000000000000000
00000000000000000000000000000000000000000000000000000000000000000000000000000000
00000000000000000000000000000000000000000000000000000000000000000000000000000000
00000000000000000000000000000000000000000000000000000000000000000000000000000000
00000000000000000000000000000000000000000000000000000000000000000000000000000000
00000000000000000000000000000000000000000000000000000000000000000000000000000000
00000000000000000000000000000000000000000000000000000000000000000000000000000000
00000000000000000000000000000000000000000000000000000000000000000000000000000000
00000000000000000000000000000000000000000000000000000000000000000000000000000000
00000000000000000000000000000000000000000000000000000000000000000000000000000000
00000000000000000000000000000000000000000000000000000000000000000000000000000000
00000000000000000000000000000000000000000000000000000000000000000000000000000000
00000000000000000000000000000000000000000000000000000000000000000000000000000000
00000000000000000000000000000000000000000000000000000000000000000000000000000000
00000000000000000000000000000000000000000000000000000000000000000000000000000000
00000000000000000000000000000000000000000000000000000000000000000000000000000000
00000000000000000000000000000000000000000000000000000000000000000000000000000000
00000000000000000000000000000000000000000000000000000000000000000000000000000000
00000000000000000000000000000000000000000000000000000000000000000000000000000000
00000000000000000000000000000000000000000000000000000000000000000000000000000000
00000000000000000000000000000000000000000000000000000000000000000000000000000000
00000000000000000000000000000000000000000000000000000000000000000000000000000000
00000000000000000000000000000000000000000000000000000000000000000000000000000000
000000000000000000000000000000000000000000000000