 0006024 0000034 0000000 0004095 1041018 0055513
00000107000001290000016800000184000002520000030900000304000003690000039600000474
00000512000005560000058000000656000006480000067100000601000006840000060200000605
00000573000005230000047800000451000003760000036200000297000002350000021700000176
00000142000001210000009000000077000000510000004500000043000000330000001300000013
00000010000000070000000600000007000000060000000100000003000000000000000100000002
00000000000000000000000000000000000000000000000000000000000000000000000000000000
00000000000000000000000000000000000000000000000000000000000000000000000000000000
00000000000000000000000000000000000000000000000000000000000000000000000000000000
00000000000000000000000000000000000000000000000000000000000000000000000000000000
00000000000000000000000000000000000000000000000000000000000000000000000000000000
00000000000000000000000000000000000000000000000000000000000000000000000000000000
00000000000000000000000000000000000000000000000000000000000000000000000000000000
00000000000000000000000000000000000000000000000000000000000000000000000000000000
00000000000000000000000000000000000000000000000000000000000000000000000000000000
00000000000000000000000000000000000000000000000000000000000000000000000000000000
00000000000000000000000000000000000000000000000000000000000000000000000000000000
00000000000000000000000000000000000000000000000000000000000000000000000000000000
00000000000000000000000000000000000000000000000000000000000000000000000000000000
00000000000000000000000000000000000000000000000000000000000000010000000100000000
00000001000000010000000300000000000000000000000100000002000000010000000200000008
00000004000000060000000600000006000000070000001300000015000000190000001800000024
00000029000000280000003700000033000000360000003500000026000000370000003500000048
00000038000000520000002800000033000000380000002000000045000000360000002900000024
00000027000000260000003100000015000000230000000800000014000000120000001200000009
00000006000000080000000600000011000000050000000800000014000000080000001100000008
00000007000000110000001100000005000000060000001300000009000000080000000700000006
00000007000000100000001000000008000000080000000600000012000000060000000600000008
00000004000000080000001000000007000000050000000500000002000000100000001100000004
00000006000000050000000400000006000000090000000700000009000000060000001400000005
00000014000000110000000300000011000000040000000700000008000000050000000500000005
00000005000000040000000800000008000000110000000500000006000000030000000500000006
00000004000000080000000700000011000000060000000500000006000000100000000900000006
00000005000000060000001100000003000000130000000800000010000000130000000400000007
00000005000000060000000600000004000000070000001100000009000000100000000600000009
00000010000000050000000700000007000000040000000700000007000000040000000800000007
00000002000000060000000500000009000000080000000700000005000000060000000900000006
00000008000000080000000900000008000000040000000400000014000000030000000600000012
00000004000000060000000600000014000000070000000500000012000000130000000400000015
00000008000000090000001100000008000000060000000600000002000000080000001000000005
00000007000000060000000900000010000000080000000600000013000000120000000300000006
00000002000000100000000900000005000000070000000700000006000000110000001300000007
00000004000000110000000500000005000000060000000600000005000000100000000300000011
00000005000000050000000800000011000000080000001100000006000000070000000500000007
00000008000000100000000600000010000000080000001000000009000000100000000700000007
00000006000000090000000600000007000000050000001000000008000000080000001000000013
00000005000000120000001000000008000000050000000700000006000000060000000600000011
00000005000000080000000600000011000000080000000900000004000000080000000900000007
00000005000000080000000600000006000000090000000800000008000000070000000400000009
00000003000000070000000700000009000000060000000900000012000000100000001100000011
00000009000000090000001000000006000000080000000800000011000000050000000500000008
00000008000000060000001100000006000000110000000800000013000000060000000700000004
00000005000000100000000700000008000000050000000800000007000000060000000400000006
00000005000000080000000400000008000000070000000700000008000000070000000600000007
00000004000000110000000600000005000000120000001200000007000000050000000700000013
00000012000000070000001300000007000000080000000600000009000000100000001300000017
00000009000000090000001000000007000000050000000900000010000000050000000800000008
00000009000000050000000900000010000000080000000800000006000000140000000500000007
00000005000000070000000900000013000000050000001600000006000000100000000800000006
00000009000000070000000700000010000000090000001100000008000000090000000500000015
00000010000000110000000800000009000000090000000600000009000000070000000600000011
00000008000000090000001300000008000000060000000400000011000000110000000700000006
00000007000000100000000400000004000000080000001000000007000000090000001300000007
00000008000000060000001000000006000000050000000700000007000000070000000700000005
00000011000000110000000700000010000000080000000900000011000000030000001100000008
00000004000000110000001100000007000000110000001300000014000000100000001700000008
00000011000000080000001100000004000000030000000900000009000000150000000400000011
00000005000000070000000800000012000000130000000800000008000000060000001200000006
00000006000000080000001100000010000000060000000700000008000000060000000900000012
00000005000000100000000700000006000000090000000600000013000000060000000900000011
00000009000000080000001000000010000000080000000300000008000000060000000300000007
00000009000000060000000800000008000000080000001000000010000000110000000300000008
00000012000000090000001200000005000000080000000700000009000000080000000700000008
00000004000000110000000600000008000000090000001300000005000000120000000700000006
00000011000000070000000800000004000000090000000500000010000000110000001000000003
00000003000000060000001100000004000000070000000700000008000000070000000600000008
00000008000000060000000800000010000000070000000800000006000000080000001100000004
00000009000000040000000700000010000000040000000700000006000000070000000700000005
00000011000000070000000800000010000000100000000700000007000000060000000600000004
00000009000000060000000800000008000000060000001500000008000000040000000700000006
00000009000000090000000700000009000000090000000800000007000000080000000600000009
00000003000000100000000500000009000000060000000800000007000000110000000700000008
00000007000000050000000400000005000000030000000700000010000000100000000700000006
00000006000000080000000500000006000000090000000500000006000000100000000800000009
00000010000000090000000600000012000000050000000900000009000000070000000700000008
00000006000000100000000800000009000000050000000700000008000000030000001000000008
00000012000000090000001300000010000000070000001000000010000000050000000600000011
00000009000000090000000600000004000000080000000500000009000000080000001100000006
00000009000000060000000300000018000000070000000800000009000000070000000400000006
00000003000000100000000700000010000000080000000500000011000000050000000500000005
00000009000000100000000800000010000000080000000500000011000000110000000700000010
00000008000000020000000500000011000000070000001100000006000000100000000700000011
00000009000000070000001000000011000000070000000700000005000000050000000800000011
00000005000000080000001200000010000000080000000900000005000000060000000600000005
00000009000000090000000200000006000000080000000800000006000000040000001000000007
00000014000000070000000500000006000000090000000400000003000000090000000700000006
00000005000000060000000500000011000000070000000700000014000000070000000700000008
00000013000000080000000600000006000000060000000500000008000000090000000600000009
00000006000000070000000400000007000000100000000900000005000000070000000700000007
00000009000000100000000700000006000000100000001200000011000000070000001300000006
00000010000000060000000600000005000000040000001100000011000000060000000800000003
00000007000000080000001200000005000000090000000800000006000000100000000800000008
00000012000000030000001100000008000000050000000400000007000000090000000400000012
00000005000000050000000600000011000000060000000800000004000000110000001100000004
00000012000000080000001000000005000000040000000600000008000000070000001400000011
00000009000000060000000400000006000000100000001200000010000000030000000900000011
00000010000000030000000800000003000000090000000400000010000000110000000800000011
00000010000000070000000800000005000000060000000600000004000000110000001000000006
00000009000000040000000900000004000000110000001100000010000000080000000700000010
00000007000000080000000800000009000000040000001200000012000000100000001200000007
00000009000000090000000900000009000000040000001100000006000000040000000700000011
00000008000000070000001600000007000000040000000900000010000000050000001000000011
00000005000000070000000700000008000000050000000700000008000000090000000300000009
00000012000000080000000500000005000000050000000500000011000000110000000700000007
00000006000000040000000600000010000000050000001000000002000000110000001300000008
00000010000000150000001100000008000000100000001000000006000000080000000900000009
00000004000000090000000900000008000000050000000700000008000000160000000700000004
00000007000000100000000500000011000000070000000600000008000000080000001300000005
00000009000000070000001100000011000000070000000900000006000000060000000700000009
00000010000000100000000900000010000000080000001000000017000000050000000500000009
00000010000000070000001300000010000000110000000800000007000000100000001100000005
00000007000000090000000600000008000000080000000300000006000000000000000700000009
00000009000000030000000900000008000000130000000700000008000000090000000400000010
00000015000000130000001100000008000000050000000500000008000000120000001100000006
00000013000000090000001300000008000000070000000900000008000000140000000500000010
00000008000000080000001500000009000000060000000700000011000000050000000600000014
00000008000000090000000900000012000000120000000800000009000000160000000500000008
00000013000000110000000400000007000000050000001300000006000000110000000600000008
00000010000000130000001000000008000000140000001200000010000000090000000900000009
00000013000000150000000800000007000000160000000800000015000000110000001000000008
00000015000000070000001400000007000000120000001000000013000000150000001500000009
00000010000000090000001300000007000000040000000700000011000000150000001100000010
00000011000000080000000800000013000000090000000700000010000000100000001000000008
00000012000000040000001400000011000000060000001000000014000000140000000800000007
00000006000000160000000900000009000000120000001000000008000000180000000700000012
00000012000000100000001000000013000000110000001000000007000000120000001100000008
00000011000000150000001600000008000000110000000500000018000000160000000700000014
00000011000000090000001200000019000000100000001100000014000000050000001700000014
00000010000000120000001400000018000000130000001400000016000000130000001300000007
00000019000000120000001400000012000000120000001400000012000000150000001700000014
00000012000000120000001000000017000000130000001300000014000000120000001500000014
00000017000000160000001000000010000000060000001000000019000000170000001500000014
00000012000000070000001800000009000000210000001600000011000000090000001200000009
00000012000000120000001300000015000000090000001000000018000000110000001700000012
00000012000000150000000700000018000000160000001500000013000000180000001300000010
00000011000000140000001300000019000000100000001500000026000000100000001800000007
00000018000000150000001500000012000000190000001300000010000000180000001500000016
00000014000000240000000800000019000000060000002800000012000000180000001700000011
00000018000000160000001400000013000000210000001000000014000000170000001600000016
00000011000000200000002500000015000000100000001800000015000000180000001800000012
00000016000000180000000800000011000000190000002600000014000000180000002500000019
00000025000000110000001500000016000000140000001800000025000000160000002600000010
00000012000000170000001500000016000000200000001500000021000000240000001600000016
00000017000000150000001600000013000000240000001400000020000000190000002200000019
00000021000000230000002400000019000000240000001900000007000000270000002000000014
00000016000000250000002300000016000000280000001800000018000000140000001600000024
00000020000000210000001800000017000000150000001900000017000000280000002900000024
00000017000000160000002100000020000000200000002300000021000000150000001900000022
00000015000000320000001900000023000000260000002400000015000000270000002300000017
00000022000000210000002800000026000000260000002500000019000000210000001500000023
00000024000000210000001100000017000000270000001700000020000000220000002200000025
00000021000000210000002300000022000000330000002600000026000000220000002300000018
00000011000000270000001800000024000000220000002400000026000000180000002300000019
00000028000000210000001700000038000000310000002500000026000000230000002700000025
00000034000000230000002500000023000000250000002200000016000000290000002100000014
00000031000000270000002500000020000000220000002200000021000000280000003600000031
00000042000000230000002900000029000000270000002300000028000000240000002400000029
00000020000000270000003000000029000000290000002800000034000000300000003400000024
00000028000000360000003100000028000000290000003500000032000000260000002100000026
00000029000000260000002500000018000000280000003600000027000000260000003700000028
00000032000000290000002400000029000000310000003400000019000000270000002100000019
00000024000000420000003100000026000000340000003800000034000000280000003700000025
00000040000000260000002000000019000000280000003000000035000000330000003000000036
00000029000000280000002500000037000000340000002300000017000000320000003500000022
00000026000000310000003500000033000000420000003400000036000000310000003400000032
00000039000000310000003200000048000000280000004100000036000000360000002800000034
00000031000000300000002800000051000000340000003800000032000000270000002700000036
00000026000000300000004000000032000000370000003100000034000000400000004100000040
00000038000000370000003700000033000000480000004600000044000000350000003700000029
00000039000000330000002900000029000000400000003300000036000000260000003300000028
00000045000000270000002700000025000000470000002900000037000000320000003800000031
00000047000000350000003000000039000000410000003800000026000000420000004100000036
00000039000000390000003700000028000000360000003600000049000000490000002800000030
00000040000000250000004300000031000000410000004100000040000000400000004100000038
00000046000000410000003300000045000000340000004500000042000000390000003700000037
00000042000000370000004000000042000000340000003200000040000000450000004100000043
00000039000000400000004200000039000000390000005000000040000000310000002400000050
00000031000000360000003600000031000000400000003900000045000000530000002700000046
00000043000000450000005700000047000000500000005400000041000000410000004100000031
00000039000000460000005700000045000000340000004700000047000000380000003900000036
00000041000000460000004300000041000000420000003500000045000000340000003700000030
00000038000000510000003900000040000000530000004400000045000000410000003800000051
00000044000000580000003000000051000000310000004000000043000000530000003600000044
00000029000000500000005000000040000000460000005000000041000000470000003500000039
00000032000000380000005100000053000000480000005200000041000000490000004300000049
00000064000000490000004300000036000000400000003400000050000000430000004600000055
00000055000000570000004400000034000000340000006200000041000000490000004500000038
00000061000000400000004400000041000000520000003700000049000000470000005600000047
00000051000000450000004200000048000000440000004200000050000000350000005000000055
00000044000000500000005200000058000000350000005300000037000000410000005800000054
00000042000000530000004500000047000000540000005900000054000000530000003900000056
00000036000000620000005600000068000000410000005700000052000000380000004600000044
00000050000000520000005800000044000000490000004900000047000000560000005300000043
00000050000000540000005400000052000000590000005200000053000000510000005900000065
00000046000000500000004200000056000000570000003500000045000000440000005100000041
00000050000000550000005400000054000000430000004800000046000000550000005200000065
00000051000000580000005900000053000000490000005200000054000000520000005500000059
00000071000000460000005200000054000000590000005600000048000000480000005100000053
00000055000000470000006300000060000000560000004700000052000000510000005200000058
00000055000000520000003500000066000000570000006700000046000000570000004700000046
00000054000000520000004300000057000000370000005500000054000000540000006800000054
00000064000000560000005400000063000000500000005900000073000000490000006300000050
00000053000000650000006300000063000000510000005900000059000000590000004900000060
00000063000000650000005900000069000000460000006300000039000000410000005600000059
00000051000000550000004000000055000000520000005300000038000000550000004700000064
00000060000000450000004800000047000000630000006200000049000000600000006100000045
00000044000000550000005700000058000000560000004600000057000000510000006300000043
00000067000000610000005800000066000000560000005800000059000000510000006300000067
00000065000000700000006300000073000000600000005000000049000000590000006900000058
00000060000000480000007100000061000000540000005500000042000000490000006400000071
00000058000000620000005200000058000000490000005500000052000000580000006900000061
00000050000000620000005500000051000000660000006200000048000000510000005500000056
00000063000000560000005500000056000000540000005400000055000000570000005600000051
00000064000000670000005900000065000000550000006400000062000000610000005300000050
00000072000000590000007300000053000000500000004800000066000000660000007300000064
00000067000000530000005400000066000000540000005800000049000000740000006700000074
00000045000000530000006100000073000000510000005900000056000000600000006100000060
00000051000000580000005900000050000000650000006500000056000000580000007000000078
00000059000000560000005900000074000000610000007500000044000000620000005800000053
00000072000000730000004900000078000000710000006200000070000000540000005500000065
00000069000000610000006800000047000000480000006000000056000000620000006700000077
00000050000000600000004900000066000000580000007200000061000000750000006600000067
00000064000000520000007100000071000000680000007100000059000000640000007100000076
00000064000000570000005400000080000000600000006700000063000000660000008300000076
00000059000000730000005800000056000000540000004800000067000000490000005500000061
00000048000000580000006900000065000000590000007200000053000000730000005000000057
00000063000000650000006600000066000000610000005800000065000000680000005100000061
00000063000000580000005900000063000000600000007300000065000000520000007200000060
00000059000000600000007200000059000000630000006000000060000000760000006000000066
00000065000000540000006200000063000000730000007500000075000000650000006900000056
00000055000000590000006500000062000000650000006900000074000000630000005800000078
00000071000000620000005600000065000000500000005500000069000000560000006300000065
00000065000000700000007500000052000000660000006000000068000000570000006700000052
00000062000000620000006800000075000000660000005800000069000000690000007100000061
00000074000000700000006400000067000000440000005400000061000000580000005400000070
00000054000000600000005600000071000000630000006500000075000000530000007100000074
00000075000000770000006000000061000000600000006700000078000000600000007200000049
00000073000000620000005300000054000000760000004900000059000000610000006000000068
00000058000000570000005600000053000000680000006500000062000000590000004600000064
00000056000000480000006600000054000000540000006000000070000000650000007600000050
00000052000000740000005100000072000000800000005500000073000000590000007300000056
00000060000000810000006200000064000000710000005900000059000000600000006100000073
00000065000000490000006500000063000000500000007200000071000000590000006300000071
00000065000000690000006200000057000000640000005800000056000000600000007600000058
00000078000000600000006500000071000000510000007500000067000000680000005500000058
00000059000000690000004700000082000000600000005800000068000000640000006600000082
00000066000000630000007200000070000000530000005200000061000000590000006000000061
00000064000000500000005800000061000000650000005600000057000000630000005800000075
00000049000000670000007700000053000000550000006000000050000000480000005900000058
00000061000000500000005900000057000000570000005500000063000000530000005600000055
00000045000000630000007200000053000000560000006500000055000000520000005200000058
00000060000000430000005600000052000000460000006300000061000000480000004000000053
00000051000000590000005500000059000000560000005300000048000000430000005200000058
00000046000000560000004500000063000000380000005600000047000000680000005600000055
00000062000000710000006900000060000000570000004600000051000000460000004300000045
00000050000000630000004500000056000000600000004500000044000000440000003900000055
00000045000000550000004700000045000000550000004100000044000000600000005000000055
00000052000000510000004300000058000000540000004600000051000000450000004400000046
00000056000000570000005800000042000000450000005400000047000000530000005300000057
00000044000000430000005400000051000000480000004100000041000000380000003900000055
00000051000000440000004000000042000000450000005300000037000000510000004400000054
00000046000000500000004100000037000000500000005000000046000000440000004400000046
00000043000000420000005500000038000000500000005000000038000000520000004600000032
00000050000000450000003800000047000000440000005800000040000000370000003800000042
00000042000000460000004100000048000000510000004000000056000000410000003600000033
00000041000000480000003600000048000000440000004400000030000000270000004100000046
00000042000000500000003900000047000000340000004200000039000000430000003800000042
00000046000000330000003100000028000000430000003400000043000000310000002400000040
00000034000000290000003400000030000000480000004100000035000000320000003200000041
00000029000000420000003000000033000000350000003200000028000000350000003300000039
00000036000000320000002900000032000000390000002900000029000000340000003800000026
00000037000000340000002000000032000000300000002400000029000000370000003200000040
00000025000000370000002700000027000000310000003100000031000000310000003800000023
00000025000000260000002300000024000000280000002800000021000000310000002600000026
00000025000000370000002400000030000000320000002000000026000000200000002300000027
00000023000000260000001700000024000000210000002300000025000000250000002300000021
00000015000000230000001800000024000000220000001900000021000000240000002600000018
00000030000000310000002100000020000000220000001800000019000000260000002400000028
00000016000000280000001100000013000000170000001700000026000000210000002500000014
00000023000000190000002200000019000000120000001400000025000000150000001900000011
00000017000000210000001600000017000000190000001800000020000000210000000800000017
00000015000000120000001700000020000000090000001600000018000000150000001900000015
00000016000000170000002100000018000000130000001300000016000000140000000900000014
00000015000000150000000900000019000000120000001000000014000000160000001700000017
00000019000000190000001500000021000000170000001300000013000000130000001700000013
00000019000000110000002000000012000000140000001000000014000000180000003100000012
00000016000000200000001200000011000000240000001500000017000000110000001900000014
00000020000000170000001100000011000000120000001500000014000000130000001000000012
00000011000000110000002100000018000000210000001900000016000000090000001800000013
00000007000000170000000900000015000000160000001800000013000000160000001300000019
00000021000000160000001700000017000000190000001800000014000000160000001200000014
00000018000000160000001300000009000000130000001500000017000000140000000900000022
00000013000000150000001200000005000000070000001700000012000000120000001200000017
00000015000000110000000900000020000000080000002100000010000000140000001600000020
00000015000000150000001200000013000000120000001000000011000000090000000700000010
00000010000000080000001200000016000000060000001600000012000000090000001600000009
00000008000000110000000700000011000000060000000900000013000000160000001300000011
00000016000000090000000800000011000000060000001300000005000000100000001200000007
00000014000000090000000800000011000000030000000600000010000000090000000300000007
00000003000000040000000600000007000000070000001000000004000000060000000700000010
00000006000000050000000500000007000000110000000900000011000000050000000800000005
00000005000000040000000900000014000000040000001600000014000000080000001500000006
00000011000000050000001100000007000000110000001100000014000000070000000600000010
00000008000000050000000700000007000000130000000900000007000000030000000300000010
00000007000000100000000700000003000000140000000400000007000000090000000700000006
00000006000000070000001100000005000000080000001200000007000000080000001000000004
00000006000000110000000900000005000000070000000600000007000000040000000700000008
00000006000000050000000700000006000000080000000900000009000000060000000600000005
00000006000000050000000300000005000000100000000800000007000000060000000600000008
00000011000000070000000500000009000000060000000600000006000000100000001100000005
00000006000000100000000700000006000000070000000600000007000000090000000600000011
00000009000000120000000600000010000000140000001100000004000000040000000600000003
00000009000000060000000300000013000000060000000500000008000000100000000700000006
00000006000000070000000900000007000000130000001000000007000000060000000900000010
00000006000000090000001000000006000000100000001100000008000000050000000800000007
00000008000000080000000400000015000000090000000600000006000000100000000500000009
00000007000000090000001200000007000000050000001200000010000000090000000600000009
00000004000000040000000700000004000000060000000700000010000000080000001000000007
00000008000000050000001000000010000000150000001000000008000000070000000700000008
00000009000000030000001500000005000000130000000700000008000000050000000900000007
00000007000000050000000800000008000000090000001700000010000000070000000600000008
00000007000000110000000700000008000000100000001100000006000000050000001000000010
00000006000000100000001500000005000000050000001300000006000000070000000300000008
00000005000000110000000700000007000000070000000400000008000000060000000800000007
00000008000000150000000500000003000000100000000100000009000000070000000600000007
00000006000000080000001600000006000000050000001000000008000000090000000600000006
00000010000000050000001100000008000000080000000500000007000000090000000500000007
00000011000000040000001000000012000000080000001100000007000000120000000500000004
00000006000000060000000400000008000000070000000700000005000000100000000600000010
00000006000000070000000800000006000000090000000600000008000000030000000500000007
00000006000000080000000300000006000000060000000700000013000000080000000700000012
00000009000000020000000700000004000000050000000900000001000000070000000800000010
00000004000000060000000900000005000000060000000400000009000000050000000900000006
00000010000000060000000500000010000000070000001100000009000000060000000600000009
00000008000000090000000400000007000000060000000800000007000000070000000800000008
00000009000000100000000600000007000000120000001000000011000000050000000600000006
00000005000000080000001000000009000000080000000600000010000000080000001300000005
00000011000000090000000300000010000000050000001100000006000000120000001200000007
00000011000000100000001200000006000000050000001300000004000000100000000900000006
00000011000000090000001200000021000000110000001400000017000000080000001300000014
00000019000000090000001300000014000000160000001300000022000000150000001600000013
00000009000000140000001600000016000000180000001900000011000000150000001500000024
00000019000000250000002500000025000000140000002300000023000000250000002300000024
00000026000000280000003400000044000000350000004100000059000000630000007600000089
00000076000001510000017500000188000002700000031000000418000005090000059000000734
00000872000010840000125600001412000016310000191000002122000023140000271200002805
00003067000032970000360600003671000037650000389200003829000038190000393900003961
00003916000036460000359600003407000031650000306000002894000025830000238100002207
00002049000019580000164400001555000014260000128400001229000010500000100800000842
00000848000007500000071700000692000006100000057500000503000004530000043300000411
00000412000003370000033600000332000002980000029400000253000002710000020300000194
00000216000001900000015600000129000001770000015500000112000001420000010400000084
00000086000000890000007900000050000000580000005300000041000000320000003500000034
00000030000000320000003400000028000000180000001700000017000000190000001600000011
00000013000000190000001300000020000000090000001200000012000000100000001800000007
00000011000000080000001300000010000000150000000600000015000000090000000700000005
00000008000000130000001100000008000000120000000700000010000000110000001000000008
00000009000000100000001000000011000000050000001400000007000000110000000300000006
00000007000000080000000600000011000000040000000800000005000000070000000700000007
00000016000000120000000900000008000000070000000800000011000000060000000800000013
00000010000000090000000600000007000000070000000700000006000000100000000400000007
00000010000000070000001000000009000000090000000600000013000000100000000800000003
00000012000000060000000600000007000000050000000400000010000000070000001600000006
00000011000000030000001000000004000000110000000800000007000000070000000300000007
00000003000000090000000600000014000000060000000700000006000000120000000600000012
00000011000000060000001200000003000000070000001000000007000000080000000700000008
00000006000000100000001400000010000000070000000900000003000000080000000600000007
00000011000000100000000700000012000000060000000700000009000000050000000900000011
00000013000000130000001100000007000000040000001100000006000000090000000600000011
00000010000000030000001000000003000000060000001500000005000000070000001000000009
00000005000000060000001000000003000000050000000800000005000000050000000500000011
00000007000000090000000900000007000000080000001200000011000000080000001200000002
00000005000000120000000900000004000000050000000800000011000000040000000800000009
00000008000000100000000400000014000000110000000500000004000000070000000300000008
00000010000000070000001200000005000000040000001300000009000000040000000700000006
00000000000000000000000000000000000000000000000000000000000000000000000000000000
00000000000000000000000000000000000000000000000000000000000000000000000000000000
00000000000000000000000000000000000000000000000000000000000000000000000000000000
00000000000000000000000000000000000000000000000000000000000000000000000000000000
00000000000000000000000000000000000000000000000000000000000000000000000000000000
00000000000000000000000000000000000000000000000000000000000000000000000000000000
00000000000000000000000000000000000000000000000000000000000000000000000000000000
00000000000000000000000000000000000000000000000000000000000000000000000000000000
00000000000000000000000000000000000000000000000000000000000000000000000000000000
00000000000000000000000000000000000000000000000000000000000000000000000000000000
00000000000000000000000000000000000000000000000000000000000000000000000000000000
00000000000000000000000000000000000000000000000000000000000000000000000000000000
00000000000000000000000000000000000000000000000000000000000000000000000000000000
00000000000000000000000000000000000000000000000000000000000000000000000000000000
00000000000000000000000000000000000000000000000000000000000000000000000000000000
00000000000000000000000000000000000000000000000000000000000000000000000000000000
00000000000000000000000000000000000000000000000000000000000000000000000000000000
00000000000000000000000000000000000000000000000000000000000000000000000000000000
00000000000000000000000000000000000000000000000000000000000000000000000000000000
00000000000000000000000000000000000000000000000000000000000000000000000000000000
00000000000000000000000000000000000000000000000000000000000000000000000000000000
00000000000000000000000000000000000000000000000000000000000000000000000000000000
00000000000000000000000000000000000000000000000000000000000000000000000000000000
00000000000000000000000000000000000000000000000000000000000000000000000000000000
00000000000000000000000000000000000000000000000000000000000000000000000000000000
000000000000000000000000000000000000000000000000