 0006024 0000053 0000000 0004095 1041018 0055513
00000000000000020000000200000000000000010000000000000002000000000000000000000000
00000002000000000000000100000000000000020000000000000001000000000000000400000005
00000000000000030000000100000000000000010000000000000004000000010000000400000001
00000000000000020000000300000003000000020000000400000002000000020000000000000003
00000001000000000000000000000001000000020000000100000001000000030000000500000002
00000006000000040000000300000003000000050000000500000004000000010000000200000002
00000002000000030000000500000002000000040000000600000002000000040000000200000005
00000004000000070000000400000003000000070000000300000006000000060000000400000002
00000005000000050000000600000003000000070000000900000005000000040000000400000003
00000006000000070000000700000004000000030000001200000009000000060000000900000003
00000009000000070000000400000007000000110000001000000011000000060000000800000004
00000007000000130000001000000008000000070000001200000007000000090000000800000006
00000012000000110000001100000008000000100000001400000011000000110000000800000005
00000013000000100000001000000021000000040000001400000018000000160000001600000012
00000016000000160000001600000021000000150000001900000020000000290000002400000022
00000039000000310000003500000032000000330000003400000049000000540000006500000075
00000067000000780000012200000115000001680000024000000367000005050000071000000906
00001045000012570000140800001621000017160000186700001851000019180000176500001785
00001878000018220000173600001855000017990000170300001755000016950000173500001705
00001748000018370000184900001842000019180000207000002059000020650000210400002179
00002171000021510000218100002114000021350000216900002024000020360000203400002049
00001890000020160000202200002028000019310000205500001994000018790000188900001907
00001924000018420000178100001840000017670000175100001794000017450000169800001699
00001729000016600000175000001652000016570000159900001648000016370000164400001591
00001607000016480000161500001634000016540000148200001590000015140000150900001477
00001571000014920000148800001430000014430000133700001412000014240000147500001435
00001382000013940000136300001321000013780000135100001338000012990000131400001250
00001323000011910000130000001311000013650000130800001371000013630000150700001398
00001433000014490000147800001450000014280000139900001456000014950000151500001387
00001407000014320000141900001410000013800000136900001423000013330000138400001341
00001319000014110000137500001380000013580000140700001327000013560000134700001298
00001382000013070000130900001367000013740000126000001319000013160000128500001401
00001189000013340000129100001238000013670000134800001210000013280000130800001299
00001253000013250000130200001401000013330000138000001395000013560000135100001381
00001387000013970000133800001358000013620000131600001302000013270000138000001281
00001351000012670000136300001409000013280000123400001337000012560000126200001253
00001200000012680000120600001269000012560000132900001258000012030000128200001299
00001239000012360000124500001233000012560000125400001290000011460000121400001180
00001165000011940000117100001161000011770000117700001173000011380000118200001130
00001182000010900000115900001159000011360000110900001150000011060000114200001127
00001114000011010000105000001073000010680000111000001043000011220000106100001017
00001065000010740000109000001062000010750000100600001012000010420000104800001060
00000972000010020000102600000986000009840000099800000987000009740000094600000969
00000978000009030000098200000925000009760000087000000926000008960000090500000905
00000941000009130000091300000856000009170000089600000878000008790000083700000932
00000897000008930000085600000851000008670000089100000819000008470000081900000836
00000830000008230000082100000877000008550000087400000831000008310000080200000805
00000841000008490000075000000824000007550000080900000796000008110000077900000794
00000798000007810000081600000752000008060000078700000790000007820000076700000749
00000741000007510000076800000764000007760000076900000728000007630000075100000700
00000813000007530000074900000769000007550000076200000695000007770000074600000725
00000743000007220000068800000717000007050000076900000709000007670000072600000749
00000719000007140000073000000703000007110000069900000665000007070000071400000748
00000751000007050000071700000687000007420000073900000670000007200000069200000733
00000718000006680000070800000694000006100000068300000673000006570000065100000734
00000712000007360000067600000682000006610000067400000700000006750000064900000669
00000653000007310000067100000702000005990000063900000654000006920000067600000615
00000721000006540000062600000667000006780000067800000654000006610000066100000652
00000681000006490000065000000642000006910000069400000646000006880000064400000654
00000624000006310000064600000629000006890000068700000630000006660000066000000626
00000660000006460000061200000630000006490000063400000622000006730000061000000608
00000663000006770000065000000639000006920000061800000586000006790000064300000637
00000680000006670000065300000625000006550000065200000659000006600000066300000645
00000634000006320000066800000672000006280000064100000646000006260000061300000653
00000624000006410000061000000626000006170000063100000630000006130000062300000581
00000603000006140000061700000597000006150000062000000618000006050000059000000583
00000571000005910000057300000560000005620000057400000584000005510000057300000551
00000540000005690000057400000553000005600000053700000530000005410000054200000545
00000544000005160000051700000533000005270000050700000537000005090000050900000490
00000503000004720000048600000516000005060000045800000442000004790000045300000482
00000442000004330000043800000469000004490000048700000455000004350000044200000462
00000418000004480000047200000449000004400000042000000407000004330000042300000448
00000398000004420000046700000440000004070000040800000404000004040000041900000408
00000410000003900000044400000429000003750000036200000391000003900000040800000376
00000393000003470000040300000350000003730000036900000325000003650000039200000345
00000368000003460000035400000342000003430000035800000322000003850000035400000341
00000312000003320000032000000321000003370000031300000300000003130000028500000321
00000332000003080000031600000300000002910000029700000308000002430000031800000266
00000285000002870000028200000292000002470000028300000273000002940000026600000286
00000310000002860000025300000266000002600000024600000271000002560000028700000245
00000259000003170000022000000272000002660000026700000251000002630000027100000234
00000257000002380000027000000267000002520000023900000280000002330000025000000272
00000237000002230000023400000241000002700000024800000219000002560000023400000219
00000221000002270000024300000279000002080000023600000232000002200000021800000260
00000229000002120000024200000217000002230000023900000219000002170000020600000220
00000212000002110000020800000232000002170000022000000187000002460000022300000237
00000238000002580000021100000224000002080000019900000222000001970000020900000218
00000196000002110000022400000218000002110000020600000212000002230000019500000190
00000220000002120000021600000208000002270000022200000222000002360000019000000181
00000196000002040000021200000213000002160000019700000216000001910000020600000224
00000181000001840000019900000204000002030000020800000188000001850000019800000196
00000192000001860000021900000206000002360000017000000207000001910000019600000193
00000195000002050000018300000203000001750000018700000202000001660000022500000181
00000182000001880000019700000207000001750000019600000195000001910000019600000194
00000200000001850000020700000195000001960000018500000190000001820000017000000198
00000177000001590000019500000184000001920000016700000170000001730000019600000218
00000190000001820000019700000173000001870000017300000184000001830000015200000159
00000193000001760000017200000177000001780000016900000168000001550000018300000181
00000156000001920000016000000181000001780000016700000173000001860000016000000188
00000159000001990000018600000191000002010000018600000186000001920000017400000152
00000183000001600000016400000175000001790000015700000166000001860000019400000177
00000178000001640000015300000163000001710000018900000190000001640000015900000177
00000181000001700000016500000150000001760000015900000174000001510000016900000177
00000177000001780000015900000150000001590000017600000175000001530000016900000159
00000168000001590000015700000145000001650000017300000163000001420000015900000156
00000161000001670000016900000168000001680000017300000155000001730000016300000148
00000147000001840000015600000175000001570000016000000167000001550000017200000174
00000133000001690000015800000180000001600000013900000155000001440000017100000136
00000164000001500000015100000153000001400000014600000146000001500000013400000147
00000146000001300000015100000148000001660000012900000143000001570000014800000147
00000136000001780000015600000138000001320000015200000116000001470000013500000155
00000157000001490000016900000151000001720000016500000159000001910000015100000159
00000143000001590000014200000163000001310000015000000157000001620000015100000153
00000139000001560000014300000147000001350000015600000143000001580000015200000135
00000123000001490000013600000145000001330000014600000177000001450000013500000164
00000148000001380000014700000136000001710000015900000150000001480000014900000141
00000149000001310000011800000131000001270000015300000141000001480000012200000128
00000110000001520000013700000134000001460000015100000137000001640000012700000149
00000143000001420000013500000148000001440000013500000125000001360000013200000137
00000137000001300000013000000135000001360000014400000131000001410000015500000126
00000135000001290000011300000128000001220000013900000125000001300000014100000121
00000145000001360000012300000161000001130000013200000126000001260000013600000147
00000127000001510000014900000140000001350000013600000121000001450000012800000123
00000151000001180000013100000118000001300000013700000115000001280000011100000109
00000131000001060000013000000106000001320000010600000119000001310000014000000117
00000120000001240000010300000117000001320000013800000155000001150000012400000116
00000129000001450000011800000133000001190000010500000130000001110000012800000100
00000121000001180000010900000137000001170000011400000136000001060000009300000112
00000107000000980000014300000096000001270000010000000119000001080000012200000108
00000127000000960000012000000113000001090000011900000110000001180000010000000135
00000125000001110000009800000093000001080000010900000100000001080000009000000114
00000107000001030000013400000097000001050000010400000102000000910000010800000107
00000084000001120000011700000108000001060000011500000095000000780000008600000115
00000109000000870000010100000127000001120000009800000106000001090000009900000090
00000106000001010000008300000090000001020000010400000092000001140000011100000107
00000122000000900000010500000118000001060000009000000095000000830000009800000088
00000107000000790000010200000088000000840000007500000095000000790000009300000112
00000096000000940000009900000084000000830000009500000091000000830000007200000108
00000099000000800000009600000095000001190000009300000079000000790000008000000072
00000103000000890000009400000077000000980000009000000105000000970000009900000098
00000082000000780000009100000113000000890000009800000093000000720000008700000096
00000091000000990000009500000075000000870000008500000069000000840000007900000086
00000087000000770000007700000085000000730000007500000061000000850000007600000080
00000077000000720000007900000084000000520000008500000075000000720000008500000071
00000085000000740000009300000070000000700000007500000081000000790000007600000070
00000078000000700000006500000080000000850000008900000079000000860000007900000080
00000068000000680000006300000066000000720000007700000061000000750000007400000068
00000087000000700000007600000084000000900000006500000056000000670000006400000069
00000071000000750000007600000076000000740000006800000062000000680000007000000069
00000077000000650000006800000057000000690000007100000075000000740000007400000070
00000067000000650000006500000074000000650000006300000059000000620000007200000068
00000072000000800000006500000066000000590000007000000073000000700000007500000057
00000067000000560000006400000073000000660000008100000081000000750000007100000077
00000074000000550000006200000067000000660000007700000075000000700000006500000061
00000063000000520000006700000076000000570000005600000062000000720000007300000061
00000051000000640000007700000069000000500000006600000073000000540000006600000068
00000064000000670000006800000049000000780000006100000070000000520000005700000054
00000061000000760000004800000049000000700000006500000064000000570000005800000055
00000053000000590000006300000060000000580000005200000052000000680000006400000051
00000043000000720000005500000061000000430000005700000065000000670000005400000056
00000051000000500000005600000070000000560000006800000050000000660000005000000047
00000055000000550000005300000050000000570000005600000053000000470000004700000063
00000048000000590000004700000045000000560000005600000042000000430000004900000044
00000050000000520000005100000062000000690000006500000039000000370000005800000048
00000048000000520000005500000048000000420000005700000039000000430000005700000039
00000047000000400000004400000042000000480000005400000047000000460000004300000045
00000036000000600000005200000047000000600000004900000045000000420000004800000046
00000042000000380000005000000050000000520000005100000050000000440000005000000044
00000041000000570000004100000038000000470000004600000038000000350000005700000044
00000038000000460000004800000040000000540000004700000041000000350000004100000058
00000048000000480000003900000051000000570000003200000037000000510000003600000043
00000048000000440000003800000046000000520000003600000045000000500000002900000061
00000038000000350000004000000047000000320000004300000048000000390000004200000045
00000038000000400000004000000055000000500000003200000032000000360000003100000025
00000043000000420000004400000041000000360000003500000043000000320000003000000037
00000034000000510000003300000028000000430000003400000033000000420000003500000032
00000028000000410000003800000038000000450000003300000043000000390000003100000037
00000036000000380000003800000043000000430000003500000033000000320000004500000044
00000035000000390000003000000028000000380000003100000042000000240000003400000044
00000036000000280000003600000036000000400000004200000035000000400000002900000029
00000040000000290000003500000037000000380000004200000034000000370000003200000032
00000035000000380000003700000039000000370000003100000034000000270000002900000033
00000026000000350000002300000025000000260000003400000039000000330000002800000032
00000040000000350000004100000029000000300000004500000038000000340000002600000036
00000028000000320000003200000030000000300000002200000029000000260000003200000027
00000034000000320000003100000033000000300000002900000032000000240000003100000022
00000039000000300000003500000029000000300000002300000031000000200000003000000025
00000041000000230000003100000028000000360000002700000031000000320000002400000019
00000023000000260000003000000029000000300000002700000020000000290000002300000032
00000022000000290000001900000032000000280000002200000023000000310000002500000027
00000026000000300000001400000028000000230000002200000029000000310000003200000020
00000022000000200000003100000026000000280000003400000026000000210000002700000018
00000019000000150000002200000032000000350000002200000026000000250000001800000022
00000020000000270000002100000017000000270000001800000026000000300000002700000025
00000025000000280000002500000019000000200000002600000014000000250000002700000020
00000023000000250000002900000017000000210000002100000021000000250000002200000027
00000026000000180000001400000013000000230000001300000021000000190000002300000032
00000023000000280000002400000016000000170000002500000024000000180000002500000027
00000016000000200000002400000019000000290000002800000022000000200000002900000012
00000025000000180000002300000024000000240000001900000016000000200000002700000017
00000014000000260000002000000019000000130000002400000019000000120000002300000017
00000014000000240000001900000018000000150000001400000014000000140000002100000025
00000026000000170000001700000012000000200000001500000024000000190000002600000018
00000018000000160000002200000011000000130000001400000017000000240000001400000019
00000015000000150000002000000017000000170000001400000017000000170000001300000014
00000019000000130000001300000019000000140000002200000015000000180000001100000010
00000011000000200000001100000017000000240000001600000012000000210000001100000020
00000012000000170000001900000012000000070000002100000020000000120000001600000017
00000015000000090000001300000020000000170000001200000013000000080000001700000026
00000020000000120000001600000017000000150000001000000015000000150000001600000015
00000011000000140000002700000021000000160000001700000015000000230000001800000011
00000017000000160000001200000011000000120000002100000018000000090000001300000013
00000013000000100000001000000014000000130000002300000017000000120000001600000016
00000013000000130000001200000016000000190000001000000021000000110000001500000015
00000015000000140000000900000014000000200000001800000014000000050000001300000014
00000014000000160000001800000008000000060000001400000013000000100000000600000011
00000014000000120000002200000009000000130000001400000014000000180000001200000012
00000013000000150000001200000017000000080000001400000012000000110000001600000012
00000009000000120000001400000018000000090000001100000015000000110000001200000012
00000015000000200000001300000005000000050000002500000011000000150000000700000013
00000004000000190000001300000012000000070000001100000014000000060000001100000010
00000017000000150000001200000007000000140000001100000015000000160000000700000006
00000012000000080000001200000009000000090000000700000008000000160000000800000011
00000011000000160000001200000006000000090000001100000013000000110000001300000009
00000013000000070000000700000010000000070000000700000020000000080000001200000010
00000010000000090000000900000007000000090000001500000012000000100000001500000010
00000006000000140000001100000008000000070000000800000010000000140000001300000007
00000011000000130000000800000012000000140000001200000008000000080000001000000011
00000009000000100000000700000015000000130000000800000010000000080000000700000003
00000007000000120000001100000015000000050000000800000006000000100000000700000007
00000010000000130000000400000009000000070000001100000013000000060000000800000007
00000006000000040000001100000008000000130000000600000006000000110000001100000010
00000008000000100000000800000004000000090000000700000008000000080000000700000006
00000011000000070000000800000011000000050000000500000006000000080000000800000013
00000011000000050000000600000003000000070000000600000005000000050000000600000006
00000008000000100000000500000008000000090000000500000003000000100000000800000003
00000003000000110000000600000006000000060000000800000008000000080000000600000011
00000009000000040000000800000008000000050000000700000005000000040000000900000006
00000007000000070000000400000004000000080000000700000005000000070000001000000006
00000011000000080000000500000009000000090000000300000010000000000000000400000009
00000004000000050000000400000008000000090000000600000003000000060000000700000009
00000003000000110000000200000001000000030000000700000001000000090000000800000003
00000013000000100000000500000006000000060000001100000006000000080000000800000005
00000007000000040000000600000007000000080000001000000006000000050000000300000006
00000008000000050000000800000004000000060000000700000005000000050000000800000008
00000001000000060000000600000008000000070000000600000009000000050000000700000004
00000001000000020000000300000007000000080000000700000004000000040000000600000006
00000009000000040000000300000003000000040000000500000010000000040000000300000003
00000006000000060000000700000007000000070000000300000002000000010000000300000009
00000009000000040000000300000005000000060000000700000009000000020000000600000005
00000005000000010000000400000007000000050000000700000003000000030000000500000006
00000007000000080000000700000003000000030000000700000002000000090000000700000003
00000003000000010000000200000008000000060000000300000001000000060000000400000002
00000002000000050000000600000006000000030000000400000000000000030000000100000005
00000004000000040000000700000003000000020000000600000000000000050000000000000001
00000001000000030000000200000002000000040000000100000004000000040000000500000009
00000003000000020000000400000002000000010000000800000003000000030000000400000003
00000001000000030000000200000005000000010000000500000004000000050000000300000004
00000003000000020000000200000001000000020000000500000001000000030000000100000001
00000002000000070000000200000005000000040000000400000001000000040000000200000003
00000001000000030000000300000000000000030000000400000002000000030000000300000002
00000005000000020000000400000004000000010000000500000002000000040000000300000003
00000001000000080000000200000002000000040000000500000003000000040000000400000001
00000004000000030000000500000004000000020000000200000003000000040000000200000002
00000000000000030000000600000003000000030000000500000007000000060000000200000003
00000002000000020000000400000007000000020000000300000000000000010000000100000004
00000005000000010000000100000003000000030000000100000005000000000000000000000002
00000004000000040000000300000001000000010000000000000002000000040000000300000004
00000000000000010000000200000001000000030000000400000001000000010000000500000005
00000001000000020000000200000001000000000000000100000002000000040000000200000004
00000001000000010000000300000004000000010000000100000007000000000000000300000005
00000000000000030000000500000002000000040000000200000002000000010000000200000002
00000002000000020000000400000002000000030000000000000002000000000000000300000002
00000003000000030000000200000000000000010000000100000004000000000000000000000002
00000005000000030000000400000000000000010000000100000001000000020000000100000002
00000002000000030000000100000002000000000000000400000002000000030000000100000002
00000002000000020000000100000004000000030000000100000001000000030000000400000001
00000002000000020000000000000001000000020000000300000002000000000000000100000001
00000003000000020000000100000002000000010000000200000000000000020000000200000000
00000002000000000000000000000001000000000000000000000001000000010000000400000002
00000003000000010000000100000003000000000000000300000001000000030000000000000001
00000000000000030000000000000000000000010000000300000001000000010000000100000001
00000001000000010000000300000002000000000000000500000002000000000000000100000001
00000001000000020000000100000000000000010000000200000003000000030000000100000001
00000002000000020000000200000002000000000000000100000002000000010000000000000003
00000002000000020000000300000002000000030000000100000001000000010000000000000002
00000003000000010000000000000000000000040000000200000000000000030000000100000001
00000004000000020000000100000001000000010000000200000002000000020000000200000003
00000002000000020000000100000001000000010000000200000002000000020000000300000000
00000001000000000000000000000000000000020000000000000001000000020000000000000001
00000000000000010000000200000003000000030000000200000001000000010000000500000003
00000001000000010000000000000000000000000000000000000002000000010000000100000000
00000000000000000000000200000003000000020000000200000001000000030000000200000001
00000000000000030000000200000001000000040000000000000000000000010000000100000002
00000001000000000000000100000000000000000000000200000002000000010000000000000002
00000001000000020000000000000001000000000000000200000000000000000000000100000000
00000001000000000000000200000003000000030000000000000001000000010000000100000002
00000001000000010000000100000000000000020000000000000002000000020000000500000000
00000001000000000000000000000001000000020000000100000000000000010000000000000001
00000001000000010000000100000001000000020000000000000001000000000000000300000000
00000000000000000000000100000001000000010000000200000002000000010000000200000000
00000000000000010000000100000002000000010000000300000002000000010000000100000001
00000001000000000000000100000001000000000000000000000000000000010000000000000000
00000001000000020000000000000000000000000000000000000002000000000000000100000001
00000001000000020000000000000001000000010000000200000000000000000000000000000002
00000001000000000000000200000000000000000000000200000001000000000000000100000001
00000000000000040000000000000001000000000000000100000002000000020000000100000001
00000001000000010000000000000001000000000000000000000002000000000000000100000001
00000000000000000000000100000001000000000000000000000000000000000000000100000000
00000000000000000000000000000000000000010000000100000000000000020000000100000000
00000000000000000000000000000000000000000000000200000002000000000000000200000000
00000001000000000000000000000000000000010000000100000001000000000000000100000000
00000000000000000000000000000001000000000000000100000000000000000000000000000000
00000000000000000000000000000000000000000000000000000000000000000000000100000001
00000001000000000000000000000003000000030000000200000000000000010000000000000000
00000000000000020000000100000001000000000000000000000001000000020000000100000000
00000000000000020000000000000000000000020000000000000002000000000000000100000001
00000000000000000000000200000000000000000000000000000000000000000000000100000000
00000001000000000000000100000000000000010000000000000000000000000000000100000002
00000002000000000000000100000000000000000000000000000000000000010000000100000000
00000000000000020000000000000000000000010000000000000001000000020000000100000000
00000000000000000000000000000000000000000000000000000000000000010000000000000000
00000000000000000000000100000000000000000000000000000000000000000000000000000000
00000000000000000000000100000001000000000000000100000000000000020000000000000000
00000000000000000000000000000000000000000000000000000001000000000000000100000000
00000000000000000000000100000001000000000000000000000000000000000000000000000001
00000000000000000000000000000000000000000000000000000000000000010000000000000000
00000000000000000000000000000001000000000000000000000000000000000000000000000000
00000001000000010000000000000000000000000000000000000000000000000000000000000000
00000000000000000000000000000000000000000000000000000000000000000000000100000000
00000000000000000000000000000000000000000000000000000001000000000000000000000000
00000000000000000000000000000000000000010000000000000000000000000000000000000001
00000000000000000000000000000000000000010000000000000000000000010000000000000000
00000000000000000000000000000001000000000000000000000000000000010000000000000000
00000000000000000000000000000001000000000000000000000000000000000000000000000000
00000000000000000000000000000000000000000000000100000001000000000000000000000001
00000000000000000000000000000001000000000000000000000000000000000000000000000000
00000000000000000000000100000000000000000000000000000000000000010000000000000000
00000001000000000000000100000000000000000000000000000000000000000000000000000000
00000000000000000000000000000000000000000000000000000001000000000000000000000000
00000000000000000000000100000000000000010000000000000001000000000000000000000000
00000002000000000000000000000000000000000000000000000000000000000000000000000000
00000000000000000000000000000000000000000000000000000001000000020000000000000000
00000000000000000000000000000000000000000000000000000000000000000000000000000000
00000000000000000000000000000001000000000000000000000000000000000000000000000000
00000000000000000000000000000000000000000000000000000000000000000000000000000000
00000001000000010000000000000000000000000000000000000001000000000000000000000000
00000000000000020000000100000001000000010000000100000000000000000000000000000000
00000000000000000000000000000000000000010000000100000000000000010000000000000000
00000000000000000000000100000001000000000000000000000001000000000000000200000002
00000002000000000000000000000002000000020000000000000002000000000000000200000000
00000001000000020000000000000000000000000000000000000000000000000000000100000000
00000000000000030000000000000001000000020000000100000000000000000000000000000000
00000000000000000000000000000000000000000000000000000000000000000000000000000000
00000000000000000000000000000000000000000000000000000000000000000000000000000001
00000000000000010000000000000000000000000000000000000000000000000000000000000000
00000000000000000000000000000000000000000000000000000000000000000000000000000000
00000000000000000000000000000000000000000000000000000001000000000000000000000001
00000000000000010000000000000000000000000000000000000000000000000000000000000001
00000001000000000000000100000001000000000000000000000001000000000000000100000000
00000000000000000000000100000001000000000000000000000000000000000000000000000000
00000000000000000000000000000000000000000000000000000000000000000000000000000000
00000000000000000000000000000000000000000000000000000000000000000000000000000000
00000000000000000000000000000000000000000000000000000000000000000000000000000000
00000000000000000000000000000000000000000000000000000000000000000000000000000000
00000000000000000000000000000000000000000000000000000000000000000000000000000000
00000000000000000000000000000000000000000000000000000000000000000000000000000000
00000000000000000000000000000000000000000000000000000000000000000000000000000000
00000000000000000000000000000000000000000000000000000000000000000000000000000000
00000000000000000000000000000000000000000000000000000000000000000000000000000000
00000000000000000000000000000000000000000000000000000000000000000000000000000000
00000000000000000000000000000000000000000000000000000000000000000000000000000000
00000000000000000000000000000000000000000000000000000000000000000000000000000000
00000000000000000000000000000000000000000000000000000000000000000000000000000000
00000000000000000000000000000000000000000000000000000000000000000000000000000000
00000000000000000000000000000000000000000000000000000000000000000000000000000000
00000000000000000000000000000000000000000000000000000000000000000000000000000000
00000000000000000000000000000000000000000000000000000000000000000000000000000000
00000000000000000000000000000000000000000000000000000000000000000000000000000000
00000000000000000000000000000000000000000000000000000000000000000000000000000000
00000000000000000000000000000000000000000000000000000000000000000000000000000000
00000000000000000000000000000000000000000000000000000000000000000000000000000000
00000000000000000000000000000000000000000000000000000000000000000000000000000000
00000000000000000000000000000000000000000000000000000000000000000000000000000000
00000000000000000000000000000000000000000000000000000000000000000000000000000000
00000000000000000000000000000000000000000000000000000000000000000000000000000000
00000000000000000000000000000000000000000000000000000000000000000000000000000000
00000000000000000000000000000000000000000000000000000000000000000000000000000000
00000000000000000000000000000000000000000000000000000000000000000000000000000000
00000000000000000000000000000000000000000000000000000000000000000000000000000000
00000000000000000000000000000000000000000000000000000000000000000000000000000000
00000000000000000000000000000000000000000000000000000000000000000000000000000000
00000000000000000000000000000000000000000000000000000000000000000000000000000000
00000000000000000000000000000000000000000000000000000000000000000000000000000000
00000000000000000000000000000000000000000000000000000000000000000000000000000000
00000000000000000000000000000000000000000000000000000000000000000000000000000000
00000000000000000000000000000000000000000000000000000000000000000000000000000000
00000000000000000000000000000000000000000000000000000000000000000000000000000000
00000000000000000000000000000000000000000000000000000000000000000000000000000000
00000000000000000000000000000000000000000000000000000000000000000000000000000000
00000000000000000000000000000000000000000000000000000000000000000000000000000000
00000000000000000000000000000000000000000000000000000000000000000000000000000000
00000000000000000000000000000000000000000000000000000000000000000000000000000000
00000000000000000000000000000000000000000000000000000000000000000000000000000000
00000000000000000000000000000000000000000000000000000000000000000000000000000000
00000000000000000000000000000000000000000000000000000000000000000000000000000000
00000000000000000000000000000000000000000000000000000000000000000000000000000000
00000000000000000000000000000000000000000000000000000000000000000000000000000000
00000000000000000000000000000000000000000000000000000000000000000000000000000000
000000000000000000000000000000000000000000000000