 0006024 0000020 0000000 0004095 1041018 0055513
00000000000000000000000000000000000000010000000000000000000000000000000000000000
00000000000000000000000100000000000000010000000000000000000000000000000000000000
00000000000000010000000000000000000000000000000000000002000000000000000100000000
00000000000000000000000100000001000000000000000200000001000000020000000000000002
00000000000000000000000000000001000000000000000000000001000000010000000300000000
00000002000000020000000100000000000000010000000400000002000000000000000000000000
00000000000000020000000200000002000000020000000100000001000000000000000000000000
00000002000000030000000100000001000000040000000200000002000000030000000100000000
00000002000000020000000100000001000000010000000400000001000000020000000300000002
00000005000000030000000100000001000000010000000300000003000000010000000300000000
00000004000000010000000100000003000000040000000100000005000000010000000300000000
00000002000000070000000300000003000000040000000300000001000000060000000300000002
00000003000000020000000200000003000000020000000600000004000000040000000300000003
00000004000000040000000100000007000000000000000600000004000000080000000600000006
00000006000000100000000700000009000000030000000700000008000000100000000900000007
00000018000000110000001600000010000000120000001500000023000000240000002000000035
00000031000000270000005000000048000000800000009400000166000002230000035200000403
00000500000006050000065800000809000008090000089900000916000009270000087700000863
00000880000008360000081000000908000008650000080400000796000007770000078300000778
00000811000008070000076700000767000007210000078900000685000006920000073000000734
00000702000006800000068900000695000006690000069100000625000006240000062200000664
00000609000006250000063900000667000006070000062100000646000006010000060700000609
00000586000005640000056500000594000005640000054500000579000005610000052800000523
00000553000005390000050000000527000005200000047800000524000005060000051300000465
00000482000004840000045900000493000005050000045800000457000004450000044000000456
00000470000004590000046800000416000004510000036400000409000004280000045100000459
00000412000004430000041600000401000004470000043300000364000003680000037800000339
00000398000003470000039200000378000003890000039300000392000003430000040600000366
00000366000003360000033600000348000003350000032500000334000003600000037000000301
00000352000003400000035300000346000003410000033500000310000003050000034500000336
00000321000003310000032300000328000003490000032200000349000003110000034600000324
00000303000002940000028500000307000003430000029900000305000003590000028800000324
00000281000003080000030700000279000002970000029300000261000002880000030500000287
00000277000002830000030200000288000003030000028200000296000002850000030600000279
00000303000003030000029100000284000002890000025900000269000002890000029400000250
00000296000002530000028200000309000002600000025800000282000002780000028500000259
00000257000003020000024800000272000002700000030000000290000002510000028100000284
00000271000002890000027700000270000002780000027400000279000002550000027800000243
00000233000002710000026800000229000002410000027300000289000002530000024500000242
00000242000002390000023700000252000002440000024300000245000002220000022300000240
00000253000002350000020900000223000002320000022700000234000002630000020900000201
00000215000002420000023200000232000002470000022100000220000002440000024400000220
00000191000002360000021900000194000001860000021500000210000002220000018700000218
00000210000001940000020500000195000002310000018000000197000001950000022000000197
00000214000002060000020700000185000001830000018800000209000002100000017000000207
00000201000002050000019000000187000001800000019300000192000001880000021000000204
00000178000001920000020000000208000002230000019400000195000001600000018900000194
00000192000001940000016200000205000001540000017000000175000002250000019000000167
00000192000001780000018400000196000001950000019100000177000002140000018600000183
00000180000002010000018000000184000001930000020100000177000002100000018600000187
00000201000002050000019200000184000002060000020000000175000001870000016400000193
00000188000001780000017600000177000001760000019300000187000002090000019700000180
00000183000001710000017200000181000001900000019600000156000001850000019000000205
00000193000001940000017200000179000001950000019100000162000001830000019000000204
00000183000001620000017900000183000001710000015000000188000001630000016400000190
00000201000002170000017900000177000001780000018400000192000001990000015700000172
00000190000002110000016600000208000001440000016900000175000001950000020200000192
00000203000001890000017100000191000001890000017600000196000001860000018900000197
00000203000001780000017800000183000002020000020300000168000001910000017500000182
00000194000001950000021000000194000002250000018900000207000002060000020100000193
00000204000001890000017800000192000002030000019700000186000002090000019200000178
00000203000002210000021400000192000002150000020000000190000002270000018100000213
00000202000002190000020100000197000002040000019500000202000002220000020800000209
00000202000002090000019800000176000002010000019800000184000001710000019900000228
00000203000002160000017500000171000001980000020500000206000001940000020600000170
00000175000001740000019500000159000001930000018400000165000001600000017100000167
00000165000001710000016600000144000001670000015700000164000001440000017000000168
00000150000001370000016700000149000001570000011800000122000001380000014200000138
00000135000001480000012400000136000001300000013300000128000001110000013800000131
00000105000001000000011600000106000001320000010000000105000000950000010500000092
00000101000000990000010600000118000001190000010800000102000000990000009200000084
00000092000001000000010200000089000000850000009400000091000001000000008700000090
00000074000000880000008500000077000000820000007900000069000000910000009200000067
00000073000000850000011200000075000000630000006000000074000000910000008000000060
00000080000000800000008300000077000000670000009400000062000000760000008100000079
00000079000000720000008000000068000000770000007600000060000000690000007300000070
00000072000000720000007200000075000000800000008000000071000000770000006800000075
00000087000000860000006200000065000000630000007400000073000000610000007000000045
00000086000000860000006300000071000000790000006200000059000000660000007000000062
00000069000000810000005800000068000000780000006100000072000000600000006100000063
00000069000000630000005800000053000000660000006500000060000000690000008100000050
00000078000000600000007800000064000000650000006800000075000000560000005200000077
00000054000000600000006800000050000000710000005700000064000000720000006000000051
00000066000000640000005900000080000000510000006200000058000000590000005200000065
00000062000000430000006100000057000000690000006300000059000000520000005400000055
00000045000000610000005700000062000000700000004900000049000000560000005900000063
00000055000000800000004800000061000000610000004500000060000000490000006000000059
00000032000000650000006200000059000000560000004700000054000000580000004600000047
00000055000000560000005800000047000000570000005400000054000000660000004600000050
00000049000000520000005800000047000000580000004500000063000000610000005000000048
00000052000000430000005200000052000000370000005300000044000000460000005500000051
00000050000000540000004900000049000000620000002700000051000000520000005000000047
00000055000000570000004200000053000000370000004100000055000000400000005400000043
00000051000000490000005500000058000000540000005400000061000000540000005400000041
00000060000000500000005100000049000000530000005300000050000000550000005100000054
00000047000000350000005600000056000000460000005100000040000000460000005400000054
00000055000000610000005400000043000000450000003700000051000000510000004000000037
00000061000000540000004700000044000000450000003700000040000000410000004900000054
00000039000000500000003600000050000000410000004700000055000000550000003700000051
00000046000000430000006000000052000000500000004700000052000000510000004500000039
00000055000000430000003200000040000000500000004300000035000000480000004800000041
00000051000000420000004100000048000000420000004500000032000000480000004700000039
00000045000000380000004400000045000000510000004300000043000000430000004800000045
00000051000000480000004900000043000000430000005900000041000000390000004500000036
00000041000000500000004500000037000000420000004500000045000000410000002800000038
00000042000000380000004600000059000000340000004400000045000000340000003100000042
00000043000000420000004200000046000000320000004000000046000000400000005000000046
00000032000000520000004400000041000000370000003000000040000000390000004600000039
00000046000000330000004400000042000000360000003400000042000000340000003600000036
00000039000000290000003300000033000000420000003200000034000000440000003600000041
00000031000000390000003800000032000000280000004500000031000000540000003500000036
00000037000000270000004400000026000000460000004400000036000000500000003900000035
00000036000000400000003500000042000000300000004400000037000000410000004200000031
00000036000000390000004200000037000000420000004300000043000000250000003300000030
00000043000000440000003300000034000000440000003000000043000000420000002800000037
00000040000000320000003100000033000000450000004000000030000000420000004800000032
00000044000000340000003100000039000000320000003600000039000000320000003600000035
00000032000000410000003200000029000000360000004600000033000000340000003300000042
00000035000000400000003300000035000000410000003900000041000000270000004300000032
00000036000000440000003300000038000000330000003700000038000000350000003900000033
00000032000000280000003200000035000000340000004000000032000000340000003300000034
00000042000000390000003200000042000000270000003400000033000000240000003400000033
00000033000000370000003900000032000000370000003200000037000000290000002500000034
00000046000000220000003300000043000000410000003700000040000000330000003000000027
00000025000000270000003800000023000000280000002300000033000000420000004500000040
00000032000000260000003800000035000000370000002900000038000000290000004300000033
00000029000000360000003200000036000000270000002800000034000000280000003100000027
00000031000000330000003200000041000000390000003400000040000000320000002400000037
00000033000000300000004300000028000000250000003200000036000000270000004300000035
00000038000000250000003500000031000000310000003500000035000000310000003200000039
00000040000000270000002800000025000000240000003100000028000000260000002100000030
00000037000000270000004000000026000000280000002500000031000000320000003200000040
00000029000000330000003700000026000000300000003200000029000000230000002400000028
00000028000000310000002800000042000000340000002300000039000000300000002400000024
00000026000000310000002500000029000000310000003000000027000000250000003700000034
00000039000000180000003700000031000000280000003400000029000000310000002800000024
00000032000000220000003000000026000000190000002300000026000000190000003500000035
00000025000000330000002800000022000000240000002700000028000000200000002300000037
00000027000000200000002100000021000000330000002600000028000000190000002300000027
00000026000000340000003100000017000000320000003100000034000000310000002800000030
00000026000000210000002600000032000000280000002700000020000000210000002900000028
00000030000000280000003000000017000000310000002700000022000000280000002500000025
00000028000000210000002500000028000000250000002400000015000000240000002500000027
00000021000000180000003200000028000000120000002500000025000000250000002700000026
00000022000000200000002800000016000000230000002000000025000000240000001700000021
00000022000000250000001900000023000000240000003700000029000000260000002600000028
00000020000000240000002200000028000000310000002300000016000000290000002900000022
00000031000000270000002000000026000000350000002500000020000000300000002300000019
00000024000000220000002300000025000000250000002200000019000000220000002500000015
00000030000000200000001900000021000000220000002500000025000000160000002800000023
00000018000000190000001500000022000000180000002100000018000000230000002900000020
00000022000000270000002300000030000000230000001900000024000000280000002600000017
00000022000000170000002300000025000000210000002500000030000000260000002800000028
00000027000000170000002900000016000000300000003000000027000000310000001600000023
00000020000000230000002300000020000000250000001900000029000000260000001500000016
00000018000000190000002500000031000000160000002500000019000000240000002100000023
00000026000000230000003400000011000000300000002200000020000000220000001600000024
00000024000000200000001400000022000000260000002300000023000000160000002500000021
00000020000000240000002100000017000000190000002500000016000000230000002900000015
00000013000000240000001800000022000000170000001900000023000000230000001400000017
00000023000000220000002100000021000000200000002900000010000000210000001900000019
00000018000000110000002300000016000000210000001800000022000000110000001600000020
00000014000000150000001700000023000000190000001600000016000000180000001800000013
00000020000000180000001400000024000000200000002400000013000000140000002200000021
00000017000000200000002200000010000000140000002000000010000000190000002100000013
00000015000000140000001900000011000000180000002100000022000000100000001800000011
00000017000000250000001700000016000000240000001700000017000000120000001400000017
00000016000000140000001200000025000000180000001700000021000000130000001600000017
00000016000000200000001100000016000000180000001800000012000000130000002500000021
00000013000000180000001900000017000000220000002200000011000000140000001500000019
00000016000000130000001500000018000000160000001300000010000000160000001600000012
00000013000000140000001800000020000000120000001400000019000000150000001500000025
00000008000000090000001100000016000000140000001700000010000000150000001700000008
00000013000000120000001000000017000000220000001200000014000000130000001100000009
00000017000000140000001700000013000000130000001500000016000000040000001200000014
00000015000000120000000700000014000000170000001300000010000000150000001600000008
00000006000000190000001000000012000000150000001100000011000000160000000500000012
00000011000000120000001100000014000000130000002200000012000000110000001600000016
00000016000000100000000900000012000000100000001400000014000000080000001200000019
00000013000000140000000700000016000000090000001500000015000000180000000600000012
00000015000000100000001200000018000000080000001300000008000000140000001400000012
00000011000000100000001100000017000000080000000800000008000000090000000600000010
00000011000000100000001000000006000000050000001000000015000000070000001000000010
00000012000000160000001900000006000000110000001100000017000000120000000700000010
00000004000000100000001100000014000000060000001100000013000000130000000800000008
00000011000000080000000800000010000000100000001600000011000000100000001300000006
00000013000000120000001300000009000000090000000900000011000000060000000900000009
00000013000000060000001200000015000000170000001100000005000000140000000900000009
00000007000000130000001000000012000000090000000700000008000000070000000900000010
00000003000000080000000600000014000000080000000800000011000000110000000800000006
00000005000000110000000400000009000000100000000600000011000000140000000900000005
00000008000000030000000900000006000000130000001200000013000000090000000400000005
00000008000000030000000900000008000000120000000700000011000000080000000600000007
00000007000000030000000500000004000000100000000500000011000000120000000900000011
00000010000000090000000600000003000000050000001400000005000000090000000900000006
00000008000000070000000600000004000000060000000300000007000000040000000900000008
00000010000000060000000500000008000000080000000200000009000000030000001100000015
00000010000000080000000600000007000000050000001000000006000000050000000600000012
00000007000000080000001100000006000000100000000900000008000000100000001000000003
00000006000000030000000600000010000000070000000500000003000000040000001100000007
00000004000000040000000500000010000000040000000800000006000000020000000700000005
00000006000000140000000700000006000000050000000300000003000000030000000900000011
00000010000000060000000800000002000000030000000700000008000000100000000700000004
00000008000000070000000500000001000000060000000400000009000000050000000300000008
00000005000000050000000800000007000000040000000200000006000000070000000300000007
00000007000000080000000800000001000000050000000700000005000000050000000500000005
00000003000000070000000300000004000000110000000800000004000000090000000400000002
00000005000000070000000600000004000000030000000300000008000000040000001100000008
00000002000000040000000800000004000000080000000600000003000000030000000700000004
00000009000000040000001000000008000000060000000700000004000000040000000600000005
00000003000000050000000800000004000000050000000500000003000000080000000400000005
00000010000000020000000300000002000000060000000900000009000000060000000300000006
00000002000000040000000300000004000000040000000600000003000000020000000700000007
00000003000000050000000500000008000000040000000200000003000000050000000500000009
00000003000000040000000200000003000000070000000700000004000000030000000400000003
00000004000000050000000600000004000000040000000700000004000000030000000200000005
00000006000000080000000600000004000000060000000300000005000000060000000500000004
00000006000000030000000400000007000000010000000300000004000000040000000900000005
00000002000000010000000500000005000000030000000200000004000000080000000600000004
00000004000000050000000500000001000000010000000700000005000000060000000200000007
00000002000000100000000400000002000000040000000400000003000000020000000700000003
00000003000000070000000400000002000000030000000400000005000000030000000100000002
00000005000000010000000500000003000000020000000400000003000000050000000300000004
00000003000000070000000200000001000000020000000400000005000000020000000400000003
00000002000000010000000100000003000000030000000200000005000000030000000100000003
00000003000000010000000500000003000000010000000800000006000000060000000400000004
00000001000000020000000400000002000000010000000400000003000000020000000700000005
00000002000000060000000100000005000000030000000400000002000000020000000500000003
00000003000000040000000200000007000000030000000300000001000000010000000300000001
00000002000000030000000300000008000000040000000300000001000000040000000100000003
00000003000000030000000100000002000000030000000400000003000000010000000200000002
00000002000000000000000500000001000000030000000000000002000000020000000500000005
00000003000000020000000100000002000000030000000300000002000000030000000400000002
00000002000000020000000100000001000000000000000100000001000000020000000100000004
00000005000000010000000100000001000000050000000300000003000000030000000200000002
00000003000000050000000300000003000000050000000100000002000000010000000000000000
00000001000000040000000200000002000000020000000500000001000000010000000100000003
00000005000000000000000200000004000000010000000300000001000000020000000200000002
00000003000000020000000100000000000000000000000000000002000000020000000400000001
00000004000000010000000200000002000000000000000000000001000000000000000100000000
00000002000000010000000300000003000000040000000300000002000000010000000300000005
00000000000000050000000100000000000000000000000200000000000000030000000100000003
00000004000000030000000000000003000000030000000300000005000000030000000200000000
00000004000000020000000200000002000000020000000100000002000000020000000100000001
00000003000000010000000300000001000000010000000200000002000000020000000300000002
00000000000000010000000100000004000000040000000100000004000000010000000200000000
00000001000000010000000200000002000000000000000100000002000000000000000300000003
00000003000000020000000000000000000000000000000100000005000000020000000200000001
00000002000000020000000200000000000000030000000100000001000000000000000000000001
00000004000000000000000000000000000000030000000400000004000000000000000100000001
00000002000000000000000000000003000000000000000200000000000000000000000100000000
00000004000000030000000300000001000000000000000300000000000000050000000300000000
00000000000000000000000000000004000000020000000000000000000000010000000000000001
00000001000000020000000200000001000000000000000100000000000000010000000000000001
00000001000000020000000200000001000000010000000100000000000000000000000000000000
00000000000000000000000200000000000000020000000000000001000000010000000300000003
00000000000000010000000100000000000000000000000400000002000000000000000200000001
00000000000000010000000200000003000000010000000200000000000000020000000100000000
00000001000000000000000100000000000000010000000100000000000000010000000000000000
00000001000000010000000000000000000000000000000000000000000000010000000000000000
00000000000000010000000000000000000000010000000200000000000000000000000000000000
00000001000000010000000300000001000000000000000100000000000000020000000100000000
00000000000000020000000000000000000000010000000200000002000000010000000000000000
00000000000000000000000100000002000000000000000000000000000000000000000100000000
00000000000000020000000300000002000000010000000100000001000000040000000000000001
00000000000000000000000200000001000000000000000100000000000000000000000000000000
00000001000000000000000000000001000000000000000000000001000000000000000000000000
00000001000000000000000100000000000000000000000000000001000000000000000100000001
00000000000000010000000000000000000000000000000200000000000000000000000200000002
00000000000000000000000100000000000000000000000000000001000000010000000100000002
00000000000000000000000100000000000000000000000100000002000000000000000100000002
00000000000000010000000300000000000000000000000100000000000000010000000100000001
00000000000000000000000100000001000000000000000000000001000000000000000100000000
00000001000000010000000100000000000000000000000000000001000000000000000000000001
00000003000000010000000100000000000000000000000000000001000000000000000000000000
00000001000000030000000000000000000000000000000200000001000000020000000000000002
00000001000000010000000000000000000000010000000000000000000000000000000200000000
00000000000000010000000000000000000000000000000000000001000000000000000000000001
00000002000000010000000100000001000000000000000000000000000000000000000100000000
00000000000000000000000000000001000000000000000000000000000000000000000000000002
00000000000000000000000000000001000000000000000000000000000000000000000000000000
00000000000000000000000000000000000000010000000100000000000000010000000100000000
00000001000000010000000200000001000000000000000200000000000000000000000000000000
00000000000000010000000000000000000000010000000000000000000000010000000100000000
00000000000000000000000100000001000000000000000100000001000000000000000000000000
00000001000000010000000100000001000000000000000100000001000000010000000000000001
00000001000000010000000000000000000000030000000000000000000000010000000100000000
00000002000000000000000000000000000000010000000100000000000000010000000100000000
00000001000000000000000100000000000000010000000200000000000000010000000100000000
00000000000000000000000000000000000000010000000000000000000000000000000000000000
00000000000000000000000100000001000000000000000100000000000000010000000200000001
00000001000000000000000000000000000000000000000000000001000000000000000000000000
00000000000000000000000100000000000000010000000200000001000000020000000000000001
00000000000000010000000000000000000000010000000000000000000000000000000000000001
00000000000000000000000100000000000000000000000000000000000000000000000000000001
00000000000000020000000000000000000000000000000000000000000000000000000000000000
00000000000000000000000100000000000000010000000000000001000000000000000000000002
00000000000000000000000100000000000000010000000000000001000000000000000200000000
00000001000000000000000000000000000000000000000000000000000000000000000000000000
00000000000000000000000000000000000000000000000000000000000000000000000000000000
00000000000000000000000000000001000000010000000000000001000000010000000100000000
00000000000000000000000000000000000000010000000100000000000000010000000000000000
00000001000000000000000100000001000000000000000000000000000000000000000000000000
00000000000000000000000000000000000000000000000000000002000000000000000000000000
00000000000000010000000000000001000000000000000000000000000000000000000000000001
00000000000000000000000100000000000000000000000200000000000000000000000000000001
00000000000000000000000000000001000000000000000000000000000000010000000000000000
00000001000000000000000000000000000000000000000000000000000000000000000000000001
00000000000000000000000000000000000000000000000000000000000000000000000000000000
00000000000000000000000000000000000000000000000000000000000000000000000100000000
00000000000000000000000000000000000000000000000100000000000000000000000000000000
00000000000000000000000000000000000000000000000100000000000000000000000000000000
00000000000000000000000000000000000000000000000000000000000000000000000000000000
00000000000000000000000000000000000000000000000000000000000000000000000100000000
00000001000000000000000000000001000000010000000100000000000000000000000000000000
00000000000000000000000000000001000000000000000000000001000000000000000000000000
00000000000000020000000000000000000000000000000000000000000000000000000000000000
00000000000000000000000100000000000000000000000000000000000000000000000000000000
00000001000000000000000100000000000000000000000000000000000000000000000000000001
00000000000000000000000100000000000000000000000000000000000000000000000000000000
00000000000000010000000000000000000000010000000000000000000000000000000000000000
00000000000000000000000000000000000000000000000000000000000000000000000000000000
00000000000000000000000000000000000000000000000000000000000000000000000000000000
00000000000000000000000100000000000000000000000100000000000000000000000000000000
00000000000000000000000000000000000000000000000000000000000000000000000100000000
00000000000000000000000000000001000000000000000000000000000000000000000000000000
00000000000000000000000000000000000000000000000000000000000000000000000000000000
00000000000000000000000000000000000000000000000000000000000000000000000000000000
00000000000000000000000000000000000000000000000000000000000000000000000000000000
00000000000000000000000000000000000000000000000000000000000000000000000000000000
00000000000000000000000000000000000000000000000000000000000000000000000000000000
00000000000000000000000000000000000000010000000000000000000000000000000000000001
00000000000000000000000000000000000000000000000000000000000000000000000000000000
00000000000000000000000000000000000000000000000000000000000000010000000000000000
00000000000000000000000000000000000000000000000000000000000000000000000000000000
00000000000000000000000000000000000000000000000000000000000000000000000000000001
00000000000000000000000000000001000000000000000000000000000000000000000000000000
00000000000000000000000100000000000000000000000000000000000000000000000000000000
00000000000000000000000000000000000000000000000000000000000000000000000000000000
00000000000000000000000000000000000000000000000000000000000000000000000000000000
00000000000000000000000000000000000000000000000000000000000000000000000000000000
00000000000000000000000000000000000000000000000000000000000000000000000000000000
00000000000000000000000000000000000000000000000000000000000000000000000000000000
00000000000000000000000000000000000000000000000000000000000000000000000000000000
00000000000000000000000000000001000000000000000000000000000000000000000000000000
00000000000000000000000000000000000000000000000000000000000000000000000000000000
00000001000000000000000000000000000000000000000000000000000000000000000000000000
00000000000000010000000000000001000000000000000000000000000000000000000000000000
00000000000000000000000000000000000000000000000000000000000000000000000000000000
00000000000000000000000000000001000000000000000000000000000000000000000000000000
00000000000000000000000000000000000000010000000000000001000000000000000100000000
00000001000000000000000000000000000000000000000000000000000000000000000000000000
00000000000000010000000000000001000000000000000000000000000000000000000000000000
00000000000000000000000000000000000000000000000000000000000000000000000000000000
00000000000000000000000000000000000000000000000000000000000000000000000000000000
00000000000000000000000000000000000000000000000000000000000000000000000000000000
00000000000000000000000000000000000000000000000000000000000000000000000000000000
00000000000000000000000000000000000000000000000000000000000000000000000000000000
00000000000000000000000000000000000000000000000000000000000000000000000000000001
00000001000000000000000000000000000000000000000000000000000000000000000000000000
00000000000000000000000100000000000000000000000000000000000000000000000000000000
00000000000000000000000000000000000000000000000000000000000000000000000000000000
00000000000000000000000000000000000000000000000000000000000000000000000000000000
00000000000000000000000000000000000000000000000000000000000000000000000000000000
00000000000000000000000000000000000000000000000000000000000000000000000000000000
00000000000000000000000000000000000000000000000000000000000000000000000000000000
00000000000000000000000000000000000000000000000000000000000000000000000000000000
00000000000000000000000000000000000000000000000000000000000000000000000000000000
00000000000000000000000000000000000000000000000000000000000000000000000000000000
00000000000000000000000000000000000000000000000000000000000000000000000000000000
00000000000000000000000000000000000000000000000000000000000000000000000000000000
00000000000000000000000000000000000000000000000000000000000000000000000000000000
00000000000000000000000000000000000000000000000000000000000000000000000000000000
00000000000000000000000000000000000000000000000000000000000000000000000000000000
00000000000000000000000000000000000000000000000000000000000000000000000000000000
00000000000000000000000000000000000000000000000000000000000000000000000000000000
00000000000000000000000000000000000000000000000000000000000000000000000000000000
00000000000000000000000000000000000000000000000000000000000000000000000000000000
00000000000000000000000000000000000000000000000000000000000000000000000000000000
00000000000000000000000000000000000000000000000000000000000000000000000000000000
00000000000000000000000000000000000000000000000000000000000000000000000000000000
00000000000000000000000000000000000000000000000000000000000000000000000000000000
00000000000000000000000000000000000000000000000000000000000000000000000000000000
00000000000000000000000000000000000000000000000000000000000000000000000000000000
00000000000000000000000000000000000000000000000000000000000000000000000000000000
00000000000000000000000000000000000000000000000000000000000000000000000000000000
00000000000000000000000000000000000000000000000000000000000000000000000000000000
00000000000000000000000000000000000000000000000000000000000000000000000000000000
00000000000000000000000000000000000000000000000000000000000000000000000000000000
00000000000000000000000000000000000000000000000000000000000000000000000000000000
00000000000000000000000000000000000000000000000000000000000000000000000000000000
00000000000000000000000000000000000000000000000000000000000000000000000000000000
00000000000000000000000000000000000000000000000000000000000000000000000000000000
00000000000000000000000000000000000000000000000000000000000000000000000000000000
00000000000000000000000000000000000000000000000000000000000000000000000000000000
00000000000000000000000000000000000000000000000000000000000000000000000000000000
00000000000000000000000000000000000000000000000000000000000000000000000000000000
00000000000000000000000000000000000000000000000000000000000000000000000000000000
00000000000000000000000000000000000000000000000000000000000000000000000000000000
00000000000000000000000000000000000000000000000000000000000000000000000000000000
00000000000000000000000000000000000000000000000000000000000000000000000000000000
00000000000000000000000000000000000000000000000000000000000000000000000000000000
00000000000000000000000000000000000000000000000000000000000000000000000000000000
00000000000000000000000000000000000000000000000000000000000000000000000000000000
00000000000000000000000000000000000000000000000000000000000000000000000000000000
00000000000000000000000000000000000000000000000000000000000000000000000000000000
00000000000000000000000000000000000000000000000000000000000000000000000000000000
00000000000000000000000000000000000000000000000000000000000000000000000000000000
00000000000000000000000000000000000000000000000000000000000000000000000000000000
000000000000000000000000000000000000000000000000