 0006024 0000041 0000000 0004095 1041018 0055513
00000000000000000000000000000000000000000000000000000000000000000000000000000000
00000000000000000000000000000000000000000000000000000000000000000000000000000000
00000000000000000000000000000000000000000000000000000000000000000000000000000000
00000000000000000000000000000000000000000000000000000000000000000000000000000000
00000000000000000000000000000000000000000000000000000000000000000000000000000000
00000000000000000000000000000000000000000000000000000000000000000000000000000000
00000000000000000000000000000000000000000000000000000000000000000000000000000000
00000000000000000000000000000000000000000000000000000000000000000000000000000000
00000000000000000000000000000000000000000000000000000000000000000000000000000000
00000000000000000000000000000000000000000000000000000000000000000000000000000000
00000000000000000000000000000000000000000000000000000000000000000000000000000000
00000000000000000000000000000000000000000000000000000000000000000000000000000000
00000000000000000000000000000000000000000000000000000000000000000000000000000000
00000000000000000000000000000000000000000000000000000000000000000000000000000000
00000000000000000000000000000000000000000000000000000000000000000000000000000000
00000000000000000000000000000000000000000000000000000000000000000000000000000000
00000000000000000000000000000000000000000000000000000000000000000000000000000000
00000000000000000000000000000000000000000000000000000000000000000000000000000000
00000000000000000000000000000000000000000000000000000000000000000000000000000000
00000000000000000000000000000000000000000000000000000000000000000000000000000000
00000000000000000000000000000000000000000000000000000000000000000000000000000000
00000000000000000000000000000000000000000000000000000000000000000000000000000000
00000000000000000000000000000000000000000000000000000000000000000000000000000000
00000000000000000000000000000000000000000000000000000000000000000000000000000000
00000000000000000000000000000000000000000000000000000000000000000000000000000000
00000000000000000000000000000000000000000000000000000000000000000000000000000000
00000000000000000000000000000000000000000000000000000000000000000000000000000000
00000000000000000000000000000000000000000000000000000000000000000000000000000000
00000000000000000000000000000000000000000000000000000000000000000000000000000000
00000000000000000000000000000000000000000000000000000000000000000000000000000000
00000000000000000000000000000000000000000000000000000000000000000000000000000000
00000000000000000000000000000000000000000000000000000000000000000000000000000000
00000000000000000000000000000000000000000000000000000000000000000000000000000000
00000000000000000000000000000000000000000000000000000000000000000000000000000000
00000000000000000000000000000000000000000000000000000000000000000000000000000000
00000000000000000000000000000000000000000000000000000000000000000000000000000000
00000000000000000000000000000000000000000000000000000000000000000000000000000000
00000000000000000000000000000000000000000000000000000000000000000000000000000000
00000000000000000000000000000000000000000000000000000000000000000000000000000000
00000000000000000000000000000000000000000000000000000000000000000000000000000000
00000000000000000000000000000000000000000000000000000000000000000000000000000000
00000000000000000000000000000000000000000000000000000000000000000000000000000000
00000000000000000000000000000000000000000000000000000000000000000000000000000000
00000000000000000000000000000000000000000000000000000000000000000000000000000000
00000000000000000000000000000000000000000000000000000000000000000000000000000000
00000000000000000000000000000000000000000000000000000000000000000000000000000000
00000000000000000000000000000000000000000000000000000000000000000000000000000000
00000000000000000000000000000000000000000000000000000000000000000000000000000000
00000000000000000000000000000000000000000000000000000000000000000000000000000000
00000000000000000000000000000000000000000000000000000000000000000000000000000000
00000000000000000000000000000000000000000000000000000000000000000000000000000000
00000000000000000000000000000000000000000000000000000000000000000000000000000000
00000000000000000000000000000000000000000000000000000000000000000000000000000000
00000000000000000000000000000000000000000000000000000000000000000000000000000000
00000000000000000000000000000000000000000000000000000000000000000000000000000000
00000000000000000000000000000000000000000000000000000000000000000000000000000000
00000000000000000000000000000000000000000000000000000000000000000000000000000000
00000000000000000000000000000000000000000000000000000000000000000000000000000000
00000000000000000000000000000000000000000000000000000000000000000000000000000000
00000000000000000000000000000000000000000000000000000000000000000000000000000000
00000000000000000000000000000000000000000000000000000000000000000000000000000000
00000000000000000000000000000000000000000000000000000000000000000000000000000000
00000000000000000000000000000000000000000000000000000000000000000000000000000000
00000000000000000000000000000000000000000000000000000000000000000000000000000000
00000000000000000000000000000000000000000000000000000000000000000000000000000000
00000000000000000000000000000000000000000000000000000000000000000000000000000000
00000000000000000000000000000000000000000000000000000000000000000000000000000000
00000000000000000000000000000000000000000000000000000000000000000000000000000000
00000000000000000000000000000000000000000000000000000000000000000000000000000000
00000000000000000000000000000000000000000000000000000000000000000000000000000000
00000000000000000000000000000000000000000000000000000000000000000000000000000000
00000000000000000000000000000000000000000000000000000000000000000000000000000000
00000000000000000000000000000000000000000000000000000000000000000000000000000000
00000000000000000000000000000000000000000000000000000000000000000000000000000000
00000000000000000000000000000000000000000000000000000000000000000000000000000000
00000000000000000000000000000000000000000000000000000000000000000000000000000000
00000000000000000000000000000000000000000000000000000000000000000000000000000000
00000000000000000000000000000000000000000000000000000000000000000000000000000000
00000000000000000000000000000000000000000000000000000000000000000000000000000000
00000000000000000000000000000000000000000000000000000000000000000000000000000000
00000000000000000000000000000000000000000000000000000000000000000000000000000000
00000000000000000000000000000000000000000000000000000000000000000000000000000000
00000000000000000000000000000000000000000000000000000000000000000000000000000000
00000000000000000000000000000000000000000000000000000000000000000000000000000000
00000000000000000000000000000000000000000000000000000000000000000000000000000000
00000000000000000000000000000000000000000000000000000000000000000000000000000000
00000000000000000000000000000000000000000000000000000000000000000000000000000000
00000000000000000000000000000000000000000000000000000000000000000000000000000000
00000000000000000000000000000000000000000000000000000000000000000000000000000000
00000000000000000000000000000000000000000000000000000000000000000000000000000000
00000000000000000000000000000000000000000000000000000000000000000000000000000000
00000000000000000000000000000000000000000000000000000000000000000000000000000000
00000000000000000000000000000000000000000000000000000000000000000000000000000000
00000000000000000000000000000000000000000000000000000000000000000000000000000000
00000000000000000000000000000000000000000000000000000000000000000000000000000000
00000000000000000000000000000000000000000000000000000000000000000000000000000000
00000000000000000000000000000000000000000000000000000000000000000000000000000000
00000000000000000000000000000000000000000000000000000000000000000000000000000000
00000000000000000000000000000000000000000000000000000000000000000000000000000000
00000000000000000000000000000000000000000000000000000000000000000000000000000000
00000000000000000000000000000000000000000000000000000000000000000000000000000000
00000000000000000000000000000000000000000000000000000000000000000000000000000000
00000000000000000000000000000000000000000000000000000000000000000000000000000000
00000000000000000000000000000000000000000000000000000000000000000000000000000000
00000000000000000000000000000000000000000000000000000000000000000000000000000000
00000000000000000000000000000000000000000000000000000000000000000000000000000000
00000000000000000000000000000000000000000000000000000000000000000000000000000000
00000000000000000000000000000000000000000000000000000000000000000000000000000000
00000000000000000000000000000000000000000000000000000000000000000000000000000000
00000000000000000000000000000000000000000000000000000000000000000000000000000000
00000000000000000000000000000000000000000000000000000000000000000000000000000000
00000000000000000000000000000000000000000000000000000000000000000000000000000000
00000000000000000000000000000000000000000000000000000000000000000000000000000000
00000000000000000000000000000000000000000000000000000000000000000000000000000000
00000000000000000000000000000000000000000000000000000000000000000000000000000000
00000000000000000000000000000000000000000000000000000000000000000000000000000000
00000000000000000000000000000000000000000000000000000000000000000000000000000000
00000000000000000000000000000000000000000000000000000000000000000000000000000000
00000000000000000000000000000000000000000000000000000000000000000000000000000000
00000000000000000000000000000000000000000000000000000000000000000000000000000000
00000000000000000000000000000000000000000000000000000000000000000000000000000000
00000000000000000000000000000000000000000000000000000000000000000000000000000000
00000000000000000000000000000000000000000000000000000000000000000000000000000000
00000000000000000000000000000000000000000000000000000000000000000000000000000000
00000000000000000000000000000000000000000000000000000000000000000000000000000000
00000000000000000000000000000000000000000000000000000000000000000000000000000000
00000000000000000000000000000000000000000000000000000000000000000000000000000000
00000000000000000000000000000000000000000000000000000000000000000000000000000000
00000000000000000000000000000000000000000000000000000000000000000000000000000000
00000000000000000000000000000000000000000000000000000000000000000000000000000000
00000000000000000000000000000000000000000000000000000000000000000000000000000000
00000000000000000000000000000000000000000000000000000000000000000000000000000000
00000000000000000000000000000000000000000000000000000000000000000000000000000000
00000000000000000000000000000000000000000000000000000000000000000000000000000000
00000000000000000000000000000000000000000000000000000000000000000000000000000000
00000000000000000000000000000000000000000000000000000000000000000000000000000000
00000000000000000000000000000000000000000000000000000000000000000000000000000000
00000000000000000000000000000000000000000000000000000000000000000000000000000000
00000000000000000000000000000000000000000000000000000000000000000000000000000000
00000000000000000000000000000000000000000000000000000000000000000000000000000000
00000000000000000000000000000000000000000000000000000000000000000000000000000000
00000000000000000000000000000000000000000000000000000000000000000000000000000000
00000000000000000000000000000000000000000000000000000000000000000000000000000000
00000000000000000000000000000000000000000000000000000000000000000000000000000000
00000000000000000000000000000000000000000000000000000000000000000000000000000000
00000000000000000000000000000000000000000000000000000000000000000000000000000000
00000000000000000000000000000000000000000000000000000000000000000000000000000000
00000000000000000000000000000000000000000000000000000000000000000000000000000000
00000000000000000000000000000000000000000000000000000000000000000000000000000000
00000000000000000000000000000000000000000000000000000000000000000000000000000000
00000000000000000000000000000000000000000000000000000000000000000000000000000000
00000000000000000000000000000000000000000000000000000000000000000000000000000000
00000000000000000000000000000000000000000000000000000000000000000000000000000000
00000000000000000000000000000000000000000000000000000000000000000000000000000000
00000000000000000000000000000000000000000000000000000000000000000000000000000000
00000000000000000000000000000000000000000000000000000000000000000000000000000000
00000000000000000000000000000000000000000000000000000000000000000000000000000000
00000000000000000000000000000000000000000000000000000000000000000000000000000000
00000000000000000000000000000000000000000000000000000000000000000000000000000000
00000000000000000000000000000000000000000000000000000000000000000000000200000007
00000057000001500000043700001061000016100000210200002466000023620000230700002357
00002240000022200000197400002024000019350000190100001867000017470000171500001603
00001573000014960000138100001361000013470000130000001213000011990000119700001054
00001089000010270000093500000952000008700000088800000867000007750000073900000687
00000759000007190000061400000628000006400000056000000560000005550000053100000495
00000463000004610000049700000434000004320000042200000399000003770000038400000384
00000393000003480000037300000317000003330000031700000297000002650000027800000309
00000282000002730000023800000259000002380000026000000206000002170000024900000206
00000180000002370000019800000177000001630000016800000183000001680000016000000162
00000167000001640000014000000161000001460000011700000142000001480000011500000113
00000135000001240000013000000123000001200000013100000085000001170000010400000089
00000089000000950000010300000098000000920000009400000082000000730000009100000084
00000071000000910000007100000090000000550000006300000081000000570000007800000054
00000056000000600000005200000055000000630000006200000063000000560000003800000049
00000043000000500000004400000046000000440000004400000033000000540000005900000043
00000034000000470000004100000034000000400000003600000032000000320000003600000033
00000030000000290000003500000030000000340000002200000020000000350000002200000028
00000023000000260000002100000025000000250000001700000020000000230000002300000018
00000025000000230000001900000020000000240000001400000023000000170000002400000020
00000018000000120000001500000021000000140000001700000015000000200000001700000017
00000018000000110000001800000012000000090000002100000020000000140000001100000008
00000015000000150000000800000018000000160000002100000018000000130000001300000010
00000014000000140000000900000020000000120000001800000014000000130000000500000014
00000011000000160000000900000010000000120000001100000018000000130000001000000013
00000015000000130000000400000012000000140000001200000011000000130000001400000019
00000006000000210000001000000019000000120000001500000014000000160000002100000009
00000013000000120000000900000015000000170000001100000016000000110000002100000019
00000020000000190000002400000021000000190000003200000022000000170000002200000024
00000035000000180000002500000036000000290000003300000036000000380000003800000031
00000046000000270000003700000038000000380000003000000038000000330000003900000043
00000045000000540000004600000052000000490000006400000049000000550000004700000048
00000063000000600000005800000055000000640000007200000058000000560000006900000058
00000065000000750000007600000074000000720000006700000077000000760000007500000064
00000081000000830000006200000089000000850000010400000084000000840000007100000089
00000092000000960000009000000094000001110000009800000078000000920000011000000117
00000109000001170000010900000101000001010000010500000117000001060000010500000099
00000104000000980000012400000092000000760000010000000100000001130000010000000106
00000126000001090000011700000093000001130000012000000117000001200000009900000108
00000090000001200000010800000110000001140000010300000116000000980000010300000122
00000112000001160000012800000117000001120000009900000117000001100000009300000114
00000111000001080000008500000094000000900000010300000110000001080000010100000128
00000104000001260000011700000108000001020000010700000100000001150000010400000116
00000096000001180000010100000100000001020000009300000104000001040000010200000108
00000092000001210000009100000116000001020000010700000111000001000000010000000096
00000084000001010000009400000102000001130000008600000114000001030000007500000104
00000079000001100000007500000096000001110000007300000093000000960000009200000108
00000090000000890000008000000096000000890000010500000073000000850000008800000102
00000092000000910000008500000080000000830000009600000080000000950000009800000073
00000087000000880000007900000094000000880000009200000091000000790000008800000091
00000078000000920000007300000081000000730000007500000083000000790000009300000094
00000086000000770000008300000098000000810000007900000074000000760000010100000090
00000090000000840000007000000077000000850000007400000073000000740000008000000071
00000090000000690000009100000068000000680000008200000072000000630000007800000058
00000085000000750000005800000077000000670000006300000069000000600000006300000069
00000073000000760000007600000064000000690000008200000071000000720000005700000054
00000075000000750000007500000060000000650000006800000079000000620000005600000074
00000057000000540000005300000056000000620000006900000071000000670000006000000059
00000064000000630000006000000041000000640000005600000057000000500000006000000043
00000058000000530000005800000042000000590000006000000050000000750000004700000065
00000042000000450000004900000057000000460000003900000050000000480000005600000070
00000049000000630000005700000050000000500000004800000046000000560000004600000055
00000049000000410000004900000044000000630000004100000050000000460000004800000038
00000050000000480000004000000037000000500000004000000051000000490000004200000037
00000059000000470000003100000040000000420000005200000044000000400000004300000032
00000053000000350000003800000030000000400000004100000045000000480000004000000035
00000035000000360000004200000033000000480000004700000036000000360000003400000040
00000031000000410000003500000028000000380000003100000031000000440000003700000039
00000033000000340000003200000036000000330000002600000034000000310000004300000037
00000036000000390000003300000034000000240000002000000030000000290000002600000026
00000033000000380000003800000035000000240000002600000018000000390000002800000031
00000024000000410000003000000039000000310000002900000029000000260000002500000024
00000021000000230000002700000029000000330000002600000012000000260000002500000024
00000028000000280000003100000025000000240000003800000023000000200000002800000040
00000023000000240000003000000022000000310000002900000026000000180000002500000031
00000023000000240000001900000032000000230000002500000023000000210000001900000024
00000024000000220000002900000016000000220000001900000023000000090000002100000014
00000014000000210000002300000023000000200000001700000028000000240000001600000029
00000030000000260000002300000018000000130000001300000018000000200000002100000020
00000019000000170000001900000018000000180000001300000016000000190000001600000014
00000021000000110000001300000018000000180000001900000021000000130000001600000019
00000016000000140000001800000015000000160000001800000023000000160000001400000010
00000018000000150000002500000027000000190000001600000020000000140000001900000012
00000014000000110000001700000012000000140000001200000016000000110000001500000013
00000007000000120000001100000012000000230000001000000016000000150000001900000008
00000011000000100000001900000014000000160000001300000010000000110000001100000017
00000013000000170000001100000011000000110000001800000018000000080000001100000015
00000012000000090000001200000016000000110000001000000016000000130000001100000017
00000015000000080000001700000013000000100000001400000007000000150000001000000009
00000010000000130000001000000009000000090000000900000006000000080000001100000010
00000012000000130000001000000012000000140000000600000011000000130000000700000009
00000009000000050000000600000004000000090000001000000008000000090000000700000009
00000008000000130000000700000016000000090000000700000010000000090000001500000008
00000011000000070000000800000010000000110000001000000005000000050000000800000005
00000011000000100000000800000009000000080000000900000012000000080000000200000009
00000006000000080000000800000004000000040000000700000006000000050000001300000005
00000005000000110000001100000006000000090000000800000012000000060000000900000007
00000009000000060000000400000011000000090000000100000010000000100000000400000010
00000009000000090000000400000009000000050000000800000005000000060000000300000007
00000009000000070000000500000008000000040000000300000010000000040000000700000006
00000004000000120000001000000003000000100000000900000005000000040000000500000013
00000004000000020000000500000003000000050000000500000003000000090000000700000008
00000005000000090000000700000009000000020000000400000004000000030000000700000005
00000003000000050000000300000002000000050000000700000008000000070000000300000005
00000004000000080000000400000004000000060000000700000003000000050000000700000007
00000002000000050000000400000004000000070000000600000012000000030000000300000005
00000004000000030000000200000002000000050000000600000004000000050000000500000006
00000000000000070000000500000003000000050000000700000008000000040000000200000004
00000005000000030000000400000005000000030000000200000007000000000000000500000006
00000007000000050000000500000004000000040000000700000005000000030000000600000007
00000005000000060000000200000004000000050000000500000001000000030000000400000004
00000006000000030000000200000006000000030000000400000008000000040000000500000002
00000002000000040000000100000005000000020000000300000005000000040000000600000008
00000002000000030000000200000003000000020000000400000001000000040000000300000003
00000005000000040000000200000002000000030000000800000004000000040000000200000003
00000000000000020000000100000005000000010000000300000002000000050000000200000003
00000002000000020000000000000001000000010000000300000004000000040000000300000002
00000004000000010000000200000004000000060000000400000003000000010000000400000004
00000002000000010000000200000004000000000000000400000003000000020000000200000002
00000005000000020000000400000003000000010000000300000003000000030000000400000002
00000002000000040000000400000000000000010000000100000004000000010000000300000006
00000003000000020000000100000002000000050000000100000001000000010000000200000001
00000002000000040000000100000001000000000000000500000004000000040000000400000004
00000003000000000000000200000001000000010000000200000001000000030000000100000000
00000002000000040000000200000002000000020000000100000001000000040000000300000001
00000003000000010000000300000002000000000000000300000001000000030000000000000004
00000001000000040000000100000005000000000000000200000003000000000000000300000002
00000000000000010000000100000000000000020000000100000001000000000000000100000000
00000001000000020000000000000003000000000000000200000001000000040000000100000000
00000002000000020000000100000002000000010000000000000001000000010000000300000000
00000001000000050000000200000001000000020000000000000004000000000000000100000000
00000002000000020000000100000000000000010000000000000003000000010000000100000003
00000000000000000000000000000002000000020000000200000001000000030000000100000000
00000000000000010000000000000000000000010000000200000001000000010000000100000002
00000002000000010000000000000000000000020000000100000000000000000000000100000002
00000000000000000000000200000002000000010000000000000000000000030000000100000000
00000001000000010000000000000000000000010000000300000000000000020000000100000001
00000001000000010000000100000000000000020000000000000000000000010000000200000001
00000002000000020000000000000001000000010000000100000000000000000000000200000001
00000003000000010000000000000002000000000000000100000001000000010000000200000000
00000000000000020000000300000003000000010000000100000000000000000000000100000000
00000001000000030000000000000002000000010000000000000001000000020000000100000001
00000002000000000000000100000001000000020000000000000000000000020000000100000001
00000001000000000000000000000000000000010000000100000000000000010000000000000001
00000000000000000000000200000000000000020000000000000001000000020000000000000002
00000000000000010000000000000001000000020000000100000000000000030000000100000001
00000002000000010000000000000001000000000000000000000002000000000000000000000001
00000000000000000000000100000000000000010000000200000000000000000000000000000001
00000000000000010000000000000001000000020000000000000000000000000000000000000000
00000000000000040000000100000000000000010000000100000000000000010000000000000001
00000000000000000000000000000000000000000000000000000001000000010000000000000000
00000001000000010000000100000000000000000000000000000002000000000000000200000001
00000000000000000000000000000001000000000000000100000000000000000000000100000000
00000000000000020000000000000001000000010000000000000001000000000000000100000000
00000002000000000000000000000003000000000000000100000000000000000000000000000000
00000000000000000000000000000000000000010000000400000001000000000000000000000000
00000002000000000000000000000000000000010000000000000002000000000000000000000000
00000000000000000000000000000001000000000000000000000000000000000000000100000000
00000000000000000000000100000000000000030000000000000000000000010000000000000000
00000002000000000000000000000002000000000000000000000000000000010000000200000000
00000000000000010000000000000000000000000000000100000001000000010000000000000000
00000002000000000000000000000002000000000000000200000000000000010000000000000000
00000001000000010000000000000001000000000000000100000000000000010000000100000002
00000001000000000000000000000000000000010000000100000001000000000000000000000000
00000001000000000000000100000001000000010000000000000001000000000000000000000001
00000000000000000000000000000000000000010000000000000000000000000000000000000000
00000001000000000000000000000001000000000000000000000000000000010000000000000001
00000001000000010000000100000000000000000000000100000003000000010000000000000001
00000000000000010000000000000000000000000000000100000000000000010000000000000001
00000000000000010000000000000001000000000000000300000000000000010000000000000000
00000000000000010000000000000000000000000000000100000000000000000000000000000000
00000000000000000000000000000000000000010000000000000000000000000000000200000000
00000000000000000000000000000000000000000000000000000000000000010000000000000000
00000002000000010000000000000000000000000000000000000000000000000000000000000000
00000001000000000000000000000001000000010000000200000000000000000000000000000000
00000000000000000000000000000000000000000000000100000001000000010000000000000000
00000000000000010000000000000002000000000000000000000000000000000000000000000000
00000000000000000000000000000000000000000000000100000000000000010000000100000002
00000000000000010000000000000000000000020000000100000000000000000000000100000000
00000001000000000000000100000000000000010000000000000000000000010000000100000000
00000000000000000000000000000000000000000000000000000001000000010000000100000001
00000000000000000000000100000001000000000000000000000000000000000000000100000001
00000000000000000000000000000001000000000000000000000002000000000000000000000001
00000001000000000000000000000000000000010000000100000000000000000000000100000000
00000002000000000000000100000000000000000000000100000000000000010000000000000001
00000000000000000000000000000000000000020000000000000002000000000000000000000000
00000003000000000000000000000000000000000000000000000000000000010000000100000000
00000000000000010000000000000000000000000000000000000000000000000000000100000001
00000001000000000000000000000001000000000000000000000001000000000000000200000002
00000001000000000000000200000000000000000000000000000001000000010000000000000001
00000001000000000000000000000000000000000000000000000001000000000000000100000000
00000000000000010000000000000000000000010000000000000000000000010000000000000001
00000000000000000000000000000000000000000000000000000001000000000000000100000000
00000000000000000000000000000000000000000000000100000000000000000000000000000000
00000000000000000000000000000001000000010000000100000000000000000000000000000000
00000002000000000000000000000000000000010000000000000000000000010000000000000000
00000000000000010000000200000000000000010000000000000001000000000000000200000003
00000002000000010000000100000000000000000000000000000000000000010000000000000001
00000000000000000000000000000001000000000000000000000000000000000000000000000000
00000000000000000000000000000000000000000000000000000000000000010000000100000003
00000000000000000000000000000000000000000000000000000000000000000000000100000000
00000000000000000000000000000000000000000000000100000000000000000000000100000000
00000002000000000000000100000001000000000000000000000000000000000000000000000000
00000000000000000000000000000000000000000000000100000000000000000000000200000000
00000001000000010000000000000000000000010000000000000001000000000000000100000000
00000001000000010000000000000000000000010000000000000001000000000000000000000000
00000000000000000000000100000001000000000000000000000000000000000000000100000000
00000001000000010000000100000000000000000000000000000000000000020000000000000000
00000000000000000000000100000002000000000000000000000000000000000000000100000001
00000000000000000000000200000000000000000000000100000000000000000000000000000002
00000001000000010000000100000002000000000000000000000000000000000000000000000000
00000001000000000000000000000001000000010000000000000001000000000000000000000000
00000001000000010000000000000000000000000000000200000001000000000000000000000000
00000000000000000000000100000000000000000000000000000002000000010000000100000000
00000000000000010000000100000001000000000000000000000000000000000000000000000001
00000000000000000000000100000000000000010000000000000001000000000000000000000000
00000000000000000000000000000000000000000000000100000000000000010000000000000001
00000001000000000000000100000001000000000000000100000000000000010000000000000001
00000000000000000000000100000000000000000000000000000002000000000000000000000000
00000002000000010000000000000000000000000000000000000000000000000000000000000000
00000000000000000000000000000001000000010000000200000001000000000000000000000000
00000000000000010000000100000000000000000000000000000000000000000000000000000001
00000000000000000000000200000000000000000000000100000000000000010000000000000000
00000000000000000000000000000000000000000000000000000002000000000000000000000001
00000000000000000000000100000000000000010000000000000000000000000000000000000002
00000000000000000000000000000000000000000000000000000000000000000000000000000000
00000000000000000000000000000000000000000000000000000000000000000000000000000000
00000000000000000000000000000000000000000000000000000000000000000000000000000000
00000000000000000000000000000000000000000000000000000000000000000000000000000000
00000000000000000000000000000000000000000000000000000000000000000000000000000000
00000000000000000000000000000000000000000000000000000000000000000000000000000000
00000000000000000000000000000000000000000000000000000000000000000000000000000000
00000000000000000000000000000000000000000000000000000000000000000000000000000000
00000000000000000000000000000000000000000000000000000000000000000000000000000000
00000000000000000000000000000000000000000000000000000000000000000000000000000000
00000000000000000000000000000000000000000000000000000000000000000000000000000000
00000000000000000000000000000000000000000000000000000000000000000000000000000000
00000000000000000000000000000000000000000000000000000000000000000000000000000000
00000000000000000000000000000000000000000000000000000000000000000000000000000000
00000000000000000000000000000000000000000000000000000000000000000000000000000000
00000000000000000000000000000000000000000000000000000000000000000000000000000000
00000000000000000000000000000000000000000000000000000000000000000000000000000000
00000000000000000000000000000000000000000000000000000000000000000000000000000000
00000000000000000000000000000000000000000000000000000000000000000000000000000000
00000000000000000000000000000000000000000000000000000000000000000000000000000000
00000000000000000000000000000000000000000000000000000000000000000000000000000000
00000000000000000000000000000000000000000000000000000000000000000000000000000000
00000000000000000000000000000000000000000000000000000000000000000000000000000000
00000000000000000000000000000000000000000000000000000000000000000000000000000000
00000000000000000000000000000000000000000000000000000000000000000000000000000000
000000000000000000000000000000000000000000000000