 0006024 0000031 0000000 0004095 1041018 0055513
00000000000000000000000000000000000000000000000000000000000000000000000000000000
00000000000000000000000000000000000000000000000000000000000000000000000000000000
00000000000000000000000000000000000000000000000000000000000000000000000000000000
00000000000000000000000000000000000000000000000000000000000000000000000000000000
00000000000000000000000000000000000000000000000000000000000000000000000000000000
00000000000000000000000000000000000000000000000000000000000000000000000000000000
00000000000000000000000000000000000000000000000000000000000000000000000000000000
00000000000000000000000000000000000000000000000000000000000000000000000000000000
00000000000000000000000000000000000000000000000000000000000000000000000000000000
00000000000000000000000000000000000000000000000000000000000000000000000000000000
00000000000000000000000000000000000000000000000000000000000000000000000000000000
00000000000000000000000000000000000000000000000000000000000000000000000000000000
00000000000000000000000000000000000000000000000000000000000000000000000000000000
00000000000000000000000000000000000000000000000000000000000000000000000000000000
00000000000000000000000000000000000000000000000000000000000000000000000000000000
00000000000000000000000000000000000000000000000000000000000000000000000000000000
00000000000000000000000000000000000000000000000000000000000000000000000000000000
00000000000000000000000000000000000000000000000000000000000000000000000000000000
00000000000000000000000000000000000000000000000000000000000000000000000000000000
00000000000000000000000000000000000000000000000000000000000000000000000000000000
00000000000000000000000000000000000000000000000000000000000000000000000000000000
00000000000000000000000000000000000000000000000000000000000000000000000000000000
00000000000000000000000000000000000000000000000000000000000000000000000000000000
00000000000000000000000000000000000000000000000000000000000000000000000000000000
00000000000000000000000000000000000000000000000000000000000000000000000000000000
00000000000000000000000000000000000000000000000000000000000000000000000000000000
00000000000000000000000000000000000000000000000000000000000000000000000000000000
00000000000000000000000000000000000000000000000000000000000000000000000000000000
00000000000000000000000000000000000000000000000000000000000000000000000000000000
00000000000000000000000000000000000000000000000000000000000000000000000000000000
00000000000000000000000000000000000000000000000000000000000000000000000000000000
00000000000000000000000000000000000000000000000000000000000000000000000000000000
00000000000000000000000000000000000000000000000000000000000000000000000000000000
00000000000000000000000000000000000000000000000000000000000000000000000000000000
00000000000000000000000000000000000000000000000000000000000000000000000000000000
00000000000000000000000000000000000000000000000000000000000000000000000000000000
00000000000000000000000000000000000000000000000000000000000000000000000000000000
00000000000000000000000000000000000000000000000000000000000000000000000000000000
00000000000000000000000000000000000000000000000000000000000000000000000000000000
00000000000000000000000000000000000000000000000000000000000000000000000000000000
00000000000000000000000000000000000000000000000000000000000000000000000000000000
00000000000000000000000000000000000000000000000000000000000000000000000000000000
00000000000000000000000000000000000000000000000000000000000000000000000000000000
00000000000000000000000000000000000000000000000000000000000000000000000000000000
00000000000000000000000000000000000000000000000000000000000000000000000000000000
00000000000000000000000000000000000000000000000000000000000000000000000000000000
00000000000000000000000000000000000000000000000000000000000000000000000000000000
00000000000000000000000000000000000000000000000000000000000000000000000000000000
00000000000000000000000000000000000000000000000000000000000000000000000000000000
00000000000000000000000000000000000000000000000000000000000000000000000000000000
00000000000000000000000000000000000000000000000000000000000000000000000000000000
00000000000000000000000000000000000000000000000000000000000000000000000000000000
00000000000000000000000000000000000000000000000000000000000000000000000000000000
00000000000000000000000000000000000000000000000000000000000000000000000000000000
00000000000000000000000000000000000000000000000000000000000000000000000000000000
00000000000000000000000000000000000000000000000000000000000000000000000000000000
00000000000000000000000000000000000000000000000000000000000000000000000000000000
00000000000000000000000000000000000000000000000000000000000000000000000000000000
00000000000000000000000000000000000000000000000000000000000000000000000000000000
00000000000000000000000000000000000000000000000000000000000000000000000000000000
00000000000000000000000000000000000000000000000000000000000000000000000000000000
00000000000000000000000000000000000000000000000000000000000000000000000000000000
00000000000000000000000000000000000000000000000000000000000000000000000000000000
00000000000000000000000000000000000000000000000000000000000000000000000000000000
00000000000000000000000000000000000000000000000000000000000000000000000000000000
00000000000000000000000000000000000000000000000000000000000000000000000000000000
00000000000000000000000000000000000000000000000000000000000000000000000000000000
00000000000000000000000000000000000000000000000000000000000000000000000000000000
00000000000000000000000000000000000000000000000000000000000000000000000000000000
00000000000000000000000000000000000000000000000000000000000000000000000000000000
00000000000000000000000000000000000000000000000000000000000000000000000000000000
00000000000000000000000000000000000000000000000000000000000000000000000000000000
00000000000000000000000000000000000000000000000000000000000000000000000000000000
00000000000000000000000000000000000000000000000000000000000000000000000000000000
00000000000000000000000000000000000000000000000000000000000000000000000000000000
00000000000000000000000000000000000000000000000000000000000000000000000000000000
00000000000000000000000000000000000000000000000000000000000000000000000000000000
00000000000000000000000000000000000000000000000000000000000000000000000000000000
00000000000000000000000000000000000000000000000000000000000000000000000000000000
00000000000000000000000000000000000000000000000000000000000000000000000000000000
00000000000000000000000000000000000000000000000000000000000000000000000000000000
00000000000000000000000000000000000000000000000000000000000000000000000000000000
00000000000000000000000000000000000000000000000000000000000000000000000000000000
00000000000000000000000000000000000000000000000000000000000000000000000000000000
00000000000000000000000000000000000000000000000000000000000000000000000000000000
00000000000000000000000000000000000000000000000000000000000000000000000000000000
00000000000000000000000000000000000000000000000000000000000000000000000000000000
00000000000000000000000000000000000000000000000000000000000000000000000000000000
00000000000000000000000000000000000000000000000000000000000000000000000000000000
00000000000000000000000000000000000000000000000000000000000000000000000000000000
00000000000000000000000000000000000000000000000000000000000000000000000000000000
00000000000000000000000000000000000000000000000000000000000000000000000000000000
00000000000000000000000000000000000000000000000000000000000000000000000000000000
00000000000000000000000000000000000000000000000000000000000000000000000000000000
00000000000000000000000000000000000000000000000000000000000000000000000000000000
00000000000000000000000000000000000000000000000000000000000000000000000000000000
00000000000000000000000000000000000000000000000000000000000000000000000000000000
00000000000000000000000000000000000000000000000000000000000000000000000000000000
00000000000000000000000000000000000000000000000000000000000000000000000000000000
00000000000000000000000000000000000000000000000000000000000000000000000000000000
00000000000000000000000000000000000000000000000000000000000000000000000000000000
00000000000000000000000000000000000000000000000000000000000000000000000000000000
00000000000000000000000000000000000000000000000000000000000000000000000000000000
00000000000000000000000000000000000000000000000000000000000000000000000000000000
00000000000000000000000000000000000000000000000000000000000000000000000000000000
00000000000000000000000000000000000000000000000000000000000000000000000000000000
00000000000000000000000000000000000000000000000000000000000000000000000000000000
00000000000000000000000000000000000000000000000000000000000000000000000000000000
00000000000000000000000000000000000000000000000000000000000000000000000000000000
00000000000000000000000000000000000000000000000000000000000000000000000000000000
00000000000000000000000000000000000000000000000000000000000000000000000000000000
00000000000000000000000000000000000000000000000000000000000000000000000000000000
00000000000000000000000000000000000000000000000000000000000000000000000000000000
00000000000000000000000000000000000000000000000000000000000000000000000000000000
00000000000000000000000000000000000000000000000000000000000000000000000000000000
00000000000000000000000000000000000000000000000000000000000000000000000000000000
00000000000000000000000000000000000000000000000000000000000000000000000000000000
00000000000000000000000000000000000000000000000000000000000000000000000000000000
00000000000000000000000000000000000000000000000000000000000000000000000000000000
00000000000000000000000000000000000000000000000000000000000000000000000000000000
00000000000000000000000000000000000000000000000000000000000000000000000000000000
00000000000000000000000000000000000000000000000000000000000000000000000000000000
00000000000000000000000000000000000000000000000000000000000000000000000000000000
00000000000000000000000000000000000000000000000000000000000000000000000000000000
00000000000000000000000000000000000000000000000000000000000000000000000000000000
00000000000000000000000000000000000000000000000000000000000000000000000000000000
00000000000000000000000000000000000000000000000000000000000000000000000000000000
00000000000000000000000000000000000000000000000000000000000000000000000000000000
00000000000000000000000000000000000000000000000000000000000000000000000000000000
00000000000000000000000000000000000000000000000000000000000000000000000000000000
00000000000000000000000000000000000000000000000000000000000000000000000000000000
00000000000000000000000000000000000000000000000000000000000000000000000000000000
00000000000000000000000000000000000000000000000000000000000000000000000000000000
00000000000000000000000000000000000000000000000000000000000000000000000000000000
00000000000000000000000000000000000000000000000000000000000000000000000000000000
00000000000000000000000000000000000000000000000000000000000000000000000000000000
00000000000000000000000000000000000000000000000000000000000000000000000000000000
00000000000000000000000000000000000000000000000000000000000000000000000000000000
00000000000000000000000000000000000000000000000000000000000000000000000000000000
00000000000000000000000000000000000000000000000000000000000000000000000000000000
00000000000000000000000000000000000000000000000000000000000000000000000000000000
00000000000000000000000000000000000000000000000000000000000000000000000000000000
00000000000000000000000000000000000000000000000000000000000000000000000000000000
00000000000000000000000000000000000000000000000000000000000000000000000000000000
00000000000000000000000000000000000000000000000000000000000000000000000000000000
00000000000000000000000000000000000000000000000000000000000000000000000000000000
00000000000000000000000000000000000000000000000000000000000000000000000000000000
00000000000000000000000000000000000000000000000000000000000000000000000000000000
00000000000000000000000000000000000000000000000000000000000000000000000000000000
00000000000000000000000000000000000000000000000000000000000000000000000000000000
00000000000000000000000000000000000000000000000000000000000000000000000000000000
00000000000000000000000000000000000000000000000000000000000000000000000000000000
00000000000000000000000000000000000000000000000000000000000000000000000000000000
00000000000000000000000000000000000000000000000000000000000000000000000000000000
00000000000000000000000000000000000000000000000000000000000000000000000000000000
00000000000000000000000000000000000000000000000000000000000000000000000000000000
00000000000000000000000000000000000000000000000000000000000000000000000000000000
00000000000000000000000000000000000000000000000000000000000000000000000000000000
00000000000000000000000000000000000000000000000000000000000000000000000000000000
00000000000000000000000000000000000000000000000000000000000000010000000300000014
00000036000001420000037400000914000014560000199600002276000025110000259300002843
00002684000028540000291300002917000029780000311000003115000031180000311700003098
00003026000031700000306700003210000031580000307000003130000030150000295100002830
00002829000027650000269500002764000026370000260600002461000024060000223700002215
00002177000020460000198400001886000018110000178400001699000015940000160500001492
00001468000013700000125600001267000011660000114000001069000010600000103200000964
00000910000008330000085800000746000007270000070600000680000006570000063100000603
00000566000005730000050200000520000005520000050500000448000004390000037100000382
00000351000003670000034600000342000002830000027600000263000002760000024500000249
00000243000002080000022900000187000002190000021400000214000001940000016700000181
00000154000001490000014400000124000001510000012600000125000001190000013300000117
00000116000000870000009800000096000000930000010500000099000000750000007400000092
00000073000000680000005900000068000000670000007000000063000000560000005100000055
00000041000000610000006100000052000000560000005600000052000000540000004400000040
00000045000000420000003700000040000000430000004700000030000000320000004800000032
00000030000000350000003700000020000000320000002900000029000000310000003600000027
00000038000000220000003100000026000000270000002800000027000000260000002900000034
00000025000000160000001800000015000000160000002000000018000000330000003100000018
00000024000000240000002200000022000000160000002100000025000000190000002100000021
00000015000000190000002700000023000000190000002100000021000000220000001900000023
00000015000000270000002300000022000000200000002000000021000000230000001600000026
00000029000000240000002200000032000000260000002500000027000000240000002800000021
00000030000000190000002600000021000000340000003400000027000000360000003400000031
00000031000000450000002600000029000000370000003300000034000000320000004100000042
00000035000000380000003700000046000000340000004900000048000000520000004400000034
00000045000000500000004200000047000000380000005500000047000000480000004800000061
00000063000000610000006600000064000000620000005200000050000000660000007100000071
00000064000000720000007600000067000000650000008000000065000000710000007300000066
00000068000000810000006500000083000000640000008800000077000000810000008700000079
00000082000000730000007300000069000000880000008900000098000000900000009400000106
00000076000000850000010100000080000000870000008800000125000001090000011300000099
00000101000001150000010200000123000000880000012400000114000000990000011200000111
00000115000001190000011500000119000001260000011800000137000001330000010900000111
00000120000001370000013100000131000001110000013100000129000001300000012700000120
00000124000001330000012600000154000001460000013200000141000001370000012600000142
00000146000001360000014000000126000001200000012900000139000001260000015800000128
00000135000001450000013500000130000001590000015200000126000001510000013300000170
00000144000001440000014600000157000001700000013400000134000001500000014400000153
00000167000001550000014800000166000001510000014900000186000001730000016000000157
00000183000001540000017900000168000001540000015900000156000001300000016900000165
00000166000001450000015700000160000001480000015600000153000001680000017300000154
00000157000001670000016700000165000001460000013200000163000001560000014800000152
00000156000001680000015000000170000001530000015400000150000001670000016700000155
00000148000001690000015600000151000001720000015100000165000001360000015900000150
00000154000001620000016900000150000001470000013200000149000001510000014700000133
00000146000001450000014700000150000001250000014800000156000001510000014200000147
00000131000001390000015400000144000001270000013000000139000001560000013800000138
00000143000001390000015200000148000001340000015700000105000001130000013600000162
00000144000001300000013600000138000001350000015000000134000001140000013800000126
00000112000001350000013300000135000001050000013900000122000001400000013100000134
00000132000001150000012400000119000001240000014800000133000001210000012700000128
00000123000001390000010800000116000001060000012000000118000001300000012300000114
00000127000001270000012300000127000001130000012800000122000001270000010700000112
00000103000001110000010700000124000001090000012500000110000001150000011100000115
00000090000001130000010100000103000000910000010300000097000000920000011500000104
00000099000000900000010400000107000000950000009700000120000001060000008400000103
00000107000000910000009300000088000000850000007600000095000001010000009800000092
00000100000001010000009200000078000000930000007900000091000000750000009100000071
00000089000000940000010400000094000000780000008700000079000000910000009500000100
00000098000000840000009200000071000000720000009000000074000000860000008200000071
00000089000000740000007500000079000000700000006000000066000000670000009300000069
00000071000000830000007600000071000000640000008200000071000000760000008800000056
00000062000000790000006300000071000000720000007100000069000000610000007800000072
00000066000000710000005800000058000000620000006200000074000000710000005600000057
00000074000000640000006400000069000000720000005700000064000000580000004900000071
00000049000000650000004800000061000000480000004900000063000000610000005800000050
00000061000000620000005900000062000000430000005400000046000000500000004300000055
00000047000000470000006000000059000000510000006700000061000000550000005000000055
00000047000000400000005800000064000000470000003200000039000000550000003800000046
00000048000000490000005400000039000000410000004300000042000000470000003700000043
00000045000000490000003200000046000000470000004100000046000000470000003600000036
00000040000000350000005100000034000000420000003700000039000000320000003400000050
00000050000000460000004300000033000000410000003100000033000000460000004000000041
00000033000000350000003200000035000000310000003700000031000000350000002800000032
00000023000000250000002800000030000000370000002800000034000000260000003000000031
00000032000000300000003200000025000000340000003200000027000000280000003200000039
00000036000000210000002100000039000000350000003000000038000000220000003200000020
00000029000000230000002600000032000000330000002400000037000000350000003200000029
00000024000000280000002600000025000000220000002200000028000000330000003100000027
00000026000000290000002000000025000000320000001600000024000000280000002500000022
00000022000000230000002900000030000000260000001800000024000000180000002800000028
00000028000000290000002300000023000000240000002100000026000000280000002700000019
00000027000000180000002100000022000000300000001100000019000000150000002400000011
00000024000000170000001300000015000000260000002000000020000000230000002200000022
00000025000000130000001500000020000000260000001900000018000000190000002100000015
00000023000000190000001900000013000000120000002200000011000000130000001600000015
00000020000000180000001400000009000000170000002100000013000000130000001400000013
00000019000000110000001900000020000000120000002000000018000000110000001200000024
00000018000000110000001800000015000000190000001000000014000000100000001500000021
00000012000000090000000900000018000000150000001800000012000000100000001300000010
00000019000000190000002100000013000000090000001600000016000000110000001500000009
00000011000000070000001500000016000000130000000900000014000000090000001600000016
00000013000000080000001100000012000000200000001500000007000000120000000800000010
00000018000000120000001200000006000000140000000900000008000000190000000600000012
00000005000000110000001300000008000000130000001000000006000000110000001200000007
00000008000000140000000700000008000000120000000700000011000000150000000700000008
00000010000000100000000900000007000000100000001000000017000000120000000900000014
00000011000000130000000600000010000000120000001300000012000000080000001000000010
00000012000000050000000600000006000000090000001100000013000000050000000500000008
00000010000000140000001200000011000000080000000400000005000000100000000900000007
00000006000000060000000900000004000000040000000700000010000000070000000500000007
00000009000000120000001100000012000000110000000800000008000000050000000200000006
00000008000000060000000700000011000000050000000800000007000000110000001400000013
00000008000000080000000700000004000000110000000400000002000000090000000400000012
00000002000000080000000900000009000000090000000800000005000000100000000700000004
00000008000000070000000600000005000000060000000600000006000000100000000900000004
00000008000000080000000800000010000000060000000300000006000000130000000500000008
00000004000000060000000600000003000000040000000800000006000000080000000500000007
00000011000000090000000600000004000000090000000900000005000000040000000800000008
00000005000000060000000600000001000000050000000500000003000000050000000500000007
00000006000000010000000500000004000000050000000900000009000000110000000700000005
00000010000000020000000500000007000000020000000800000007000000040000000400000002
00000007000000040000001100000004000000050000000600000005000000020000000300000005
00000002000000090000000700000001000000040000000800000004000000050000000200000003
00000005000000020000000500000001000000050000000500000005000000050000000900000008
00000001000000080000000500000008000000050000000700000004000000000000000500000006
00000003000000070000000600000002000000050000000500000005000000090000000600000003
00000005000000000000000900000003000000050000000400000003000000010000000300000005
00000003000000020000001200000004000000010000000500000008000000050000000300000004
00000004000000030000000800000008000000010000000300000005000000020000000700000005
00000005000000030000000300000005000000050000000100000000000000020000000400000003
00000003000000040000000300000002000000010000000100000004000000030000000200000001
00000005000000000000000400000004000000050000000400000004000000040000000400000003
00000003000000030000000200000002000000070000000600000002000000020000000500000003
00000002000000030000000400000001000000030000000300000003000000020000000700000005
00000004000000020000000500000001000000030000000100000001000000030000000100000003
00000002000000030000000200000000000000010000000400000002000000010000000300000003
00000002000000050000000700000004000000050000000300000002000000020000000100000008
00000006000000020000000300000003000000030000000600000001000000010000000200000003
00000003000000010000000300000004000000030000000400000003000000050000000100000003
00000005000000040000000200000006000000000000000000000001000000030000000300000001
00000001000000010000000400000001000000020000000200000002000000000000000400000001
00000003000000010000000200000005000000010000000000000003000000020000000500000003
00000003000000050000000500000001000000030000000300000004000000020000000200000003
00000002000000020000000200000001000000020000000200000003000000030000000300000002
00000002000000040000000300000000000000010000000800000002000000030000000300000001
00000002000000020000000400000003000000020000000100000006000000050000000200000003
00000001000000020000000100000001000000010000000400000001000000020000000300000004
00000001000000020000000400000000000000020000000200000003000000030000000000000003
00000003000000020000000300000004000000040000000200000002000000030000000100000002
00000000000000020000000000000003000000010000000300000001000000020000000200000001
00000001000000020000000300000001000000010000000000000001000000000000000300000002
00000005000000040000000400000006000000050000000200000005000000010000000200000001
00000005000000020000000000000000000000020000000000000002000000040000000300000002
00000001000000010000000300000001000000010000000000000003000000010000000300000001
00000002000000040000000400000004000000060000000000000000000000030000000500000004
00000003000000010000000100000001000000010000000100000002000000030000000100000001
00000001000000030000000300000002000000010000000300000002000000020000000300000000
00000004000000030000000600000003000000020000000000000001000000010000000200000001
00000001000000030000000200000002000000000000000100000004000000020000000200000002
00000002000000040000000100000000000000030000000400000000000000040000000100000001
00000000000000010000000100000001000000000000000100000005000000010000000300000000
00000000000000010000000100000001000000030000000100000001000000020000000300000003
00000000000000020000000000000001000000020000000000000003000000020000000300000002
00000001000000030000000200000001000000020000000100000003000000030000000200000000
00000003000000020000000100000000000000010000000300000003000000030000000100000000
00000001000000010000000100000002000000030000000200000001000000010000000000000000
00000001000000010000000100000001000000030000000000000003000000020000000200000003
00000001000000030000000100000001000000020000000200000000000000020000000100000001
00000001000000010000000200000001000000000000000200000001000000000000000300000000
00000000000000030000000000000002000000010000000100000001000000040000000000000001
00000001000000010000000100000000000000030000000200000002000000030000000200000001
00000002000000020000000100000000000000030000000000000002000000010000000000000000
00000002000000000000000200000000000000010000000200000002000000010000000300000000
00000000000000020000000000000000000000010000000200000000000000020000000100000002
00000000000000010000000100000000000000020000000000000002000000020000000200000001
00000001000000010000000200000001000000030000000200000000000000010000000000000000
00000001000000000000000200000001000000010000000300000000000000000000000000000001
00000004000000000000000300000002000000000000000100000000000000020000000200000001
00000002000000010000000100000002000000000000000100000001000000030000000100000000
00000002000000000000000100000001000000000000000100000001000000020000000000000004
00000002000000030000000100000000000000000000000200000001000000000000000200000000
00000000000000010000000000000000000000010000000200000000000000000000000100000000
00000001000000010000000100000000000000010000000000000002000000000000000300000001
00000000000000020000000000000002000000000000000000000002000000010000000100000003
00000003000000000000000100000003000000000000000000000001000000010000000100000000
00000003000000030000000000000000000000010000000000000002000000000000000100000002
00000000000000000000000000000001000000000000000100000000000000000000000100000000
00000004000000000000000000000000000000000000000100000000000000000000000000000000
00000000000000000000000100000000000000010000000000000001000000000000000300000000
00000001000000010000000000000000000000000000000000000002000000010000000100000001
00000002000000020000000200000001000000000000000100000001000000000000000000000001
00000001000000010000000100000001000000000000000100000001000000000000000100000000
00000001000000000000000300000000000000000000000100000001000000000000000000000002
00000000000000000000000100000001000000000000000000000000000000010000000000000001
00000003000000000000000200000001000000000000000100000001000000000000000200000001
00000001000000000000000100000002000000010000000200000000000000000000000000000001
00000000000000020000000200000000000000000000000200000002000000000000000000000000
00000001000000020000000000000000000000020000000000000000000000010000000200000002
00000001000000000000000200000000000000000000000000000003000000010000000000000000
00000000000000000000000100000001000000010000000100000002000000000000000000000000
00000001000000000000000100000001000000000000000000000001000000010000000100000000
00000000000000010000000100000000000000000000000000000000000000010000000100000002
00000003000000010000000000000000000000000000000000000001000000010000000000000000
00000000000000010000000100000001000000030000000000000002000000010000000000000001
00000000000000010000000000000001000000000000000000000001000000000000000100000000
00000000000000000000000000000000000000000000000100000000000000000000000000000000
00000000000000040000000100000002000000000000000000000000000000000000000100000000
00000000000000010000000000000002000000010000000100000001000000010000000000000001
00000000000000010000000100000000000000000000000000000000000000000000000000000002
00000000000000000000000100000000000000010000000000000001000000000000000000000001
00000003000000010000000000000003000000030000000100000001000000010000000100000000
00000000000000010000000100000000000000000000000100000000000000030000000100000000
00000000000000000000000100000000000000000000000000000000000000000000000000000003
00000001000000000000000100000001000000010000000000000001000000000000000000000001
00000000000000010000000000000002000000010000000000000000000000000000000300000002
00000001000000000000000000000000000000000000000300000001000000000000000100000000
00000001000000010000000100000000000000020000000000000001000000000000000000000001
00000000000000000000000000000002000000000000000100000000000000000000000000000000
00000001000000000000000200000000000000000000000000000000000000010000000100000001
00000001000000020000000000000000000000020000000000000000000000010000000100000000
00000001000000000000000000000002000000010000000100000000000000000000000000000001
00000001000000000000000000000000000000000000000000000001000000000000000000000001
00000000000000000000000000000000000000000000000000000000000000000000000000000000
00000000000000000000000000000000000000000000000100000001000000000000000000000000
00000001000000000000000100000000000000000000000000000001000000010000000100000001
00000000000000020000000000000000000000000000000000000001000000000000000100000001
00000001000000000000000200000000000000000000000100000000000000020000000100000001
00000001000000030000000400000000000000000000000100000000000000000000000000000001
00000001000000000000000100000001000000010000000000000000000000010000000100000000
00000003000000010000000000000000000000000000000000000000000000020000000100000000
00000001000000000000000200000000000000010000000000000000000000000000000000000001
00000001000000010000000000000002000000010000000000000000000000020000000200000001
00000001000000000000000000000001000000000000000300000000000000010000000100000000
00000000000000000000000000000000000000000000000000000000000000000000000000000000
00000000000000000000000000000000000000000000000000000000000000000000000000000000
00000000000000000000000000000000000000000000000000000000000000000000000000000000
00000000000000000000000000000000000000000000000000000000000000000000000000000000
00000000000000000000000000000000000000000000000000000000000000000000000000000000
00000000000000000000000000000000000000000000000000000000000000000000000000000000
00000000000000000000000000000000000000000000000000000000000000000000000000000000
00000000000000000000000000000000000000000000000000000000000000000000000000000000
00000000000000000000000000000000000000000000000000000000000000000000000000000000
00000000000000000000000000000000000000000000000000000000000000000000000000000000
00000000000000000000000000000000000000000000000000000000000000000000000000000000
00000000000000000000000000000000000000000000000000000000000000000000000000000000
00000000000000000000000000000000000000000000000000000000000000000000000000000000
00000000000000000000000000000000000000000000000000000000000000000000000000000000
00000000000000000000000000000000000000000000000000000000000000000000000000000000
00000000000000000000000000000000000000000000000000000000000000000000000000000000
00000000000000000000000000000000000000000000000000000000000000000000000000000000
00000000000000000000000000000000000000000000000000000000000000000000000000000000
00000000000000000000000000000000000000000000000000000000000000000000000000000000
00000000000000000000000000000000000000000000000000000000000000000000000000000000
00000000000000000000000000000000000000000000000000000000000000000000000000000000
00000000000000000000000000000000000000000000000000000000000000000000000000000000
00000000000000000000000000000000000000000000000000000000000000000000000000000000
00000000000000000000000000000000000000000000000000000000000000000000000000000000
00000000000000000000000000000000000000000000000000000000000000000000000000000000
000000000000000000000000000000000000000000000000