 0006024 0000040 0000000 0004095 1041018 0055513
00000000000000010000000000000000000000000000000000000000000000000000000000000000
00000000000000000000000000000000000000000000000000000000000000000000000000000000
00000000000000010000000000000000000000000000000000000000000000000000000000000000
00000000000000000000000000000000000000000000000000000000000000000000000000000000
00000000000000000000000000000000000000000000000000000000000000000000000000000001
00000000000000000000000000000001000000000000000000000000000000000000000000000000
00000000000000000000000000000000000000000000000000000000000000000000000000000000
00000000000000000000000100000000000000000000000000000000000000000000000000000000
00000000000000000000000000000000000000000000000000000000000000000000000000000000
00000000000000000000000000000000000000000000000000000000000000000000000000000000
00000000000000000000000000000000000000000000000000000000000000000000000100000000
00000000000000000000000000000000000000000000000000000000000000000000000000000000
00000000000000000000000000000000000000000000000000000000000000000000000000000000
00000000000000000000000000000002000000000000000000000000000000000000000000000000
00000000000000000000000000000000000000000000000000000000000000000000000000000000
00000000000000000000000000000000000000000000000000000000000000000000000100000001
00000000000000000000000000000000000000000000000000000000000000000000000000000001
00000000000000000000000100000001000000010000000000000000000000010000000000000001
00000001000000000000000000000001000000000000000200000002000000030000000100000000
00000000000000010000000100000000000000000000000100000001000000000000000100000001
00000002000000020000000100000003000000010000000000000000000000000000000000000000
00000002000000000000000000000001000000000000000100000002000000000000000200000001
00000001000000000000000200000000000000000000000100000001000000010000000200000000
00000002000000010000000100000000000000010000000100000002000000000000000200000001
00000000000000000000000300000001000000010000000200000001000000030000000300000001
00000002000000000000000100000003000000010000000400000003000000030000000600000006
00000001000000070000000400000001000000060000000700000008000000340000001400000028
00000051000000330000006600000064000000850000010400000130000001480000017100000171
00000228000002370000022100000268000002890000026300000254000002810000029400000308
00000260000002930000028500000315000002890000029200000301000002970000027500000288
00000276000002720000029500000334000002570000028400000268000003010000027100000269
00000314000003000000027400000271000002820000029400000265000002940000030000000302
00000269000003320000029900000280000003260000031600000283000003180000030500000345
00000313000003720000032600000384000003560000038200000382000004150000039000000406
00000398000004350000038500000396000003980000040100000376000003970000040400000390
00000405000003990000039700000401000003910000038300000398000003500000037600000345
00000349000003510000035500000333000003740000037700000344000003320000038700000352
00000339000003240000034200000336000003450000034400000342000003280000033400000356
00000305000003240000029800000357000003350000032900000288000003170000031900000299
00000308000002960000029900000319000002930000028800000303000003140000032600000284
00000298000002870000028200000292000002890000027000000265000002720000029400000262
00000302000002690000029800000292000002850000023400000231000002830000025300000272
00000255000002690000025900000261000002460000023800000277000002380000023100000223
00000273000002220000024400000234000002220000020400000230000002200000021900000218
00000239000002080000022500000213000002190000020900000209000002010000021900000202
00000220000002280000018800000226000002070000022100000184000001960000017200000226
00000213000002030000019500000225000002130000023300000188000002230000017000000181
00000187000002090000019500000203000001900000019500000187000001670000018100000211
00000200000001910000020300000167000001890000018800000183000001830000017800000173
00000189000001780000017600000160000001840000015500000166000001610000016600000139
00000186000001680000018900000159000001590000016700000166000001610000017200000157
00000183000001560000016000000169000001640000017800000150000001700000015200000172
00000136000001570000016700000144000001550000015000000149000001420000014300000141
00000149000001460000015800000136000001380000015800000127000001620000014700000156
00000145000001360000015300000132000001260000014400000145000001330000013500000157
00000148000001320000014300000159000001340000013800000123000001240000013100000141
00000136000001580000014400000120000001260000012100000133000001260000014600000102
00000156000001280000012100000116000001200000013400000118000001250000012900000113
00000118000001150000011900000128000001310000014300000113000001330000013300000112
00000124000001070000012400000121000001170000013400000113000001260000011200000097
00000119000001370000011900000126000000950000010900000096000001030000011600000103
00000114000001080000012100000111000001210000011700000111000000990000012100000109
00000094000001140000011600000116000001180000011700000116000000870000011500000096
00000106000000980000011600000127000000990000010100000119000000890000008300000106
00000112000000890000010400000097000000930000009200000080000000830000009900000083
00000093000000990000008300000087000000850000007700000084000001040000008600000085
00000091000000930000007300000099000000950000007400000077000000800000007700000095
00000075000000960000008600000075000000800000007500000092000000790000007800000072
00000074000000730000007300000066000000770000006300000065000000890000006000000057
00000070000000640000008000000075000000670000007600000059000000650000006100000071
00000054000000540000006100000066000000570000008100000065000000630000005800000077
00000060000000590000005800000066000000600000006100000057000000460000006000000078
00000063000000690000007700000067000000600000006000000069000000480000006100000052
00000061000000450000004000000058000000670000006200000056000000450000005000000059
00000060000000500000006100000045000000620000005100000051000000520000007200000048
00000057000000560000005800000069000000450000005800000051000000700000005400000050
00000050000000420000004600000045000000590000004800000045000000550000003900000052
00000040000000500000003900000055000000420000005200000055000000420000004700000054
00000049000000400000004400000055000000390000004400000045000000490000003900000061
00000066000000550000005400000050000000410000004800000053000000400000006400000038
00000045000000720000004700000056000000490000005300000049000000480000004300000056
00000047000000430000005200000060000000570000004300000055000000480000004700000045
00000043000000420000004300000053000000640000005900000040000000420000004800000048
00000042000000510000005700000046000000390000004300000054000000420000005600000052
00000056000000460000005400000043000000400000004700000049000000370000003100000039
00000040000000470000004800000043000000340000004300000035000000500000003500000052
00000053000000520000004500000035000000410000004600000039000000440000004600000045
00000044000000390000004200000045000000460000004500000048000000360000004200000045
00000038000000430000005000000045000000470000004900000044000000520000005000000032
00000036000000250000004000000044000000460000004900000043000000420000004300000058
00000044000000330000004800000046000000450000003900000045000000380000004100000046
00000032000000420000005100000060000000520000004000000053000000450000004700000047
00000043000000430000004500000039000000370000004600000046000000310000005600000045
00000037000000390000004400000043000000280000004300000041000000350000003900000046
00000044000000420000004500000045000000500000003700000040000000380000003700000047
00000046000000450000004400000038000000490000003900000056000000420000003700000056
00000039000000360000005400000042000000520000004900000039000000480000003600000039
00000038000000450000003600000041000000330000004700000044000000380000005300000040
00000039000000500000003900000049000000410000003200000037000000480000004400000049
00000036000000470000003800000045000000430000003800000052000000400000004800000029
00000035000000390000004700000046000000430000003400000052000000490000005400000045
00000041000000450000003100000036000000440000004700000059000000460000004400000055
00000045000000340000004400000031000000480000003800000051000000430000002900000035
00000045000000430000004300000032000000380000004900000044000000380000004200000036
00000047000000290000003600000036000000330000004200000037000000400000004900000039
00000040000000560000004100000029000000490000004800000034000000430000004600000031
00000040000000540000004700000037000000520000004300000059000000390000004900000053
00000037000000440000004400000046000000470000004100000044000000370000004600000037
00000043000000410000004900000040000000430000004300000039000000450000003100000046
00000039000000250000004800000032000000490000003200000041000000390000004100000042
00000038000000490000004900000042000000450000004000000028000000380000002500000039
00000036000000490000005700000043000000490000004600000050000000460000003300000053
00000031000000410000004500000050000000360000003400000048000000430000004500000038
00000036000000400000003900000039000000430000004100000033000000500000004900000037
00000040000000360000004200000045000000420000004400000049000000420000003900000054
00000044000000400000004600000042000000580000005400000043000000490000003800000037
00000049000000370000003500000037000000340000004400000044000000380000003200000040
00000035000000330000004700000048000000490000003900000042000000470000003500000041
00000045000000440000004000000050000000340000004000000026000000490000004200000043
00000036000000370000004500000037000000340000003900000037000000450000005500000037
00000040000000470000003100000041000000390000004000000028000000370000004800000040
00000047000000400000004200000044000000370000003300000034000000460000005300000044
00000037000000490000005000000044000000430000003400000030000000530000003900000028
00000046000000410000003900000035000000440000003500000029000000350000003300000037
00000038000000310000004300000026000000390000003500000036000000350000004300000026
00000031000000410000002100000033000000390000004700000047000000260000003400000030
00000044000000490000003100000038000000400000003200000032000000360000003500000028
00000034000000380000002800000046000000260000002200000042000000360000003000000033
00000028000000240000003700000024000000400000002100000041000000310000003100000038
00000038000000280000003000000028000000330000004000000026000000340000002600000028
00000034000000280000002400000028000000330000002800000018000000340000002200000036
00000028000000320000003000000036000000370000003500000027000000240000002600000024
00000023000000270000002700000036000000200000002700000028000000220000001700000031
00000027000000210000002800000023000000290000002000000026000000310000002600000017
00000032000000280000001600000018000000240000002500000020000000400000002600000025
00000034000000260000002100000023000000280000002100000022000000140000002400000020
00000025000000180000001500000026000000180000001300000018000000180000001900000025
00000024000000210000002600000020000000200000002200000031000000190000001600000027
00000021000000180000002100000019000000240000002000000017000000190000000800000016
00000026000000170000002500000018000000160000002200000025000000180000002200000024
00000018000000130000002000000018000000180000002800000018000000190000001600000019
00000017000000300000002200000022000000180000001600000015000000210000001500000020
00000017000000160000001400000022000000130000001300000015000000160000001400000019
00000014000000200000001300000017000000150000001800000007000000120000002000000010
00000019000000120000001700000013000000140000001700000015000000190000001700000016
00000019000000120000001100000019000000160000001200000010000000160000001400000012
00000018000000130000000700000010000000100000001700000012000000100000001100000007
00000005000000120000001600000025000000090000001200000012000000050000001100000011
00000007000000110000001300000015000000110000001000000006000000110000001300000014
00000012000000150000001000000009000000130000000800000011000000230000000800000012
00000011000000160000000800000009000000100000000700000009000000060000000600000006
00000015000000070000000700000004000000050000001100000015000000120000001000000008
00000015000000080000000900000008000000110000000700000009000000110000000800000009
00000005000000090000000800000007000000050000000700000010000000110000000500000005
00000010000000050000000900000005000000040000000800000005000000060000001300000009
00000008000000060000000800000006000000030000000800000008000000080000001000000007
00000005000000090000000800000008000000060000001000000013000000050000000900000005
00000006000000110000000500000003000000080000000200000008000000090000000500000009
00000003000000020000000600000007000000110000000300000005000000040000000500000003
00000006000000030000000800000005000000050000000800000009000000060000000400000006
00000008000000030000000600000007000000040000000400000005000000060000000500000006
00000005000000050000000400000005000000090000000200000001000000060000000200000008
00000005000000090000000400000005000000070000000600000002000000040000000500000005
00000006000000080000000300000007000000080000000400000003000000030000000400000003
00000003000000040000000500000003000000020000000200000004000000030000000400000000
00000003000000050000000200000001000000030000000300000002000000090000000000000003
00000003000000020000000400000003000000050000000400000002000000050000000500000000
00000003000000020000000300000002000000030000000400000005000000030000000900000005
00000005000000030000000100000004000000030000000400000001000000010000000100000001
00000005000000030000000200000001000000020000000400000002000000020000000200000005
00000002000000040000000100000001000000050000000100000001000000030000000200000003
00000000000000040000000200000002000000060000000200000001000000020000000200000003
00000001000000010000000000000000000000000000000100000002000000000000000200000003
00000002000000000000000200000001000000010000000000000000000000010000000100000001
00000002000000070000000200000001000000000000000200000003000000010000000300000003
00000002000000030000000200000001000000010000000200000000000000000000000000000001
00000001000000000000000100000002000000000000000200000002000000020000000300000001
00000001000000010000000200000005000000030000000000000001000000020000000300000004
00000003000000020000000100000002000000020000000100000001000000010000000100000001
00000000000000000000000100000001000000000000000000000000000000020000000100000000
00000000000000010000000000000001000000010000000200000002000000020000000100000000
00000000000000010000000200000001000000020000000000000003000000000000000000000000
00000000000000020000000000000000000000010000000100000001000000020000000100000002
00000005000000000000000100000000000000000000000100000000000000000000000000000000
00000001000000000000000000000000000000000000000100000001000000000000000100000000
00000002000000030000000000000001000000010000000000000000000000020000000100000001
00000001000000030000000000000001000000010000000200000000000000000000000000000001
00000000000000010000000000000000000000000000000000000000000000000000000100000000
00000000000000000000000100000002000000000000000100000000000000000000000000000000
00000000000000000000000000000001000000020000000000000002000000000000000100000001
00000000000000010000000100000000000000010000000100000002000000010000000000000001
00000000000000020000000100000000000000000000000100000000000000000000000100000000
00000001000000000000000000000000000000000000000000000000000000000000000000000001
00000000000000000000000000000000000000010000000000000000000000030000000100000000
00000000000000010000000000000000000000000000000000000000000000010000000100000000
00000000000000000000000100000002000000010000000000000000000000000000000000000000
00000000000000010000000000000000000000010000000100000000000000010000000000000000
00000000000000010000000100000000000000000000000000000000000000000000000100000000
00000000000000000000000100000000000000000000000000000000000000000000000000000000
00000000000000010000000000000000000000000000000000000000000000000000000100000000
00000002000000000000000000000001000000000000000100000000000000000000000000000000
00000000000000000000000000000000000000000000000000000000000000000000000000000000
00000001000000000000000000000000000000010000000000000000000000000000000100000000
00000001000000010000000000000000000000000000000100000000000000000000000000000000
00000001000000000000000000000000000000010000000000000000000000000000000000000000
00000000000000000000000000000000000000000000000000000000000000000000000000000000
00000000000000010000000000000000000000000000000100000000000000000000000000000000
00000000000000000000000000000000000000000000000100000000000000000000000000000000
00000001000000000000000000000001000000000000000000000001000000000000000000000002
00000000000000000000000000000000000000000000000000000000000000000000000000000000
00000000000000000000000000000000000000000000000000000000000000000000000000000000
00000000000000000000000000000000000000000000000000000000000000000000000000000000
00000000000000000000000000000000000000000000000000000000000000000000000000000000
00000000000000000000000000000000000000000000000000000001000000000000000000000000
00000000000000000000000000000000000000000000000000000000000000000000000000000000
00000000000000000000000000000001000000000000000000000000000000000000000000000000
00000000000000000000000000000000000000000000000000000000000000000000000000000000
00000000000000000000000000000000000000000000000000000000000000000000000000000000
00000000000000010000000000000000000000000000000000000000000000000000000000000000
00000000000000000000000000000000000000000000000000000000000000000000000000000000
00000000000000000000000000000000000000000000000000000000000000000000000000000001
00000000000000000000000000000000000000000000000000000000000000000000000000000000
00000000000000000000000000000000000000000000000000000000000000000000000100000000
00000000000000000000000000000000000000000000000000000000000000010000000000000000
00000000000000000000000000000000000000000000000000000000000000000000000100000000
00000000000000000000000000000000000000000000000000000000000000000000000000000000
00000000000000000000000000000000000000000000000000000000000000000000000000000000
00000000000000000000000000000000000000000000000000000000000000000000000000000000
00000000000000000000000000000000000000000000000000000000000000000000000000000000
00000000000000000000000000000000000000000000000000000000000000000000000000000000
00000000000000000000000000000000000000000000000000000000000000000000000000000000
00000000000000000000000000000000000000000000000000000000000000000000000000000000
00000000000000000000000000000000000000000000000000000000000000000000000000000000
00000000000000000000000000000000000000000000000000000000000000000000000000000000
00000000000000000000000000000000000000000000000000000000000000000000000000000000
00000000000000000000000000000000000000000000000000000000000000000000000000000000
00000000000000000000000000000000000000000000000000000000000000000000000000000000
00000000000000000000000000000000000000000000000000000000000000000000000000000000
00000000000000000000000000000000000000000000000000000000000000000000000000000000
00000000000000000000000000000000000000000000000000000000000000000000000000000000
00000000000000000000000000000000000000000000000000000000000000000000000000000000
00000000000000000000000000000000000000000000000000000000000000000000000000000000
00000000000000000000000000000000000000000000000000000000000000000000000000000000
00000000000000000000000000000000000000000000000000000000000000000000000000000000
00000000000000000000000000000000000000000000000000000000000000000000000000000000
00000000000000000000000000000000000000000000000000000000000000000000000000000000
00000000000000000000000000000000000000000000000000000000000000000000000000000000
00000000000000000000000000000000000000000000000000000000000000000000000000000000
00000000000000000000000000000000000000000000000000000000000000000000000000000000
00000000000000000000000000000000000000000000000000000000000000000000000000000000
00000000000000000000000000000000000000000000000000000000000000000000000000000000
00000000000000000000000000000000000000000000000000000000000000000000000000000000
00000000000000000000000000000000000000000000000000000000000000000000000000000000
00000000000000000000000000000000000000000000000000000000000000000000000000000000
00000000000000000000000000000000000000000000000000000000000000000000000000000000
00000000000000000000000000000000000000000000000000000000000000000000000000000000
00000000000000000000000000000000000000000000000000000000000000000000000000000000
00000000000000000000000000000000000000000000000000000000000000000000000000000000
00000000000000000000000000000000000000000000000000000000000000000000000000000000
00000000000000000000000000000000000000000000000000000000000000000000000000000000
00000000000000000000000000000000000000000000000000000000000000000000000000000000
00000000000000000000000000000000000000000000000000000000000000000000000000000000
00000000000000000000000000000000000000000000000000000000000000000000000000000000
00000000000000000000000000000000000000000000000000000000000000000000000000000000
00000000000000000000000000000000000000000000000000000000000000000000000000000000
00000000000000000000000000000000000000000000000000000000000000000000000000000000
00000000000000000000000000000000000000000000000000000000000000000000000000000000
00000000000000000000000000000000000000000000000000000000000000000000000000000000
00000000000000000000000000000000000000000000000000000000000000000000000000000000
00000000000000000000000000000000000000000000000000000000000000000000000000000000
00000000000000000000000000000000000000000000000000000000000000000000000000000000
00000000000000000000000000000000000000000000000000000000000000000000000000000000
00000000000000000000000000000000000000000000000000000000000000000000000000000000
00000000000000000000000000000000000000000000000000000000000000000000000000000000
00000000000000000000000000000000000000000000000000000000000000000000000000000000
00000000000000000000000000000000000000000000000000000000000000000000000000000000
00000000000000000000000000000000000000000000000000000000000000000000000000000000
00000000000000000000000000000000000000000000000000000000000000000000000000000000
00000000000000000000000000000000000000000000000000000000000000000000000000000000
00000000000000000000000000000000000000000000000000000000000000000000000000000000
00000000000000000000000000000000000000000000000000000000000000000000000000000000
00000000000000000000000000000000000000000000000000000000000000000000000000000000
00000000000000000000000000000000000000000000000000000000000000000000000000000000
00000000000000000000000000000000000000000000000000000000000000000000000000000000
00000000000000000000000000000000000000000000000000000000000000000000000000000000
00000000000000000000000000000000000000000000000000000000000000000000000000000000
00000000000000000000000000000000000000000000000000000000000000000000000000000000
00000000000000000000000000000000000000000000000000000000000000000000000000000000
00000000000000000000000000000000000000000000000000000000000000000000000000000000
00000000000000000000000000000000000000000000000000000000000000000000000000000000
00000000000000000000000000000000000000000000000000000000000000000000000000000000
00000000000000000000000000000000000000000000000000000000000000000000000000000000
00000000000000000000000000000000000000000000000000000000000000000000000000000000
00000000000000000000000000000000000000000000000000000000000000000000000000000000
00000000000000000000000000000000000000000000000000000000000000000000000000000000
00000000000000000000000000000000000000000000000000000000000000000000000000000000
00000000000000000000000000000000000000000000000000000000000000000000000000000000
00000000000000000000000000000000000000000000000000000000000000000000000000000000
00000000000000000000000000000000000000000000000000000000000000000000000000000000
00000000000000000000000000000000000000000000000000000000000000000000000000000000
00000000000000000000000000000000000000000000000000000000000000000000000000000000
00000000000000000000000000000000000000000000000000000000000000000000000000000000
00000000000000000000000000000000000000000000000000000000000000000000000000000000
00000000000000000000000000000000000000000000000000000000000000000000000000000000
00000000000000000000000000000000000000000000000000000000000000000000000000000000
00000000000000000000000000000000000000000000000000000000000000000000000000000000
00000000000000000000000000000000000000000000000000000000000000000000000000000000
00000000000000000000000000000000000000000000000000000000000000000000000000000000
00000000000000000000000000000000000000000000000000000000000000000000000000000000
00000000000000000000000000000000000000000000000000000000000000000000000000000000
00000000000000000000000000000000000000000000000000000000000000000000000000000000
00000000000000000000000000000000000000000000000000000000000000000000000000000000
00000000000000000000000000000000000000000000000000000000000000000000000000000000
00000000000000000000000000000000000000000000000000000000000000000000000000000000
00000000000000000000000000000000000000000000000000000000000000000000000000000000
00000000000000000000000000000000000000000000000000000000000000000000000000000000
00000000000000000000000000000000000000000000000000000000000000000000000000000000
00000000000000000000000000000000000000000000000000000000000000000000000000000000
00000000000000000000000000000000000000000000000000000000000000000000000000000000
00000000000000000000000000000000000000000000000000000000000000000000000000000000
00000000000000000000000000000000000000000000000000000000000000000000000000000000
00000000000000000000000000000000000000000000000000000000000000000000000000000000
00000000000000000000000000000000000000000000000000000000000000000000000000000000
00000000000000000000000000000000000000000000000000000000000000000000000000000000
00000000000000000000000000000000000000000000000000000000000000000000000000000000
00000000000000000000000000000000000000000000000000000000000000000000000000000000
00000000000000000000000000000000000000000000000000000000000000000000000000000000
00000000000000000000000000000000000000000000000000000000000000000000000000000000
00000000000000000000000000000000000000000000000000000000000000000000000000000000
00000000000000000000000000000000000000000000000000000000000000000000000000000000
00000000000000000000000000000000000000000000000000000000000000000000000000000000
00000000000000000000000000000000000000000000000000000000000000000000000000000000
00000000000000000000000000000000000000000000000000000000000000000000000000000000
00000000000000000000000000000000000000000000000000000000000000000000000000000000
00000000000000000000000000000000000000000000000000000000000000000000000000000000
00000000000000000000000000000000000000000000000000000000000000000000000000000000
00000000000000000000000000000000000000000000000000000000000000000000000000000000
00000000000000000000000000000000000000000000000000000000000000000000000000000000
00000000000000000000000000000000000000000000000000000000000000000000000000000000
00000000000000000000000000000000000000000000000000000000000000000000000000000000
00000000000000000000000000000000000000000000000000000000000000000000000000000000
00000000000000000000000000000000000000000000000000000000000000000000000000000000
00000000000000000000000000000000000000000000000000000000000000000000000000000000
00000000000000000000000000000000000000000000000000000000000000000000000000000000
00000000000000000000000000000000000000000000000000000000000000000000000000000000
00000000000000000000000000000000000000000000000000000000000000000000000000000000
00000000000000000000000000000000000000000000000000000000000000000000000000000000
00000000000000000000000000000000000000000000000000000000000000000000000000000000
00000000000000000000000000000000000000000000000000000000000000000000000000000000
00000000000000000000000000000000000000000000000000000000000000000000000000000000
00000000000000000000000000000000000000000000000000000000000000000000000000000000
00000000000000000000000000000000000000000000000000000000000000000000000000000000
00000000000000000000000000000000000000000000000000000000000000000000000000000000
00000000000000000000000000000000000000000000000000000000000000000000000000000000
00000000000000000000000000000000000000000000000000000000000000000000000000000000
00000000000000000000000000000000000000000000000000000000000000000000000000000000
00000000000000000000000000000000000000000000000000000000000000000000000000000000
00000000000000000000000000000000000000000000000000000000000000000000000000000000
00000000000000000000000000000000000000000000000000000000000000000000000000000000
00000000000000000000000000000000000000000000000000000000000000000000000000000000
00000000000000000000000000000000000000000000000000000000000000000000000000000000
00000000000000000000000000000000000000000000000000000000000000000000000000000000
00000000000000000000000000000000000000000000000000000000000000000000000000000000
00000000000000000000000000000000000000000000000000000000000000000000000000000000
00000000000000000000000000000000000000000000000000000000000000000000000000000000
00000000000000000000000000000000000000000000000000000000000000000000000000000000
00000000000000000000000000000000000000000000000000000000000000000000000000000000
00000000000000000000000000000000000000000000000000000000000000000000000000000000
00000000000000000000000000000000000000000000000000000000000000000000000000000000
00000000000000000000000000000000000000000000000000000000000000000000000000000000
00000000000000000000000000000000000000000000000000000000000000000000000000000000
00000000000000000000000000000000000000000000000000000000000000000000000000000000
00000000000000000000000000000000000000000000000000000000000000000000000000000000
00000000000000000000000000000000000000000000000000000000000000000000000000000000
00000000000000000000000000000000000000000000000000000000000000000000000000000000
00000000000000000000000000000000000000000000000000000000000000000000000000000000
00000000000000000000000000000000000000000000000000000000000000000000000000000000
00000000000000000000000000000000000000000000000000000000000000000000000000000000
00000000000000000000000000000000000000000000000000000000000000000000000000000000
00000000000000000000000000000000000000000000000000000000000000000000000000000000
00000000000000000000000000000000000000000000000000000000000000000000000000000000
00000000000000000000000000000000000000000000000000000000000000000000000000000000
00000000000000000000000000000000000000000000000000000000000000000000000000000000
00000000000000000000000000000000000000000000000000000000000000000000000000000000
00000000000000000000000000000000000000000000000000000000000000000000000000000000
00000000000000000000000000000000000000000000000000000000000000000000000000000000
00000000000000000000000000000000000000000000000000000000000000000000000000000000
00000000000000000000000000000000000000000000000000000000000000000000000000000000
00000000000000000000000000000000000000000000000000000000000000000000000000000000
00000000000000000000000000000000000000000000000000000000000000000000000000000000
00000000000000000000000000000000000000000000000000000000000000000000000000000000
00000000000000000000000000000000000000000000000000000000000000000000000000000000
00000000000000000000000000000000000000000000000000000000000000000000000000000000
00000000000000000000000000000000000000000000000000000000000000000000000000000000
00000000000000000000000000000000000000000000000000000000000000000000000000000000
00000000000000000000000000000000000000000000000000000000000000000000000000000000
00000000000000000000000000000000000000000000000000000000000000000000000000000000
00000000000000000000000000000000000000000000000000000000000000000000000000000000
00000000000000000000000000000000000000000000000000000000000000000000000000000000
00000000000000000000000000000000000000000000000000000000000000000000000000000000
00000000000000000000000000000000000000000000000000000000000000000000000000000000
00000000000000000000000000000000000000000000000000000000000000000000000000000000
00000000000000000000000000000000000000000000000000000000000000000000000000000000
00000000000000000000000000000000000000000000000000000000000000000000000000000000
00000000000000000000000000000000000000000000000000000000000000000000000000000000
00000000000000000000000000000000000000000000000000000000000000000000000000000000
00000000000000000000000000000000000000000000000000000000000000000000000000000000
00000000000000000000000000000000000000000000000000000000000000000000000000000000
00000000000000000000000000000000000000000000000000000000000000000000000000000000
000000000000000000000000000000000000000000000000