 0006024 0000030 0000000 0004095 1041018 0055513
00000000000000000000000000000000000000000000000000000000000000000000000000000000
00000000000000000000000000000000000000000000000000000000000000000000000200000001
00000000000000000000000100000000000000000000000000000000000000000000000300000000
00000000000000010000000100000001000000000000000100000001000000000000000000000001
00000000000000000000000000000000000000000000000000000000000000000000000000000000
00000002000000000000000000000001000000010000000000000001000000000000000000000000
00000001000000000000000000000000000000000000000100000000000000010000000000000002
00000001000000010000000100000000000000000000000000000000000000010000000000000000
00000002000000000000000000000001000000000000000100000001000000020000000000000001
00000000000000010000000100000001000000000000000300000003000000010000000100000002
00000002000000010000000000000002000000020000000300000002000000000000000000000001
00000002000000020000000200000000000000010000000100000004000000010000000100000002
00000002000000030000000300000003000000030000000100000003000000010000000200000000
00000002000000040000000200000002000000000000000200000000000000020000000000000000
00000003000000020000000100000004000000020000000300000002000000050000000200000004
00000003000000050000000400000003000000060000000100000002000000020000000800000008
00000007000000040000001000000006000000090000000600000006000000140000001200000011
00000009000000110000000900000017000000160000001800000021000000120000002100000033
00000019000000230000002200000028000000350000003400000034000000570000006700000087
00000111000001460000020900000273000003140000043000000491000005300000055600000628
00000640000006620000068200000641000006830000070400000633000006480000067400000632
00000571000006440000064800000654000006280000065400000619000006020000062700000608
00000618000006210000057200000586000005570000055900000558000005440000054700000542
00000575000005540000056200000542000005620000055300000536000005320000054400000538
00000527000005580000056300000549000005590000048300000552000005160000053000000469
00000509000005040000049300000502000005150000045800000510000004850000049000000492
00000453000004790000044600000468000004330000045200000488000004100000044700000406
00000442000003980000042400000410000004420000037300000404000004260000045400000389
00000388000004330000043900000358000003910000039900000407000004090000039400000395
00000372000003440000036500000357000003520000035400000392000003490000034500000329
00000340000003800000036900000348000003640000041200000347000003540000033800000341
00000339000003550000038300000385000003700000032000000335000003170000032700000375
00000299000003330000032100000335000003800000036400000329000003530000035100000336
00000324000003160000031300000347000003270000033700000347000003520000031600000327
00000349000003100000031900000310000003500000032100000315000003000000033100000313
00000327000003080000033800000341000003340000028600000322000002870000030300000314
00000290000002970000030400000310000002940000030800000312000003120000028800000305
00000335000003130000032000000285000003070000032400000338000002670000028300000286
00000333000002980000033900000290000002980000031000000305000002950000034200000312
00000333000002820000031700000300000003160000028800000323000003070000031100000306
00000279000003020000028500000256000002830000031700000297000002850000030500000297
00000293000002950000031000000277000002930000030800000282000002730000028200000304
00000282000002600000030100000278000002980000030000000273000002790000029300000285
00000258000002620000030200000262000002880000026200000268000002620000024800000275
00000263000002680000026100000251000002490000026200000229000002540000024500000283
00000255000002560000024900000232000002480000027000000233000002800000023900000211
00000244000002360000023500000221000002210000025600000240000002430000025300000237
00000241000002390000021300000228000002250000024300000238000002220000020000000222
00000208000002220000022400000195000002000000020300000239000002190000021300000207
00000200000001990000021300000244000002190000021200000210000002280000021700000198
00000222000001950000020400000232000002050000021000000189000002200000022700000201
00000198000002190000021800000204000001940000021600000213000001960000020900000206
00000208000002070000020200000207000002020000018700000190000001940000023100000223
00000236000002020000021100000206000002220000022200000214000002000000021400000215
00000233000001940000020400000223000001960000021500000185000001950000020700000239
00000212000002320000019200000199000001980000019600000220000001970000018800000208
00000181000002060000019900000225000001830000020300000216000001950000020400000180
00000215000001970000020100000207000002080000018900000189000002000000019600000194
00000211000001900000019100000190000002020000020300000190000002110000019700000218
00000157000001810000018300000198000001900000020300000187000002030000016800000199
00000193000001680000019000000172000001910000019600000206000002020000016900000190
00000184000001940000018000000198000001940000018000000147000002090000020100000176
00000248000001830000019900000177000001890000018400000209000002030000019600000195
00000179000001930000021200000206000001800000021600000192000002130000018000000175
00000182000001900000019900000211000002050000020600000180000002060000020100000208
00000190000002140000019600000190000002100000021500000245000001880000019700000202
00000191000002090000018900000204000001940000021200000200000001910000020800000185
00000189000002170000019000000216000001800000023300000184000002040000020700000220
00000208000001780000020900000222000002070000018300000226000001900000021200000187
00000200000002030000019100000228000001930000019500000193000002180000019700000215
00000189000001870000019500000198000001820000021300000207000001810000020100000195
00000178000002010000020300000204000002050000018300000175000001920000017700000201
00000180000002010000021300000203000001710000018600000184000001840000018600000212
00000189000001820000020100000212000001750000016600000174000001750000018000000173
00000156000001430000017700000162000001550000014600000140000001530000016300000140
00000151000001410000014900000147000001450000015200000146000001620000014400000136
00000124000001260000013100000131000001290000012000000111000001260000011100000130
00000131000001040000013200000119000001200000011700000123000001010000013400000096
00000094000000980000011300000110000000830000011100000098000001220000010200000092
00000118000001000000007600000088000000970000008500000083000000980000010500000096
00000089000001190000007000000103000000990000009400000094000000790000009000000086
00000085000000750000008700000094000000800000008000000089000000840000009500000091
00000095000000820000007500000080000000780000007600000078000000820000007200000080
00000062000000710000007300000090000000720000006900000078000000730000007200000086
00000076000000770000007800000083000000680000007100000063000000750000008300000083
00000077000000600000006700000078000000770000006800000060000000870000008500000077
00000088000000720000008000000078000000690000006900000064000000710000006400000059
00000075000000560000007100000067000000650000007900000079000000800000007100000057
00000082000000680000007400000076000000800000007500000071000000810000005900000063
00000067000000860000007100000067000000640000006300000072000000520000007900000075
00000056000000740000006500000056000000820000006800000064000000650000006300000063
00000066000000550000007600000058000000770000006300000067000000580000006400000059
00000054000000650000005400000062000000630000006200000056000000650000007900000064
00000061000000610000005200000075000000610000006700000058000000580000007000000070
00000065000000620000006100000059000000560000005800000053000000560000005200000055
00000049000000460000006000000046000000660000004700000048000000580000006300000064
00000063000000560000006400000051000000660000005100000055000000520000004700000049
00000065000000480000005500000055000000650000005400000047000000450000004700000051
00000049000000600000005000000050000000610000005300000048000000470000004800000061
00000050000000730000006100000061000000680000006400000055000000680000005200000053
00000056000000560000005700000062000000580000004600000049000000630000005000000058
00000055000000430000004900000045000000430000005500000063000000440000004000000048
00000052000000570000003900000049000000500000004800000050000000380000004900000056
00000047000000580000003500000037000000570000004300000055000000470000005100000057
00000054000000490000004400000050000000470000005300000046000000380000005100000054
00000047000000430000005000000056000000540000005400000054000000550000004900000045
00000033000000550000004200000061000000480000004800000035000000530000005000000059
00000042000000480000004600000060000000470000003600000045000000450000005500000035
00000044000000520000003100000047000000370000003900000045000000510000004900000036
00000043000000550000004600000050000000460000003700000038000000490000004300000031
00000040000000570000004400000038000000410000004100000030000000410000004800000050
00000050000000460000004700000054000000490000004700000042000000610000005600000038
00000050000000510000003100000048000000400000004700000039000000510000003600000050
00000042000000450000003900000040000000330000004500000047000000540000004400000040
00000029000000460000004200000049000000280000004500000061000000340000003600000052
00000036000000390000003900000041000000450000003500000042000000340000004600000054
00000036000000400000003100000033000000370000005100000039000000550000003000000031
00000027000000440000003800000036000000370000004300000036000000620000003600000039
00000040000000350000004100000035000000460000003900000034000000400000003400000041
00000046000000330000003300000036000000450000004200000037000000410000003200000030
00000041000000310000003500000032000000260000004200000038000000390000004100000030
00000035000000340000002800000053000000370000004900000037000000400000003500000047
00000042000000350000003700000047000000340000005000000039000000420000004600000040
00000037000000340000003500000019000000300000004400000029000000320000002700000024
00000045000000310000002800000036000000370000003000000033000000350000002700000038
00000038000000390000002500000031000000380000003600000044000000340000002600000036
00000038000000350000003500000033000000340000002900000048000000340000004100000025
00000035000000320000003000000029000000330000003700000029000000250000003000000025
00000029000000240000004100000027000000370000002500000026000000220000002900000023
00000034000000210000003900000030000000270000002600000020000000250000002800000045
00000039000000380000002600000030000000340000003300000034000000310000002300000035
00000030000000270000004000000022000000260000003000000027000000230000003200000028
00000021000000320000003400000023000000310000003600000021000000210000002800000041
00000035000000260000002200000038000000350000003600000020000000310000003000000037
00000035000000260000002700000023000000330000003000000030000000340000003600000033
00000032000000310000003200000045000000280000002500000027000000210000003500000034
00000034000000250000004100000025000000260000002800000026000000320000002700000028
00000025000000210000002600000030000000260000003100000022000000360000002200000031
00000034000000300000004000000038000000420000002600000025000000220000003100000018
00000032000000270000002700000027000000350000003300000032000000320000002900000033
00000028000000340000003000000039000000280000002800000038000000260000002600000033
00000025000000260000002600000023000000250000002500000021000000220000002700000032
00000030000000270000002500000026000000210000002500000024000000300000002800000026
00000031000000250000002100000027000000130000002800000030000000220000002100000022
00000027000000300000003200000022000000230000002400000029000000260000002600000021
00000024000000220000002200000024000000320000002500000023000000260000002700000031
00000013000000210000002000000016000000180000002600000027000000260000002100000028
00000034000000180000003300000023000000250000001800000013000000240000002000000022
00000022000000320000002700000027000000230000002700000023000000260000001700000027
00000027000000220000002800000021000000270000002600000033000000260000002600000024
00000029000000190000003000000029000000240000002200000024000000290000002300000027
00000022000000300000002400000023000000220000002600000020000000230000002500000023
00000016000000180000002400000028000000290000004100000032000000280000002400000032
00000026000000220000001700000033000000180000002700000027000000190000003500000020
00000023000000190000002700000034000000170000002100000020000000300000003400000022
00000021000000290000003100000026000000220000002200000031000000140000002800000030
00000025000000270000001800000020000000280000002000000024000000160000001800000018
00000022000000290000002400000016000000210000003200000025000000230000001800000017
00000021000000290000002200000028000000210000001900000021000000260000002300000021
00000019000000310000001900000026000000180000001900000024000000270000002500000022
00000012000000230000002500000030000000230000002600000020000000310000002100000013
00000026000000310000001600000016000000200000002300000023000000220000002200000022
00000021000000280000002000000012000000160000002500000017000000150000002200000014
00000019000000200000002300000026000000240000002700000017000000130000002200000018
00000025000000180000002000000027000000200000002200000019000000130000002100000021
00000023000000160000001800000020000000210000002200000017000000200000001900000020
00000010000000210000002400000020000000260000001800000018000000180000002500000016
00000016000000140000002900000015000000220000001500000017000000240000001700000017
00000012000000240000002300000010000000180000001600000018000000160000002100000020
00000014000000170000002400000018000000210000001200000021000000130000001400000026
00000019000000260000001700000025000000290000001300000022000000230000001600000020
00000027000000200000001300000018000000230000001300000019000000240000001100000027
00000025000000200000001800000025000000130000002000000027000000210000001600000025
00000018000000200000001700000030000000210000001700000012000000190000001600000011
00000018000000150000001500000021000000170000001700000014000000180000001300000014
00000012000000290000001700000010000000150000001700000016000000230000001600000020
00000015000000190000002000000014000000240000001500000021000000170000001400000017
00000021000000140000001900000017000000200000001200000015000000130000002300000021
00000012000000190000001600000012000000200000001500000020000000120000001900000020
00000018000000090000001900000015000000240000002200000014000000190000001500000015
00000017000000140000001700000010000000230000001700000022000000130000001300000015
00000019000000210000001500000017000000190000001700000018000000130000001900000019
00000009000000180000001100000015000000120000001700000019000000180000001200000013
00000017000000140000001800000018000000160000002300000012000000180000001500000021
00000020000000160000001700000013000000190000000600000013000000120000001400000015
00000012000000170000001600000019000000100000001100000016000000090000001400000012
00000022000000110000001500000011000000170000000900000015000000070000001600000011
00000021000000150000001500000010000000140000000700000021000000160000000900000006
00000011000000100000001600000012000000130000001400000010000000180000000900000016
00000015000000180000001100000012000000140000001000000007000000180000000900000014
00000013000000150000000500000013000000090000001000000010000000100000001400000011
00000011000000100000002000000015000000090000001700000008000000080000001800000010
00000010000000090000001000000016000000190000000900000010000000120000001000000012
00000010000000180000001300000010000000100000000900000010000000130000001000000012
00000006000000110000001400000015000000110000000800000005000000130000001500000013
00000013000000120000001800000009000000070000001200000009000000150000001000000011
00000013000000070000000700000004000000070000000800000007000000100000001000000014
00000008000000120000001300000006000000100000001100000014000000080000001400000012
00000007000000070000001000000011000000130000001500000009000000080000001400000007
00000013000000100000001300000011000000130000001200000010000000130000001100000009
00000007000000160000001100000005000000050000000800000010000000080000001200000008
00000004000000090000000700000012000000080000001100000006000000080000000900000011
00000010000000080000000500000008000000080000000400000012000000070000001400000012
00000008000000050000001200000007000000040000000900000005000000140000000700000010
00000006000000070000000600000006000000080000000700000006000000070000000700000006
00000007000000030000000400000013000000080000001000000007000000090000000500000003
00000004000000070000000700000009000000110000000700000007000000090000000600000014
00000006000000070000001000000007000000040000001300000011000000060000000300000006
00000010000000040000000500000010000000070000000300000006000000040000000800000015
00000011000000070000000200000008000000090000000200000009000000090000000500000007
00000007000000070000001400000015000000090000001000000010000000120000001100000006
00000007000000110000000800000009000000020000000900000007000000030000001000000005
00000008000000060000000600000008000000060000001600000012000000060000000700000006
00000006000000050000000500000006000000090000000700000014000000050000000500000005
00000009000000070000000500000008000000070000000700000008000000000000000600000006
00000007000000090000001100000003000000020000000600000008000000050000000400000004
00000005000000040000001100000005000000050000000500000006000000070000000400000008
00000006000000070000000600000010000000050000000700000005000000020000000600000006
00000006000000090000000900000009000000040000000700000007000000020000000500000007
00000009000000120000000600000002000000040000001500000003000000080000000300000005
00000002000000080000000800000006000000020000000500000007000000040000000200000004
00000012000000050000000500000004000000070000000600000005000000100000000600000004
00000005000000050000000500000005000000050000000300000004000000090000000400000004
00000006000000070000001000000002000000070000000500000006000000070000000700000004
00000010000000060000000400000006000000030000000200000013000000040000000800000006
00000005000000070000000200000004000000050000000400000004000000030000000400000005
00000002000000080000000500000006000000040000000300000007000000080000000600000002
00000006000000040000000500000004000000090000000700000004000000040000000400000006
00000003000000040000000300000004000000070000000500000005000000040000000300000001
00000005000000080000000800000005000000010000000300000004000000010000000600000002
00000007000000090000000200000005000000040000000500000008000000040000000600000004
00000001000000020000000600000005000000060000000600000003000000050000000400000005
00000003000000070000000700000001000000040000000400000004000000040000000200000004
00000008000000050000000500000008000000030000000300000003000000040000000600000006
00000005000000020000000300000002000000010000000300000002000000020000000200000004
00000004000000050000000100000004000000020000000200000001000000060000000500000003
00000002000000050000000200000004000000030000000100000003000000030000000500000007
00000003000000020000000600000002000000030000000400000004000000020000000500000002
00000002000000030000000300000001000000080000000500000002000000040000000400000005
00000006000000050000000300000006000000080000000300000005000000000000000100000007
00000002000000020000000100000004000000020000000100000000000000040000000200000004
00000002000000040000000100000001000000030000000500000000000000060000000600000000
00000005000000050000000500000001000000020000000700000001000000040000000300000003
00000003000000020000000400000002000000060000000600000003000000020000000200000005
00000004000000030000000400000000000000050000000300000001000000000000000300000003
00000001000000030000000300000002000000020000000500000004000000040000000500000003
00000000000000010000000100000003000000070000000600000002000000020000000300000003
00000006000000020000000100000003000000030000000200000004000000020000000000000002
00000003000000040000000500000005000000010000000100000000000000010000000100000005
00000005000000040000000200000003000000010000000300000003000000010000000300000003
00000003000000000000000400000004000000030000000400000002000000030000000400000005
00000003000000040000000300000002000000010000000300000002000000020000000300000002
00000002000000010000000000000003000000040000000100000001000000050000000300000000
00000001000000020000000400000003000000010000000200000000000000000000000000000004
00000003000000020000000200000001000000010000000400000000000000040000000000000001
00000000000000010000000000000002000000020000000100000002000000010000000200000004
00000002000000010000000200000002000000010000000300000001000000020000000200000001
00000001000000010000000000000000000000000000000200000004000000020000000100000002
00000001000000000000000000000001000000010000000300000001000000000000000100000001
00000000000000060000000200000002000000030000000100000001000000030000000200000003
00000001000000020000000200000000000000020000000200000002000000020000000100000001
00000003000000010000000100000002000000000000000300000002000000020000000100000001
00000001000000060000000200000002000000020000000200000001000000030000000400000001
00000003000000030000000200000002000000020000000100000001000000040000000000000002
00000000000000010000000200000001000000020000000400000004000000010000000000000001
00000001000000010000000200000003000000010000000100000000000000010000000100000003
00000002000000000000000100000001000000020000000100000004000000000000000000000001
00000002000000030000000200000001000000000000000000000000000000040000000100000003
00000000000000000000000100000001000000030000000100000001000000010000000200000003
00000001000000010000000100000001000000000000000100000001000000030000000100000001
00000000000000000000000200000003000000010000000000000004000000000000000100000002
00000000000000000000000100000002000000020000000100000001000000000000000100000001
00000002000000010000000300000001000000020000000000000000000000000000000100000001
00000001000000010000000100000000000000010000000100000002000000000000000000000000
00000001000000020000000300000000000000010000000100000000000000010000000000000001
00000000000000000000000100000002000000000000000100000000000000010000000000000000
00000001000000010000000000000003000000010000000100000000000000020000000000000001
00000002000000010000000000000001000000010000000300000001000000000000000000000000
00000001000000000000000000000001000000010000000200000000000000020000000100000000
00000002000000000000000000000000000000000000000000000001000000010000000100000000
00000002000000000000000000000000000000000000000200000000000000030000000000000000
00000000000000010000000000000000000000000000000000000001000000000000000000000001
00000000000000000000000100000000000000000000000100000002000000000000000100000001
00000001000000010000000100000000000000000000000100000001000000020000000000000001
00000000000000020000000000000001000000000000000000000000000000000000000000000002
00000000000000010000000100000001000000030000000000000000000000000000000000000001
00000002000000000000000000000000000000010000000100000000000000020000000000000001
00000002000000020000000100000000000000000000000100000002000000010000000000000003
00000001000000010000000000000000000000000000000000000002000000010000000200000000
00000001000000000000000000000000000000010000000000000001000000000000000000000001
00000000000000010000000100000002000000010000000100000000000000000000000100000001
00000000000000000000000000000000000000000000000000000001000000010000000100000000
00000000000000000000000100000002000000010000000000000000000000000000000100000000
00000000000000010000000200000001000000030000000000000000000000010000000100000001
00000001000000000000000000000000000000000000000100000002000000010000000000000001
00000000000000000000000000000001000000000000000200000000000000000000000100000000
00000001000000000000000100000003000000020000000000000000000000010000000100000000
00000001000000010000000000000000000000010000000000000001000000010000000300000000
00000000000000000000000000000001000000020000000100000000000000010000000000000001
00000001000000010000000000000001000000020000000000000001000000000000000200000000
00000000000000000000000000000000000000000000000100000000000000000000000100000000
00000000000000000000000000000001000000000000000200000001000000000000000100000001
00000000000000000000000000000000000000000000000000000000000000000000000000000000
00000000000000020000000000000000000000000000000000000000000000000000000100000001
00000001000000010000000000000000000000010000000100000000000000000000000000000001
00000001000000000000000000000000000000000000000000000001000000000000000100000000
00000000000000030000000000000000000000000000000000000002000000010000000100000001
00000000000000010000000000000001000000000000000000000000000000000000000100000000
00000000000000000000000100000000000000000000000000000000000000000000000100000000
00000000000000000000000000000000000000000000000100000000000000020000000000000000
00000000000000000000000000000000000000000000000100000001000000000000000100000000
00000001000000000000000000000000000000010000000000000001000000000000000100000000
00000000000000000000000000000001000000000000000100000000000000000000000000000000
00000000000000000000000000000000000000000000000000000000000000000000000000000001
00000000000000000000000000000002000000020000000100000000000000010000000000000000
00000000000000020000000100000000000000000000000000000000000000020000000100000000
00000000000000000000000000000000000000020000000000000001000000000000000000000001
00000000000000000000000000000000000000000000000000000000000000000000000000000000
00000000000000000000000000000000000000010000000000000000000000000000000100000000
00000002000000000000000000000000000000000000000000000000000000000000000100000000
00000000000000010000000000000000000000000000000000000001000000010000000100000000
00000000000000000000000000000000000000000000000000000000000000010000000000000000
00000000000000000000000100000000000000000000000000000000000000000000000000000000
00000000000000000000000000000001000000000000000000000000000000020000000000000000
00000000000000000000000000000000000000000000000000000000000000000000000000000000
00000000000000000000000100000000000000000000000000000000000000000000000000000001
00000000000000000000000000000000000000000000000000000000000000010000000000000000
00000000000000000000000000000001000000000000000000000000000000000000000000000000
00000001000000010000000000000000000000000000000000000000000000000000000000000000
00000000000000000000000000000000000000000000000000000000000000000000000000000000
00000000000000000000000000000000000000000000000000000001000000000000000000000000
00000000000000000000000000000000000000000000000000000000000000000000000000000000
00000000000000000000000000000000000000010000000000000000000000000000000000000000
00000000000000000000000000000001000000000000000000000000000000000000000000000000
00000000000000000000000000000001000000000000000000000000000000000000000000000000
00000000000000000000000000000000000000000000000100000001000000000000000000000000
00000000000000000000000000000000000000000000000000000000000000000000000000000000
00000000000000000000000000000000000000000000000000000000000000010000000000000000
00000001000000000000000100000000000000000000000000000000000000000000000000000000
00000000000000000000000000000000000000000000000000000000000000000000000000000000
00000000000000000000000100000000000000010000000000000001000000000000000000000000
00000000000000000000000000000000000000000000000000000000000000000000000000000000
00000000000000000000000000000000000000000000000000000001000000000000000000000000
00000000000000000000000000000000000000000000000000000000000000000000000000000000
00000000000000000000000000000000000000000000000000000000000000000000000000000000
00000000000000000000000000000000000000000000000000000000000000000000000000000000
00000000000000000000000000000000000000000000000000000000000000000000000000000000
00000000000000010000000100000000000000010000000000000000000000000000000000000000
00000000000000000000000000000000000000010000000100000000000000000000000000000000
00000000000000000000000100000000000000000000000000000000000000000000000200000002
00000000000000000000000000000001000000010000000000000000000000000000000100000000
00000000000000010000000000000000000000000000000000000000000000000000000100000000
00000000000000000000000000000000000000000000000000000000000000000000000000000000
00000000000000000000000000000000000000000000000000000000000000000000000000000000
00000000000000000000000000000000000000000000000000000000000000000000000000000000
00000000000000010000000000000000000000000000000000000000000000000000000000000000
00000000000000000000000000000000000000000000000000000000000000000000000000000000
00000000000000000000000000000000000000000000000000000001000000000000000000000000
00000000000000010000000000000000000000000000000000000000000000000000000000000000
00000000000000000000000000000001000000000000000000000000000000000000000100000000
00000000000000000000000000000001000000000000000000000000000000000000000000000000
00000000000000000000000000000000000000000000000000000000000000000000000000000000
00000000000000000000000000000000000000000000000000000000000000000000000000000000
00000000000000000000000000000000000000000000000000000000000000000000000000000000
00000000000000000000000000000000000000000000000000000000000000000000000000000000
00000000000000000000000000000000000000000000000000000000000000000000000000000000
00000000000000000000000000000000000000000000000000000000000000000000000000000000
00000000000000000000000000000000000000000000000000000000000000000000000000000000
00000000000000000000000000000000000000000000000000000000000000000000000000000000
00000000000000000000000000000000000000000000000000000000000000000000000000000000
00000000000000000000000000000000000000000000000000000000000000000000000000000000
00000000000000000000000000000000000000000000000000000000000000000000000000000000
00000000000000000000000000000000000000000000000000000000000000000000000000000000
00000000000000000000000000000000000000000000000000000000000000000000000000000000
00000000000000000000000000000000000000000000000000000000000000000000000000000000
00000000000000000000000000000000000000000000000000000000000000000000000000000000
00000000000000000000000000000000000000000000000000000000000000000000000000000000
00000000000000000000000000000000000000000000000000000000000000000000000000000000
00000000000000000000000000000000000000000000000000000000000000000000000000000000
00000000000000000000000000000000000000000000000000000000000000000000000000000000
00000000000000000000000000000000000000000000000000000000000000000000000000000000
00000000000000000000000000000000000000000000000000000000000000000000000000000000
00000000000000000000000000000000000000000000000000000000000000000000000000000000
00000000000000000000000000000000000000000000000000000000000000000000000000000000
00000000000000000000000000000000000000000000000000000000000000000000000000000000
00000000000000000000000000000000000000000000000000000000000000000000000000000000
00000000000000000000000000000000000000000000000000000000000000000000000000000000
00000000000000000000000000000000000000000000000000000000000000000000000000000000
00000000000000000000000000000000000000000000000000000000000000000000000000000000
00000000000000000000000000000000000000000000000000000000000000000000000000000000
00000000000000000000000000000000000000000000000000000000000000000000000000000000
00000000000000000000000000000000000000000000000000000000000000000000000000000000
00000000000000000000000000000000000000000000000000000000000000000000000000000000
00000000000000000000000000000000000000000000000000000000000000000000000000000000
00000000000000000000000000000000000000000000000000000000000000000000000000000000
00000000000000000000000000000000000000000000000000000000000000000000000000000000
00000000000000000000000000000000000000000000000000000000000000000000000000000000
00000000000000000000000000000000000000000000000000000000000000000000000000000000
00000000000000000000000000000000000000000000000000000000000000000000000000000000
00000000000000000000000000000000000000000000000000000000000000000000000000000000
00000000000000000000000000000000000000000000000000000000000000000000000000000000
00000000000000000000000000000000000000000000000000000000000000000000000000000000
00000000000000000000000000000000000000000000000000000000000000000000000000000000
00000000000000000000000000000000000000000000000000000000000000000000000000000000
00000000000000000000000000000000000000000000000000000000000000000000000000000000
00000000000000000000000000000000000000000000000000000000000000000000000000000000
00000000000000000000000000000000000000000000000000000000000000000000000000000000
00000000000000000000000000000000000000000000000000000000000000000000000000000000
00000000000000000000000000000000000000000000000000000000000000000000000000000000
000000000000000000000000000000000000000000000000