 0006024 0000000 0000000 0004095 1041018 0055513
00000000000000000000000000000000000000000000000000000000000000000000000000000000
00000000000000000000000000000000000000000000000000000000000000000000000000000000
00000000000000000000000000000000000000000000000000000000000000000000000000000000
00000000000000000000000000000000000000000000000000000000000000000000000000000000
00000000000000000000000000000000000000000000000000000000000000000000000000000000
00000000000000000000000000000000000000000000000000000000000000000000000000000000
00000000000000000000000000000000000000000000000000000000000000000000000000000000
00000000000000000000000100000000000000000000000000000000000000000000000000000000
00000000000000000000000000000000000000000000000000000000000000000000000000000000
00000000000000000000000000000000000000000000000000000000000000010000000000000000
00000000000000000000000000000000000000000000000000000000000000000000000100000000
00000000000000000000000000000001000000000000000100000000000000000000000000000000
00000000000000000000000000000000000000000000000000000001000000000000000000000000
00000000000000000000000000000000000000000000000100000001000000000000000100000000
00000000000000000000000100000001000000000000000100000000000000010000000000000000
00000000000000010000000000000001000000000000000000000002000000020000000000000001
00000000000000000000000200000001000000000000000300000002000000020000000300000005
00000007000000120000001000000011000000030000001200000013000000090000001400000011
00000006000000060000001200000013000000090000001700000011000000070000001300000014
00000011000000100000001300000018000000100000001200000010000000100000001200000011
00000020000000170000001800000017000000220000001600000022000000150000000800000011
00000008000000160000002000000009000000170000001300000011000000140000001200000009
00000014000000150000001800000010000000080000001200000009000000100000001500000010
00000009000000170000001100000009000000130000000900000014000000080000001100000010
00000012000000160000001100000017000000090000001700000021000000100000001200000009
00000015000000120000000800000009000000130000000900000011000000060000001300000008
00000013000000120000000500000010000000140000000900000016000000070000000500000007
00000013000000080000000900000010000000100000000300000005000000090000001100000008
00000013000000090000001300000008000000120000000900000015000000060000000600000009
00000009000000090000000800000005000000120000000400000014000000100000000900000011
00000016000000100000000900000009000000060000001200000008000000090000001000000003
00000005000000060000000200000007000000030000001200000005000000050000001400000008
00000014000000060000001100000014000000080000000700000011000000140000001000000008
00000008000000070000000700000011000000050000001000000012000000120000001300000009
00000010000000180000000700000014000000090000001000000013000000110000001100000010
00000013000000040000000900000006000000130000000800000009000000120000001100000016
00000009000000080000001100000006000000050000000900000007000000080000001100000020
00000011000000100000000500000010000000070000001100000014000000100000001000000009
00000005000000120000000700000006000000050000000500000008000000100000000700000009
00000007000000110000001200000006000000050000001100000006000000110000001100000009
00000007000000040000001000000012000000110000000800000003000000150000001500000012
00000007000000070000000400000006000000080000000900000005000000050000000800000006
00000006000000080000000600000012000000030000000600000009000000110000000600000007
00000006000000030000001200000007000000070000000700000010000000090000000800000003
00000009000000030000000300000004000000130000001200000006000000080000000800000009
00000008000000090000001000000009000000030000000600000011000000060000000700000002
00000009000000100000000300000008000000100000000800000007000000070000000500000004
00000008000000070000000700000008000000090000000300000006000000100000001000000006
00000006000000040000000400000007000000130000001000000005000000070000000700000008
00000005000000060000000700000003000000050000000100000007000000060000000700000004
00000003000000030000000500000005000000090000000700000003000000110000000100000009
00000006000000060000000200000006000000020000000600000005000000050000000700000009
00000007000000040000000900000002000000030000000200000008000000060000000400000009
00000004000000080000000400000005000000090000000700000009000000080000000500000003
00000005000000010000000700000005000000010000000500000003000000050000000500000011
00000006000000070000000700000001000000060000000400000003000000030000000500000004
00000005000000040000000200000003000000060000000300000003000000050000000400000004
00000005000000020000000200000005000000060000000900000006000000060000000200000005
00000005000000060000000600000005000000050000000800000006000000010000000400000005
00000003000000040000000400000003000000060000000900000002000000050000000700000004
00000002000000030000000300000007000000040000000500000003000000060000000300000006
00000004000000040000000400000010000000080000000200000001000000040000000300000003
00000007000000050000000700000011000000060000000600000005000000040000000600000006
00000005000000070000000200000005000000020000000700000003000000040000000400000007
00000003000000070000000400000006000000040000000300000006000000030000000600000004
00000010000000020000000300000005000000020000000300000003000000030000000800000007
00000007000000060000000400000005000000040000000300000004000000050000000300000005
00000002000000050000000400000007000000060000000200000006000000070000000100000005
00000007000000040000000200000002000000030000000400000009000000040000000100000004
00000009000000060000000500000003000000060000000100000004000000030000000500000005
00000000000000040000000300000002000000050000000300000005000000040000000700000007
00000009000000020000000700000003000000030000000300000002000000050000000400000003
00000003000000040000000300000007000000070000000400000000000000060000000300000002
00000004000000040000000200000005000000020000000500000003000000030000000300000004
00000002000000020000000000000002000000040000000500000002000000040000000200000003
00000005000000070000000200000003000000010000000500000003000000040000000300000003
00000003000000020000000200000000000000020000000200000006000000030000000300000003
00000007000000030000000700000000000000050000000200000001000000020000000100000004
00000002000000000000000500000000000000010000000300000002000000020000000100000003
00000000000000010000000100000003000000020000000100000004000000000000000300000003
00000001000000040000000200000001000000020000000000000001000000040000000200000001
00000004000000020000000300000002000000050000000200000003000000010000000100000003
00000001000000010000000100000001000000010000000000000001000000010000000400000002
00000003000000000000000100000004000000060000000200000003000000030000000100000002
00000000000000020000000200000001000000030000000100000000000000000000000200000002
00000000000000030000000000000002000000020000000200000001000000020000000000000002
00000001000000030000000300000002000000040000000200000003000000020000000200000001
00000001000000000000000300000004000000020000000100000001000000040000000100000000
00000005000000040000000100000001000000020000000200000004000000000000000100000002
00000001000000000000000400000003000000000000000200000001000000010000000200000000
00000000000000000000000400000001000000000000000000000002000000020000000500000001
00000001000000000000000300000001000000010000000000000004000000020000000100000002
00000002000000000000000300000001000000030000000200000001000000020000000200000000
00000000000000010000000100000002000000020000000000000002000000030000000000000003
00000004000000010000000500000000000000010000000600000003000000000000000100000002
00000001000000040000000200000000000000040000000100000000000000000000000200000000
00000003000000020000000000000003000000020000000000000000000000030000000100000002
00000001000000000000000100000002000000000000000200000001000000020000000400000001
00000002000000000000000000000005000000010000000300000000000000000000000100000002
00000000000000010000000100000001000000010000000100000001000000010000000200000001
00000002000000010000000200000000000000000000000300000000000000000000000200000000
00000004000000030000000100000003000000020000000000000002000000040000000200000003
00000004000000030000000000000002000000010000000000000002000000000000000100000002
00000004000000020000000300000001000000010000000100000002000000000000000200000002
00000000000000000000000000000000000000010000000100000002000000020000000100000000
00000001000000010000000000000001000000000000000200000001000000010000000300000000
00000001000000030000000100000002000000000000000200000002000000010000000300000001
00000001000000000000000200000001000000000000000100000002000000020000000400000001
00000000000000030000000400000000000000020000000100000000000000000000000000000000
00000002000000020000000600000000000000010000000100000003000000000000000300000002
00000004000000010000000200000000000000010000000000000002000000010000000200000000
00000001000000040000000100000001000000020000000200000002000000020000000200000004
00000001000000030000000200000002000000030000000000000002000000020000000400000003
00000001000000010000000000000000000000000000000100000001000000020000000100000002
00000001000000010000000100000002000000020000000000000000000000010000000300000001
00000000000000030000000400000001000000020000000100000001000000010000000000000000
00000000000000030000000200000001000000000000000100000001000000020000000200000003
00000001000000010000000200000001000000010000000000000002000000010000000100000002
00000002000000010000000000000002000000010000000200000002000000000000000100000001
00000000000000000000000100000000000000010000000100000000000000000000000100000001
00000001000000010000000000000002000000020000000100000001000000020000000300000001
00000001000000000000000200000001000000000000000100000003000000000000000200000001
00000001000000010000000100000001000000030000000200000001000000010000000100000001
00000001000000000000000200000000000000000000000100000001000000010000000000000002
00000000000000010000000000000001000000000000000100000001000000000000000200000000
00000002000000000000000000000001000000010000000200000002000000000000000100000001
00000001000000010000000100000002000000000000000300000001000000010000000200000001
00000003000000010000000100000000000000000000000000000002000000010000000200000001
00000001000000010000000200000001000000030000000100000001000000000000000200000000
00000001000000040000000000000002000000010000000100000002000000010000000100000001
00000000000000000000000100000002000000010000000000000000000000010000000200000000
00000000000000010000000200000001000000000000000100000001000000010000000200000001
00000001000000000000000000000002000000010000000300000000000000020000000100000001
00000000000000010000000100000003000000000000000100000001000000020000000000000001
00000002000000010000000300000002000000010000000100000004000000020000000200000000
00000002000000000000000000000001000000000000000100000000000000010000000200000000
00000000000000000000000100000000000000030000000100000000000000000000000000000003
00000002000000020000000100000000000000020000000000000001000000010000000000000000
00000000000000010000000100000001000000000000000000000000000000000000000000000002
00000001000000030000000000000000000000000000000000000003000000000000000000000000
00000000000000010000000200000000000000010000000000000001000000000000000000000000
00000000000000010000000000000001000000010000000100000001000000000000000100000000
00000000000000010000000100000000000000000000000000000000000000000000000200000000
00000001000000000000000000000000000000010000000100000001000000020000000300000003
00000001000000000000000300000000000000000000000000000003000000010000000100000001
00000000000000000000000100000000000000030000000100000000000000010000000000000001
00000001000000000000000000000001000000010000000100000000000000000000000000000001
00000000000000000000000000000001000000020000000300000001000000000000000000000001
00000001000000020000000000000000000000010000000000000001000000010000000100000001
00000000000000000000000000000001000000010000000000000002000000000000000000000002
00000001000000000000000100000001000000010000000000000001000000000000000100000002
00000001000000020000000000000001000000000000000100000003000000010000000000000000
00000001000000030000000000000000000000000000000100000000000000000000000000000000
00000001000000000000000000000000000000000000000000000000000000010000000000000000
00000001000000010000000200000001000000020000000000000000000000010000000000000001
00000001000000000000000000000001000000000000000000000001000000000000000100000000
00000000000000000000000000000001000000000000000000000000000000000000000000000001
00000000000000010000000000000000000000000000000000000000000000010000000000000000
00000000000000000000000100000000000000000000000100000000000000020000000000000002
00000000000000010000000200000000000000000000000000000001000000000000000100000000
00000002000000000000000000000001000000000000000000000000000000000000000100000003
00000000000000000000000100000000000000000000000200000000000000010000000100000000
00000000000000000000000000000000000000010000000100000001000000000000000000000001
00000000000000000000000100000000000000000000000000000001000000000000000000000000
00000000000000000000000100000001000000000000000000000000000000010000000200000001
00000000000000010000000100000002000000010000000000000001000000010000000200000000
00000000000000020000000100000000000000000000000100000000000000000000000000000000
00000000000000000000000000000000000000020000000300000000000000000000000000000000
00000001000000000000000100000001000000010000000000000000000000000000000000000000
00000000000000010000000000000000000000020000000100000000000000000000000100000000
00000002000000010000000100000000000000000000000000000000000000010000000000000001
00000000000000000000000200000000000000000000000000000003000000010000000000000000
00000000000000000000000000000000000000000000000000000000000000000000000000000000
00000001000000010000000000000000000000000000000000000000000000000000000000000000
00000000000000000000000000000000000000000000000000000001000000010000000000000000
00000000000000000000000000000000000000010000000000000001000000000000000000000000
00000000000000000000000000000001000000010000000000000000000000000000000000000001
00000000000000010000000000000000000000010000000000000001000000010000000000000000
00000000000000000000000000000000000000000000000000000000000000000000000000000000
00000000000000010000000000000000000000000000000100000001000000000000000300000000
00000000000000000000000000000001000000000000000000000000000000010000000100000001
00000000000000010000000000000001000000000000000000000000000000000000000000000000
00000001000000000000000000000000000000000000000000000000000000000000000100000000
00000000000000000000000000000000000000000000000000000000000000000000000100000000
00000000000000000000000100000000000000000000000000000000000000000000000100000000
00000000000000000000000000000000000000020000000000000000000000000000000000000000
00000000000000000000000100000000000000000000000000000000000000000000000000000001
00000000000000000000000200000000000000000000000200000000000000000000000100000000
00000000000000000000000000000000000000010000000000000000000000000000000100000001
00000000000000010000000000000001000000000000000000000000000000000000000000000000
00000000000000000000000000000000000000010000000000000000000000000000000100000000
00000000000000000000000000000001000000000000000100000000000000000000000000000000
00000000000000000000000000000001000000000000000000000000000000010000000000000000
00000000000000000000000000000000000000000000000000000000000000000000000000000000
00000000000000010000000000000000000000010000000000000000000000000000000000000000
00000000000000010000000000000000000000000000000000000000000000000000000000000001
00000000000000000000000100000000000000020000000000000000000000000000000000000000
00000000000000000000000000000000000000000000000000000001000000010000000100000000
00000000000000000000000000000000000000000000000000000000000000000000000100000000
00000000000000000000000000000000000000000000000000000001000000000000000100000000
00000000000000000000000000000000000000000000000000000000000000000000000000000000
00000000000000010000000000000000000000000000000000000000000000000000000000000000
00000000000000000000000000000000000000000000000100000000000000010000000000000000
00000000000000000000000000000000000000000000000000000000000000000000000100000000
00000000000000000000000000000000000000000000000000000000000000000000000000000000
00000001000000000000000000000000000000000000000000000001000000000000000000000000
00000001000000000000000000000000000000000000000000000000000000000000000000000001
00000000000000000000000000000000000000000000000000000000000000000000000000000000
00000001000000000000000000000000000000000000000100000001000000000000000000000000
00000000000000000000000000000001000000000000000100000000000000000000000000000000
00000000000000000000000000000000000000000000000000000000000000000000000000000000
00000000000000000000000000000000000000000000000000000000000000000000000000000000
00000000000000000000000100000001000000000000000000000000000000000000000000000000
00000000000000000000000000000000000000000000000000000000000000000000000000000000
00000000000000000000000100000000000000000000000000000001000000000000000000000001
00000000000000000000000000000000000000000000000000000000000000000000000000000000
00000001000000000000000000000000000000000000000100000000000000000000000000000000
00000000000000010000000000000000000000000000000000000000000000010000000100000000
00000000000000000000000000000000000000000000000000000000000000000000000000000000
00000000000000000000000000000000000000000000000000000000000000000000000100000000
00000000000000000000000000000000000000000000000100000001000000000000000000000000
00000000000000000000000000000000000000000000000000000000000000010000000000000000
00000001000000000000000000000000000000000000000000000000000000000000000000000000
00000000000000000000000000000000000000000000000000000000000000010000000100000001
00000000000000000000000000000000000000000000000000000000000000000000000100000000
00000000000000000000000000000000000000010000000000000000000000000000000100000000
00000001000000020000000000000000000000000000000000000000000000000000000000000000
00000000000000000000000100000000000000000000000000000000000000000000000000000000
00000000000000000000000000000000000000000000000000000000000000010000000000000000
00000000000000000000000000000000000000000000000000000000000000010000000000000000
00000000000000000000000000000000000000000000000000000000000000000000000000000000
00000000000000000000000000000000000000020000000000000000000000000000000000000000
00000000000000000000000000000000000000000000000000000000000000000000000000000000
00000000000000000000000000000000000000000000000000000000000000010000000000000002
00000000000000000000000000000000000000000000000000000000000000000000000100000000
00000000000000000000000000000000000000000000000000000000000000000000000200000000
00000000000000000000000000000000000000000000000000000000000000000000000000000000
00000000000000000000000000000000000000000000000000000000000000000000000000000000
00000000000000000000000000000000000000000000000000000000000000000000000000000000
00000000000000000000000000000000000000000000000000000000000000000000000000000000
00000000000000000000000000000000000000000000000000000000000000000000000000000000
00000000000000000000000000000000000000000000000000000000000000000000000000000000
00000000000000000000000000000000000000000000000000000000000000000000000000000000
00000000000000000000000000000000000000000000000100000000000000000000000000000000
00000000000000000000000000000000000000000000000000000000000000000000000000000000
00000000000000000000000000000000000000000000000000000000000000000000000000000000
00000000000000000000000000000000000000000000000000000000000000000000000000000000
00000000000000000000000000000000000000000000000000000001000000000000000000000000
00000000000000000000000000000000000000000000000000000000000000000000000000000000
00000000000000000000000000000000000000000000000000000001000000000000000000000000
00000000000000000000000000000000000000000000000000000000000000000000000000000000
00000000000000000000000000000000000000000000000000000000000000000000000000000000
00000000000000000000000100000000000000000000000000000000000000000000000000000000
00000000000000000000000000000000000000000000000000000000000000000000000000000000
00000000000000000000000000000000000000000000000000000000000000000000000000000000
00000000000000000000000000000000000000000000000000000000000000000000000000000000
00000000000000000000000000000000000000000000000000000000000000000000000000000000
00000000000000000000000000000000000000000000000000000000000000000000000000000000
00000000000000000000000000000000000000000000000000000000000000010000000000000000
00000000000000000000000000000000000000000000000000000000000000000000000000000000
00000000000000000000000000000000000000000000000000000000000000000000000000000000
00000000000000000000000000000000000000000000000000000000000000000000000000000000
00000000000000000000000000000000000000000000000000000000000000000000000000000000
00000000000000000000000000000000000000000000000000000000000000000000000000000000
00000000000000000000000000000000000000000000000000000000000000000000000000000000
00000000000000010000000000000000000000000000000000000000000000000000000000000000
00000000000000000000000000000001000000000000000000000000000000000000000000000000
00000000000000000000000000000000000000000000000000000000000000000000000000000000
00000000000000000000000000000000000000000000000000000000000000000000000000000000
00000000000000000000000000000000000000000000000000000000000000000000000000000000
00000000000000000000000000000000000000000000000000000000000000000000000000000000
00000000000000000000000000000000000000000000000000000000000000000000000000000000
00000000000000000000000000000000000000000000000000000000000000000000000000000000
00000000000000000000000000000000000000000000000000000000000000000000000000000000
00000000000000000000000000000000000000000000000000000000000000000000000000000000
00000000000000000000000000000000000000000000000000000000000000000000000000000000
00000000000000000000000000000000000000000000000000000000000000000000000000000000
00000000000000000000000000000000000000000000000000000000000000000000000000000000
00000000000000000000000000000000000000000000000000000000000000000000000000000000
00000000000000000000000000000000000000000000000000000000000000000000000000000000
00000000000000000000000000000000000000000000000000000000000000000000000000000000
00000000000000010000000000000000000000000000000000000000000000000000000000000000
00000000000000000000000000000000000000000000000000000000000000000000000000000000
00000000000000000000000000000000000000000000000000000000000000000000000000000000
00000000000000000000000000000000000000000000000000000000000000000000000000000000
00000000000000000000000000000000000000000000000000000000000000000000000000000000
00000000000000000000000000000000000000000000000000000000000000000000000000000000
00000000000000000000000000000000000000000000000000000000000000000000000000000000
00000000000000000000000000000000000000000000000000000000000000000000000000000000
00000000000000000000000000000000000000000000000000000000000000000000000000000000
00000000000000000000000000000000000000000000000000000000000000000000000000000001
00000000000000010000000000000000000000000000000000000000000000000000000000000000
00000000000000000000000000000000000000000000000000000000000000000000000000000000
00000000000000000000000000000000000000000000000000000000000000000000000000000000
00000000000000000000000000000000000000000000000000000000000000000000000000000000
00000000000000000000000000000000000000000000000000000000000000000000000000000000
00000000000000000000000000000000000000000000000000000000000000000000000000000000
00000000000000000000000000000000000000000000000000000000000000000000000000000000
00000000000000000000000000000000000000000000000000000000000000000000000000000000
00000000000000000000000000000000000000000000000000000000000000000000000000000000
00000000000000000000000000000000000000000000000000000000000000000000000000000000
00000000000000000000000000000000000000000000000000000000000000000000000000000000
00000000000000000000000000000000000000000000000000000000000000000000000000000000
00000000000000000000000000000000000000000000000000000000000000000000000000000000
00000000000000000000000000000000000000000000000000000000000000000000000000000000
00000000000000000000000000000000000000000000000000000000000000000000000000000000
00000000000000000000000000000000000000000000000000000000000000000000000000000000
00000000000000000000000000000000000000000000000000000000000000000000000000000000
00000000000000000000000000000000000000000000000000000000000000000000000000000000
00000000000000000000000000000000000000000000000000000000000000000000000000000000
00000000000000000000000000000000000000000000000000000000000000000000000000000000
00000000000000000000000000000000000000000000000000000000000000000000000000000000
00000000000000000000000000000000000000000000000000000000000000000000000000000000
00000000000000000000000000000000000000000000000000000000000000000000000000000000
00000000000000000000000000000000000000000000000000000000000000000000000000000000
00000000000000000000000000000000000000000000000000000000000000000000000000000000
00000000000000000000000000000000000000000000000000000000000000000000000000000000
00000000000000000000000000000000000000000000000000000000000000000000000000000000
00000000000000000000000000000000000000000000000000000000000000000000000000000000
00000000000000000000000000000000000000000000000000000000000000000000000000000000
00000000000000000000000000000000000000000000000000000000000000000000000000000000
00000000000000000000000000000000000000000000000000000000000000000000000000000000
00000000000000000000000000000000000000000000000000000000000000000000000000000000
00000000000000000000000000000000000000000000000000000000000000000000000000000000
00000000000000000000000000000000000000000000000000000000000000000000000000000000
00000000000000000000000000000000000000000000000000000000000000000000000000000000
00000000000000000000000000000000000000000000000000000000000000000000000000000000
00000000000000000000000000000000000000000000000000000000000000000000000000000000
00000000000000000000000000000000000000000000000000000000000000000000000000000000
00000000000000000000000000000000000000000000000000000000000000000000000000000000
00000000000000000000000000000000000000000000000000000000000000000000000000000000
00000000000000000000000000000000000000000000000000000000000000000000000000000000
00000000000000000000000000000000000000000000000000000000000000000000000000000000
00000000000000000000000000000000000000000000000000000000000000000000000000000000
00000000000000000000000000000000000000000000000000000000000000000000000000000000
00000000000000000000000000000000000000000000000000000000000000000000000000000000
00000000000000000000000000000000000000000000000000000000000000000000000000000000
00000000000000000000000000000000000000000000000000000000000000000000000000000000
00000000000000000000000000000000000000000000000000000000000000000000000000000000
00000000000000000000000000000000000000000000000000000000000000000000000000000000
00000000000000000000000000000000000000000000000000000000000000000000000000000000
00000000000000000000000000000000000000000000000000000000000000000000000000000000
00000000000000000000000000000000000000000000000000000000000000000000000000000000
00000000000000000000000000000000000000000000000000000000000000000000000000000000
00000000000000000000000000000000000000000000000000000000000000000000000000000000
00000000000000000000000000000000000000000000000000000000000000000000000000000000
00000000000000000000000000000000000000000000000000000000000000000000000000000000
00000000000000000000000000000000000000000000000000000000000000000000000000000000
00000000000000000000000000000000000000000000000000000000000000000000000000000000
00000000000000000000000000000000000000000000000000000000000000000000000000000000
00000000000000000000000000000000000000000000000000000000000000000000000000000000
00000000000000000000000000000000000000000000000000000000000000000000000000000000
00000000000000000000000000000000000000000000000000000000000000000000000000000000
00000000000000000000000000000000000000000000000000000000000000000000000000000000
00000000000000000000000000000000000000000000000000000000000000000000000000000000
00000000000000000000000000000000000000000000000000000000000000000000000000000000
00000000000000000000000000000000000000000000000000000000000000000000000000000000
00000000000000000000000000000000000000000000000000000000000000000000000000000000
00000000000000000000000000000000000000000000000000000000000000000000000000000000
00000000000000000000000100000000000000000000000000000000000000000000000000000000
00000000000000000000000000000000000000000000000000000000000000000000000000000000
00000000000000000000000000000000000000000000000000000000000000000000000000000000
00000000000000000000000000000000000000000000000000000000000000000000000000000000
00000000000000000000000000000000000000000000000000000000000000000000000000000000
00000000000000000000000000000000000000000000000000000000000000000000000000000000
00000000000000000000000000000000000000000000000000000000000000000000000000000000
00000000000000000000000000000000000000000000000000000000000000000000000000000000
00000000000000000000000000000000000000000000000000000000000000000000000000000000
00000000000000000000000000000000000000000000000000000000000000000000000000000000
00000000000000000000000000000000000000000000000000000000000000000000000000000000
00000000000000000000000000000000000000000000000000000000000000000000000000000000
00000000000000000000000000000000000000000000000000000000000000000000000000000000
00000000000000000000000000000000000000000000000000000000000000000000000000000000
00000000000000000000000000000000000000000000000000000000000000000000000000000000
00000000000000000000000000000000000000000000000000000000000000000000000000000000
00000000000000000000000000000000000000000000000000000000000000000000000000000000
00000000000000000000000000000000000000000000000000000000000000000000000000000000
00000000000000000000000000000000000000000000000000000000000000000000000000000000
00000000000000000000000000000000000000000000000000000000000000000000000000000000
00000000000000000000000000000000000000000000000000000000000000000000000000000000
00000000000000000000000000000000000000000000000000000000000000000000000000000000
00000000000000000000000000000000000000000000000000000000000000000000000000000000
00000000000000000000000000000000000000000000000000000000000000000000000000000000
00000000000000000000000000000000000000000000000000000000000000000000000000000000
00000000000000000000000000000000000000000000000000000000000000000000000000000000
00000000000000000000000000000000000000000000000000000000000000000000000000000000
00000000000000000000000000000000000000000000000000000000000000000000000000000000
00000000000000000000000000000000000000000000000000000000000000000000000000000000
00000000000000000000000000000000000000000000000000000000000000000000000000000000
00000000000000000000000000000000000000000000000000000000000000000000000000000000
00000000000000000000000000000000000000000000000000000000000000000000000000000000
00000000000000000000000000000000000000000000000000000000000000000000000000000000
00000000000000000000000000000000000000000000000000000000000000000000000000000000
00000000000000000000000000000000000000000000000000000000000000000000000000000000
00000000000000000000000000000000000000000000000000000000000000000000000000000000
00000000000000000000000000000000000000000000000000000000000000000000000000000000
00000000000000000000000000000000000000000000000000000000000000000000000000000000
00000000000000000000000000000000000000000000000000000000000000000000000000000000
00000000000000000000000000000000000000000000000000000000000000000000000000000000
00000000000000000000000000000000000000000000000000000000000000000000000000000000
00000000000000000000000000000000000000000000000000000000000000000000000000000000
00000000000000000000000000000000000000000000000000000000000000000000000000000000
00000000000000000000000000000000000000000000000000000000000000000000000000000000
00000000000000000000000000000000000000000000000000000000000000000000000000000000
00000000000000000000000000000000000000000000000000000000000000000000000000000000
00000000000000000000000000000000000000000000000000000000000000000000000000000000
00000000000000000000000000000000000000000000000000000000000000000000000000000000
00000000000000000000000000000000000000000000000000000000000000000000000000000000
00000000000000000000000000000000000000000000000000000000000000000000000000000000
000000000000000000000000000000000000000000000000