 0006024 0000024 0000000 0004095 1041018 0055513
00000100000001070000013500000172000002190000027200000327000003510000040100000403
00000491000005520000058500000624000005890000062700000661000006120000058700000592
00000579000005340000048800000435000004100000033500000299000002600000019500000154
00000144000001310000008400000084000000490000006100000032000000210000002000000017
00000010000000090000000700000005000000030000000400000001000000000000000000000000
00000000000000010000000000000000000000000000000000000000000000000000000000000000
00000000000000000000000000000000000000000000000000000000000000000000000000000000
00000000000000000000000000000000000000000000000000000000000000000000000000000000
00000000000000000000000000000000000000000000000000000000000000000000000000000000
00000000000000000000000000000000000000000000000000000000000000000000000000000000
00000000000000000000000000000000000000000000000000000000000000000000000000000000
00000000000000000000000000000000000000000000000000000000000000000000000000000000
00000000000000000000000000000000000000000000000000000000000000000000000000000000
00000001000000000000000000000000000000000000000000000000000000000000000000000000
00000000000000000000000000000000000000000000000000000000000000000000000000000000
00000000000000000000000000000000000000000000000000000000000000000000000000000000
00000000000000000000000000000000000000000000000000000000000000000000000000000000
00000000000000000000000000000000000000000000000000000000000000000000000000000000
00000000000000000000000000000000000000000000000000000000000000000000000000000000
00000000000000010000000000000000000000010000000100000001000000010000000200000005
00000007000000040000001400000010000000130000001000000013000000230000001200000023
00000022000000340000002000000030000000270000004000000035000000230000002400000037
00000023000000300000003300000026000000240000003300000029000000300000002300000025
00000023000000160000001900000019000000130000001200000019000000070000001000000010
00000009000000060000001000000009000000100000000700000009000000110000000500000005
00000008000000100000000700000009000000060000000500000007000000080000000900000008
00000006000000080000000200000009000000070000000400000004000000090000000600000007
00000005000000020000000600000003000000090000000600000018000000030000000400000006
00000009000000040000000700000007000000110000000700000004000000070000000300000006
00000006000000070000000500000008000000070000000800000008000000080000000500000009
00000004000000090000000900000006000000060000000800000011000000030000000600000005
00000003000000060000000500000009000000080000000500000006000000070000000700000005
00000008000000060000000300000007000000020000000700000005000000060000000600000010
00000009000000060000000800000005000000080000001000000003000000060000001100000013
00000011000000060000000700000007000000100000000200000006000000070000000800000009
00000012000000050000000400000007000000070000000700000005000000060000000700000006
00000006000000120000001100000006000000030000000400000005000000070000000900000006
00000004000000040000000800000006000000130000001000000008000000080000000500000004
00000003000000040000001400000008000000020000000800000011000000050000000800000009
00000009000000070000000200000013000000000000000700000004000000110000000700000009
00000007000000090000000800000006000000050000000700000010000000050000000600000004
00000012000000060000000700000009000000120000001100000011000000050000000200000003
00000010000000070000000400000007000000040000000700000010000000090000000700000008
00000006000000100000000600000014000000060000001000000006000000040000000500000008
00000005000000050000000800000006000000070000000400000008000000060000001100000005
00000006000000060000001100000007000000090000000800000009000000100000000800000005
00000008000000090000001000000007000000060000000800000006000000100000000600000007
00000010000000080000000700000007000000100000000700000008000000070000000800000008
00000004000000070000001000000010000000060000000500000009000000020000000600000006
00000005000000080000000800000009000000060000000300000004000000060000000600000006
00000003000000120000000800000006000000070000000700000006000000050000000700000007
00000008000000050000000700000006000000070000001000000006000000020000000300000006
00000007000000070000000500000005000000110000000500000012000000060000000600000006
00000013000000080000001200000002000000080000000500000002000000060000000600000003
00000007000000040000001000000009000000060000000600000006000000070000001200000006
00000006000000070000001100000008000000120000000800000012000000090000000400000004
00000011000000070000001100000006000000100000001100000007000000040000000400000005
00000011000000060000000400000004000000060000001000000007000000040000000400000016
00000006000000060000000500000005000000020000000200000010000000100000000400000007
00000005000000060000000800000005000000150000000800000009000000100000001300000005
00000009000000070000001000000006000000060000000500000009000000090000001000000009
00000003000000090000000900000003000000060000000900000007000000090000000600000003
00000005000000080000000900000009000000100000000300000009000000070000000500000005
00000006000000090000000400000010000000050000000600000007000000060000001000000013
00000009000000080000001000000005000000030000000800000006000000070000000400000002
00000005000000060000000700000006000000100000000900000007000000070000000800000005
00000006000000050000000400000009000000040000000400000004000000050000000700000013
00000006000000030000001100000009000000110000001100000008000000040000000900000010
00000004000000040000000800000010000000100000000800000009000000080000000500000007
00000008000000050000000800000007000000020000000800000010000000060000001100000005
00000001000000100000000800000008000000070000000900000007000000050000000500000004
00000006000000110000000400000006000000110000000800000005000000080000000700000002
00000008000000080000000700000006000000050000000600000009000000040000000800000007
00000003000000090000000800000008000000060000000800000003000000060000000900000012
00000002000000060000000600000005000000040000000600000006000000060000000600000011
00000016000000050000000900000009000000130000000600000007000000050000000700000009
00000009000000070000000500000006000000080000000800000004000000040000000700000011
00000013000000110000000600000006000000070000000700000003000000090000000800000006
00000011000000080000001100000005000000090000000800000008000000100000001100000007
00000007000000040000000300000009000000090000000600000003000000090000000800000009
00000007000000110000000800000003000000100000000300000007000000110000000800000009
00000009000000040000000400000012000000120000000400000006000000060000000700000009
00000008000000090000001100000006000000090000000800000007000000060000001000000007
00000005000000060000000600000011000000050000001100000009000000070000001200000006
00000009000000070000000600000006000000080000000800000006000000070000000700000003
00000009000000070000000400000005000000060000000800000008000000040000000700000007
00000005000000050000000600000013000000070000000700000008000000060000001000000004
00000006000000050000000800000010000000090000001000000005000000130000000600000016
00000010000000050000000700000013000000080000000700000007000000070000000400000006
00000006000000070000000300000007000000060000000700000011000000060000000600000009
00000001000000080000001200000007000000090000001200000014000000070000000500000007
00000007000000050000000600000006000000080000001000000007000000080000000700000004
00000010000000080000000600000005000000090000001100000006000000080000001100000007
00000012000000070000000800000009000000100000000900000003000000050000000500000011
00000009000000100000000300000014000000090000000600000011000000070000000400000007
00000006000000090000001300000005000000050000000900000002000000060000000700000013
00000004000000060000000800000007000000090000000900000005000000050000001000000011
00000006000000070000001000000005000000110000000800000009000000090000000800000011
00000005000000100000001300000009000000070000000700000010000000110000001000000012
00000012000000100000000600000008000000070000000400000006000000120000000500000008
00000010000000170000001400000005000000070000001500000007000000070000000900000014
00000013000000080000000900000005000000120000001100000007000000080000000900000009
00000010000000040000001400000006000000070000001100000013000000130000000900000009
00000012000000050000000400000009000000160000000900000008000000120000000700000012
00000007000000110000000900000011000000090000001400000010000000080000001000000005
00000013000000110000001000000007000000090000001300000009000000080000001200000015
00000009000000110000000700000016000000170000001400000004000000090000000900000008
00000012000000110000001000000013000000130000001300000011000000120000001200000010
00000009000000160000001400000011000000090000000800000012000000130000000900000013
00000012000000110000000900000007000000040000001200000009000000160000000800000014
00000009000000130000000900000011000000190000001400000006000000090000001000000012
00000010000000100000001900000007000000160000000700000010000000140000001000000007
00000013000000170000001200000008000000150000000800000012000000070000001400000010
00000012000000130000001100000014000000100000001000000012000000140000001900000010
00000007000000080000000600000016000000140000001200000013000000170000001600000013
00000012000000180000002400000007000000150000001400000017000000160000001000000018
00000012000000150000001500000010000000110000001300000012000000110000001500000013
00000012000000160000001300000012000000150000001500000013000000090000001200000016
00000013000000180000001000000008000000110000001700000010000000190000001500000011
00000022000000130000001600000010000000090000002000000014000000130000001300000012
00000020000000100000001000000021000000140000001600000012000000190000001600000012
00000013000000170000000600000014000000220000001800000012000000130000001400000015
00000007000000170000001500000009000000170000001300000014000000190000001500000023
00000019000000140000001400000014000000170000001500000019000000090000001400000016
00000011000000090000001800000012000000120000001800000012000000170000002000000024
00000012000000240000002400000009000000220000001600000017000000220000001400000025
00000015000000150000001200000014000000150000001300000016000000210000001500000014
00000020000000270000001400000008000000180000002100000018000000160000002200000020
00000017000000180000002100000016000000170000002200000017000000190000001300000024
00000016000000210000001400000017000000200000002000000025000000190000002900000025
00000022000000210000002200000015000000210000001800000019000000170000001900000027
00000023000000140000002700000015000000200000001700000019000000160000002000000019
00000021000000230000002100000022000000220000001400000015000000140000001800000034
00000021000000220000001900000018000000220000002200000015000000200000003500000016
00000022000000280000001800000027000000140000001600000028000000200000001700000019
00000022000000230000002000000022000000230000002200000021000000240000002500000013
00000019000000260000002300000012000000210000002400000027000000230000002300000013
00000022000000250000001900000026000000150000001900000026000000200000002600000019
00000028000000320000001700000022000000290000002600000022000000260000002100000032
00000022000000270000001400000027000000220000002600000029000000200000002200000025
00000020000000250000002100000022000000220000001600000023000000250000002800000026
00000022000000290000002600000023000000170000001800000027000000310000002300000027
00000018000000180000003100000016000000330000002400000027000000300000003000000019
00000019000000210000002200000031000000210000002500000018000000170000002400000024
00000033000000210000001700000018000000230000002400000025000000320000002600000028
00000028000000260000002500000025000000310000003200000019000000220000002600000025
00000030000000210000002900000021000000250000002600000028000000160000003700000018
00000035000000350000002400000034000000420000002600000027000000290000002700000025
00000029000000260000002800000026000000270000002100000023000000310000003000000018
00000031000000270000002000000032000000280000002600000030000000240000002500000033
00000026000000310000002000000036000000230000002100000026000000240000002500000026
00000028000000260000003700000036000000360000002800000040000000330000002900000026
00000028000000390000003600000030000000240000003500000024000000240000002600000034
00000037000000270000003500000027000000370000002500000040000000280000003300000033
00000040000000270000003600000027000000340000002500000039000000390000003900000035
00000030000000320000002000000024000000280000002800000036000000310000002600000029
00000032000000350000003100000029000000290000002800000041000000340000003300000034
00000041000000270000003600000040000000350000003100000041000000280000003700000036
00000030000000370000003900000036000000390000002200000023000000330000003300000035
00000036000000320000002900000027000000350000002900000030000000410000003900000033
00000042000000270000002800000030000000320000002500000024000000300000004200000041
00000027000000300000004100000034000000370000003800000022000000330000003100000027
00000043000000410000004000000040000000440000004300000024000000310000002400000028
00000043000000460000003700000033000000310000003300000033000000400000003200000034
00000046000000330000003300000036000000280000003400000048000000260000004400000045
00000032000000280000003900000039000000360000002800000043000000410000004200000045
00000047000000320000003500000040000000350000004000000029000000350000003500000026
00000030000000340000003900000037000000270000004400000047000000420000004200000049
00000031000000310000003100000040000000410000003500000047000000420000004200000045
00000031000000500000004600000040000000350000004100000054000000420000004500000037
00000037000000320000003800000047000000440000003700000036000000350000004500000040
00000043000000510000005000000039000000520000004800000048000000470000003400000028
00000045000000430000002900000046000000550000004200000039000000480000003800000039
00000043000000380000004400000044000000390000005100000053000000420000005500000064
00000041000000460000003900000053000000390000004200000044000000420000002800000033
00000044000000400000003900000045000000360000004500000038000000370000005100000043
00000052000000520000004500000035000000400000005100000042000000410000004000000039
00000038000000400000004400000045000000520000004100000044000000440000006000000050
00000042000000430000003300000039000000460000004200000041000000440000004200000040
00000057000000530000005000000041000000450000004700000051000000450000005100000046
00000057000000390000004200000044000000360000004500000048000000530000004100000037
00000032000000360000004200000042000000570000004700000052000000540000004200000051
00000044000000420000005500000065000000460000005200000044000000690000004900000046
00000042000000560000004100000045000000550000004600000044000000470000003900000051
00000048000000430000005100000055000000510000005200000045000000390000005200000048
00000059000000630000004600000051000000500000004200000056000000390000005300000044
00000047000000450000005600000057000000560000006800000072000000470000006000000052
00000045000000600000004700000050000000460000003900000065000000420000004600000058
00000052000000560000004800000051000000500000005600000057000000640000006000000048
00000045000000370000004700000052000000470000005400000056000000500000004500000053
00000041000000520000005400000052000000540000006200000042000000530000005000000049
00000056000000600000005300000047000000510000004900000057000000530000005600000047
00000052000000580000006100000046000000550000005100000054000000550000004900000051
00000049000000560000005700000062000000480000004700000057000000450000006600000063
00000053000000520000004700000065000000620000005500000052000000590000005500000057
00000061000000680000005700000066000000500000004900000052000000570000005200000052
00000042000000470000005500000051000000480000005800000053000000590000004700000062
00000053000000660000004400000058000000560000004900000047000000460000005000000061
00000060000000560000006000000069000000530000005900000070000000570000006100000060
00000056000000550000006400000047000000500000005800000049000000560000004700000052
00000060000000610000004100000046000000480000006700000046000000550000005200000062
00000045000000540000004400000059000000690000005200000054000000580000005500000044
00000058000000640000005000000067000000590000006200000060000000530000006400000057
00000048000000540000004500000054000000690000005900000045000000640000005100000056
00000058000000550000004900000066000000560000005900000056000000650000005800000058
00000057000000670000006300000048000000420000005300000065000000580000005800000059
00000044000000510000007400000067000000630000006600000075000000520000006100000052
00000063000000620000006600000050000000600000006000000058000000620000005700000071
00000053000000570000006200000057000000470000005500000062000000620000006600000072
00000050000000650000006700000059000000470000006800000071000000660000006300000062
00000068000000550000006000000063000000610000005800000052000000480000006500000058
00000059000000630000008000000055000000530000006200000072000000540000006000000065
00000059000000620000007200000054000000640000006300000057000000580000006100000061
00000056000000650000006100000067000000640000005600000061000000550000006900000046
00000062000000550000006400000061000000560000006400000068000000800000007300000064
00000068000000520000006500000051000000760000005500000070000000680000005600000067
00000068000000690000005700000060000000670000005300000057000000670000005900000049
00000060000000540000005500000068000000610000006600000072000000670000005700000074
00000065000000690000006000000063000000550000006500000059000000640000007000000043
00000053000000710000007500000069000000750000005600000068000000700000006500000061
00000070000000590000006400000058000000620000006000000058000000530000006500000062
00000059000000690000006000000053000000510000008600000052000000610000006200000055
00000067000000610000006600000060000000630000005600000069000000710000006800000062
00000062000000760000006800000057000000570000005700000066000000570000006500000060
00000070000000610000008400000061000000810000006000000056000000720000006300000063
00000068000000720000006400000066000000750000005900000068000000610000007600000061
00000070000000560000005700000067000000510000006100000070000000650000004900000054
00000063000000590000006700000071000000700000007800000060000000700000007300000066
00000064000000730000006400000081000000690000007600000076000000840000006300000062
00000064000000600000007500000063000000740000005900000057000000700000006600000068
00000064000000740000006700000074000000690000006600000063000000720000007100000063
00000062000000670000007300000052000000870000006800000075000000750000006100000068
00000067000000660000006800000069000000700000007000000053000000630000005600000056
00000069000000630000005700000066000000680000006900000073000000620000006600000065
00000060000000640000005700000067000000650000007100000057000000550000007200000059
00000063000000620000006100000069000000670000005400000065000000600000005100000055
00000070000000620000006500000055000000700000005700000069000000700000005700000062
00000067000000680000005600000070000000620000005700000057000000640000004300000068
00000081000000710000005800000054000000750000005700000081000000620000006200000049
00000060000000610000006300000062000000590000005200000060000000630000007000000064
00000067000000560000007400000059000000670000005600000061000000540000006100000060
00000067000000700000005700000064000000570000005800000054000000620000007200000053
00000059000000630000005800000081000000610000005700000074000000770000006100000065
00000061000000630000007000000054000000840000007700000070000000710000005900000052
00000067000000670000007000000048000000530000006700000043000000750000007300000068
00000062000000680000005600000049000000600000006700000073000000630000006000000070
00000076000000510000006200000069000000680000005600000065000000680000006400000051
00000060000000710000006400000068000000630000005900000051000000680000006500000052
00000065000000710000006100000061000000650000006600000056000000660000005000000055
00000088000000650000006900000063000000560000005100000052000000520000006000000062
00000054000000620000005500000063000000540000006700000065000000590000005600000061
00000059000000560000006100000062000000760000005900000053000000350000006400000056
00000051000000490000005500000058000000470000005300000058000000480000004900000056
00000049000000660000004600000045000000540000005300000048000000660000005200000054
00000060000000480000005600000054000000520000005100000052000000540000005400000042
00000050000000600000005400000041000000640000003900000053000000560000004400000043
00000058000000630000004800000054000000610000005300000042000000450000004400000057
00000053000000600000004600000050000000550000005100000056000000540000004200000057
00000041000000470000005800000050000000420000004600000051000000350000004900000054
00000052000000450000005300000059000000380000004000000054000000500000004500000055
00000057000000530000005300000035000000480000003900000043000000560000005000000048
00000041000000580000005800000054000000340000005200000040000000400000004300000044
00000054000000500000005100000042000000440000003300000037000000330000004000000040
00000049000000450000005200000038000000370000003300000040000000510000005400000065
00000059000000390000005000000054000000450000005200000047000000560000003600000037
00000040000000500000004100000046000000330000003700000044000000290000005000000041
00000043000000390000003800000048000000370000004100000038000000370000003500000038
00000025000000340000004600000045000000400000004600000034000000400000004400000038
00000040000000360000003900000050000000320000002400000048000000330000003700000037
00000028000000260000003000000035000000300000003300000038000000390000003200000038
00000035000000430000003400000035000000360000003700000036000000370000003400000021
00000041000000250000002700000031000000350000003200000034000000300000003900000029
00000030000000290000004100000032000000350000003100000036000000300000003200000038
00000031000000400000003600000028000000220000003900000030000000370000002200000027
00000030000000270000001900000030000000320000001800000022000000330000003400000025
00000018000000170000002700000022000000240000002500000024000000280000002300000021
00000022000000230000001400000023000000240000002300000031000000240000003000000018
00000017000000200000002800000023000000230000002400000020000000220000001800000017
00000018000000140000002200000023000000240000001600000019000000260000002200000021
00000020000000170000002000000024000000190000001100000018000000270000001700000023
00000019000000160000001900000014000000210000002100000023000000210000001800000011
00000018000000110000001000000011000000240000001600000016000000170000001300000016
00000019000000170000001000000014000000150000001500000019000000190000002200000020
00000026000000190000001700000017000000100000001200000019000000180000001500000009
00000019000000170000001600000006000000140000001400000017000000140000001300000009
00000025000000200000002200000014000000190000001700000012000000170000002400000015
00000011000000160000001500000020000000130000001300000022000000150000001100000016
00000012000000140000001600000011000000160000000900000010000000190000000700000017
00000014000000120000001500000013000000110000001600000017000000120000001200000014
00000016000000120000002000000014000000160000001200000016000000130000001400000007
00000014000000210000001300000010000000190000001600000019000000120000001400000012
00000012000000170000001500000020000000090000001600000010000000200000001800000009
00000012000000100000001500000009000000130000001000000014000000120000001400000012
00000011000000160000000900000014000000200000001300000014000000060000000600000006
00000009000000140000001400000013000000080000001200000006000000190000001200000012
00000009000000060000000600000017000000130000001100000012000000140000001200000010
00000009000000090000000800000009000000100000000800000006000000060000000900000008
00000005000000100000001000000007000000150000000900000015000000080000000500000008
00000009000000080000000800000006000000090000000700000007000000090000001200000010
00000008000000050000000700000011000000040000000600000003000000110000001100000005
00000006000000060000000300000007000000050000000600000012000000030000000500000004
00000006000000180000000300000010000000020000000500000003000000130000000800000006
00000008000000080000000500000007000000070000000700000008000000090000000200000005
00000010000000040000000500000002000000060000000600000011000000050000000700000004
00000010000000010000001000000008000000070000000500000006000000070000000700000005
00000006000000050000000800000009000000060000000500000008000000090000000700000010
00000006000000030000000500000006000000060000000500000005000000090000000300000006
00000005000000050000000800000010000000060000000600000004000000110000000500000003
00000006000000060000000800000011000000040000000200000007000000090000000800000007
00000005000000060000001100000003000000030000000400000008000000030000000500000005
00000007000000040000000700000009000000040000000700000004000000040000000800000010
00000008000000080000000600000006000000050000000300000005000000040000000700000008
00000005000000060000000100000004000000060000000700000007000000050000000700000008
00000008000000110000000900000010000000030000000700000005000000070000000800000009
00000007000000040000000800000007000000060000000500000007000000090000000800000011
00000008000000050000000900000005000000070000000600000004000000090000001000000006
00000002000000100000001200000010000000060000001000000009000000030000000800000008
00000004000000040000000800000008000000080000000600000004000000070000000200000009
00000003000000030000000700000008000000060000000800000005000000060000000500000009
00000006000000040000000500000007000000060000000300000003000000100000000500000005
00000009000000100000000900000009000000060000000800000007000000050000000300000006
00000006000000120000000300000006000000070000000500000005000000040000000200000007
00000007000000040000000500000012000000070000000700000005000000060000000800000006
00000008000000070000000500000008000000020000000700000006000000060000000400000009
00000009000000080000000700000011000000020000000800000004000000060000000700000006
00000005000000090000000900000005000000070000000800000007000000090000000400000008
00000007000000100000000600000008000000030000000600000004000000080000000900000008
00000006000000070000000700000011000000080000000700000006000000050000000400000006
00000009000000070000000600000015000000060000001000000004000000030000000600000003
00000007000000130000000600000007000000060000000200000007000000080000000500000006
00000006000000060000001000000002000000080000000700000005000000040000000700000012
00000005000000050000000500000005000000050000000500000010000000090000000600000005
00000010000000060000000800000006000000020000000900000007000000060000000400000004
00000011000000130000001100000008000000060000000600000011000000060000000400000006
00000011000000120000000500000004000000020000000900000012000000070000000400000012
00000008000000080000000900000007000000050000000900000007000000070000000600000006
00000006000000090000000500000011000000070000000400000009000000040000000800000012
00000010000000060000001100000007000000030000000700000006000000090000000800000004
00000006000000020000001000000004000000080000001000000005000000150000000500000010
00000009000000120000001000000006000000050000001100000009000000070000001300000005
00000007000000130000000500000010000000020000000800000012000000100000001600000009
00000011000000090000001100000014000000070000001200000009000000080000001400000017
00000018000000130000001500000015000000120000002100000022000000110000002700000026
00000021000000160000002700000020000000210000002600000024000000280000002500000047
00000033000000360000005000000060000000630000009100000124000001030000013800000148
00000210000002970000032800000452000005260000063200000758000008740000107300001270
00001435000016330000189300002047000022720000246900002744000028270000296500003134
00003207000034600000328000003479000035130000340200003397000032540000311000002910
00002781000026170000256900002354000022430000196600001851000017810000156400001414
00001378000011860000104700000918000008790000081600000748000006690000062900000599
00000556000005470000042900000418000004010000037200000347000002900000031600000281
00000249000002270000020800000199000001990000017400000182000001570000013800000138
00000115000001180000010800000091000000770000006800000063000000550000005000000047
00000046000000500000003700000041000000340000003300000023000000310000001400000021
00000022000000120000002000000016000000150000000900000013000000130000001000000020
00000008000000100000001300000009000000030000001000000011000000030000000800000010
00000011000000070000000900000007000000060000000800000006000000070000000900000009
00000004000000070000000600000008000000040000001000000003000000070000000600000008
00000011000000090000000500000004000000050000000600000003000000040000000400000008
00000009000000050000000700000003000000080000001000000009000000070000000600000004
00000010000000040000000500000008000000140000000600000004000000130000000800000006
00000004000000080000000600000008000000060000000500000005000000080000000600000007
00000010000000060000000600000007000000050000000600000003000000060000001400000007
00000004000000040000000500000007000000100000000200000004000000030000000500000008
00000006000000050000000700000009000000050000001000000005000000080000000600000005
00000007000000040000000500000008000000100000001200000010000000050000000700000005
00000009000000030000000800000007000000030000000400000007000000060000000300000006
00000006000000090000000500000010000000060000000300000002000000080000000800000009
00000009000000060000000800000005000000060000000500000003000000080000000400000008
00000006000000080000000500000004000000060000000800000012000000090000000700000007
00000006000000070000000500000006000000040000000400000010000000090000000900000005
00000009000000080000000900000006000000040000000800000006000000060000000500000007
00000003000000030000000400000006000000070000000400000009000000070000000800000005
00000004000000040000000600000007000000060000000600000014000000040000000800000005
00000008000000080000000400000006000000100000001000000007000000130000000400000005
00000006000000040000000600000011000000080000000100000007000000030000000200000005
00000001000000090000000600000008000000100000000500000005000000050000000900000005
00000008000000110000000700000007000000040000000600000008000000130000000800000004
00000008000000060000000600000006000000090000000600000004000000080000000500000009
00000007000000040000000400000005000000060000000800000011000000090000000600000006
00000004000000090000000800000008000000080000001100000007000000030000000900000004
00000009000000060000000300000007000000060000000400000003000000030000000600000004
00000000000000080000000800000005000000060000000500000007000000050000000500000010
00000008000000030000000500000011000000060000000700000006000000050000000300000006
00000000000000000000000000000000000000000000000000000000000000000000000000000000
00000000000000000000000000000000000000000000000000000000000000000000000000000000
00000000000000000000000000000000000000000000000000000000000000000000000000000000
00000000000000000000000000000000000000000000000000000000000000000000000000000000
00000000000000000000000000000000000000000000000000000000000000000000000000000000
00000000000000000000000000000000000000000000000000000000000000000000000000000000
00000000000000000000000000000000000000000000000000000000000000000000000000000000
00000000000000000000000000000000000000000000000000000000000000000000000000000000
00000000000000000000000000000000000000000000000000000000000000000000000000000000
00000000000000000000000000000000000000000000000000000000000000000000000000000000
00000000000000000000000000000000000000000000000000000000000000000000000000000000
00000000000000000000000000000000000000000000000000000000000000000000000000000000
00000000000000000000000000000000000000000000000000000000000000000000000000000000
00000000000000000000000000000000000000000000000000000000000000000000000000000000
00000000000000000000000000000000000000000000000000000000000000000000000000000000
00000000000000000000000000000000000000000000000000000000000000000000000000000000
00000000000000000000000000000000000000000000000000000000000000000000000000000000
00000000000000000000000000000000000000000000000000000000000000000000000000000000
00000000000000000000000000000000000000000000000000000000000000000000000000000000
00000000000000000000000000000000000000000000000000000000000000000000000000000000
00000000000000000000000000000000000000000000000000000000000000000000000000000000
00000000000000000000000000000000000000000000000000000000000000000000000000000000
00000000000000000000000000000000000000000000000000000000000000000000000000000000
00000000000000000000000000000000000000000000000000000000000000000000000000000000
00000000000000000000000000000000000000000000000000000000000000000000000000000000
000000000000000000000000000000000000000000000000