 0006024 0000012 0000000 0004095 1041018 0055513
00000057000000700000007400000105000001210000016200000171000002190000022500000241
00000258000002850000030600000339000003240000038800000369000003750000031800000333
00000278000002890000029200000235000002070000019100000174000001550000013000000093
00000095000000600000005000000045000000300000002600000025000000200000000800000009
00000011000000040000000200000001000000010000000200000000000000010000000000000000
00000001000000000000000000000000000000000000000000000000000000000000000000000000
00000000000000000000000000000000000000000000000000000000000000000000000000000000
00000000000000000000000000000000000000000000000000000000000000000000000000000000
00000000000000000000000000000000000000000000000000000000000000000000000000000000
00000000000000000000000000000000000000000000000000000000000000000000000000000000
00000000000000000000000000000000000000000000000000000000000000000000000000000000
00000000000000000000000000000000000000000000000000000000000000000000000000000000
00000000000000000000000000000000000000000000000000000000000000000000000000000000
00000000000000000000000000000000000000000000000000000000000000000000000000000000
00000000000000000000000000000000000000000000000000000000000000000000000000000000
00000000000000000000000000000000000000000000000000000000000000000000000000000000
00000000000000000000000000000000000000000000000000000000000000000000000000000000
00000000000000000000000000000000000000000000000000000000000000000000000000000000
00000000000000000000000000000000000000000000000000000000000000000000000000000000
00000000000000000000000000000000000000000000000000000000000000010000000000000001
00000002000000030000000700000007000000030000000400000003000000050000000400000008
00000011000000130000000900000009000000150000000800000013000000120000001900000008
00000015000000160000001400000009000000110000001100000008000000150000001000000007
00000009000000090000001400000005000000060000000500000004000000010000000700000009
00000002000000010000000600000006000000040000000300000004000000040000000200000001
00000003000000010000000400000001000000030000000500000001000000050000000200000004
00000001000000020000000100000001000000070000000100000003000000020000000100000003
00000004000000020000000300000006000000020000000300000006000000000000000300000005
00000005000000040000000100000002000000050000000300000003000000010000000200000001
00000001000000020000000300000002000000030000000100000000000000020000000100000003
00000002000000010000000000000002000000040000000300000002000000040000000300000001
00000000000000030000000300000002000000010000000300000002000000040000000100000003
00000004000000030000000400000003000000040000000200000000000000010000000300000000
00000003000000000000000200000006000000010000000600000001000000030000000000000001
00000002000000000000000300000002000000000000000100000003000000010000000200000003
00000005000000010000000300000003000000020000000200000003000000020000000100000001
00000007000000030000000700000004000000010000000200000003000000030000000100000002
00000003000000030000000200000003000000000000000300000004000000000000000100000002
00000003000000050000000400000000000000010000000100000003000000030000000000000001
00000004000000020000000500000005000000030000000600000001000000020000000200000002
00000004000000050000000200000000000000020000000200000002000000040000000200000001
00000004000000060000000300000001000000030000000300000001000000020000000200000000
00000002000000020000000500000002000000050000000400000004000000020000000300000003
00000004000000030000000400000004000000030000000200000004000000050000000100000002
00000001000000030000000100000004000000040000000300000000000000020000000400000000
00000002000000020000000300000002000000030000000500000005000000030000000100000003
00000003000000030000000200000005000000040000000400000002000000010000000200000005
00000004000000020000000200000000000000040000000200000001000000020000000200000001
00000004000000010000000300000003000000010000000300000003000000010000000100000004
00000005000000040000000500000003000000030000000000000004000000010000000400000003
00000004000000050000000300000003000000020000000100000001000000030000000100000002
00000002000000000000000100000003000000040000000600000003000000010000000700000003
00000003000000040000000300000001000000020000000400000004000000020000000100000001
00000004000000050000000200000002000000040000000400000004000000040000000400000001
00000000000000040000000300000001000000040000000000000004000000040000000600000002
00000003000000000000000400000003000000010000000100000001000000020000000300000001
00000005000000000000000000000003000000010000000300000000000000020000000100000005
00000002000000030000000200000001000000010000000300000003000000010000000300000004
00000002000000030000000200000001000000010000000500000000000000010000000300000002
00000003000000050000000300000003000000010000000200000003000000030000000400000001
00000006000000020000000200000001000000020000000200000002000000020000000300000003
00000001000000050000000000000001000000020000000100000002000000020000000300000001
00000006000000020000000200000002000000030000000300000000000000010000000400000003
00000000000000030000000100000003000000010000000000000002000000030000000000000002
00000003000000030000000000000005000000020000000100000001000000010000000200000004
00000001000000010000000300000003000000030000000300000004000000040000000300000002
00000005000000010000000200000003000000010000000200000003000000070000000200000004
00000002000000020000000200000001000000030000000300000002000000010000000100000003
00000003000000030000000300000002000000020000000200000002000000050000000400000001
00000007000000020000000400000002000000030000000500000001000000000000000200000007
00000007000000030000000300000000000000020000000300000002000000020000000200000003
00000003000000020000000100000001000000060000000100000004000000030000000100000005
00000003000000030000000400000002000000030000000400000002000000020000000300000003
00000005000000040000000200000000000000070000000300000005000000020000000400000001
00000002000000050000000100000005000000000000000200000003000000010000000300000002
00000001000000040000000100000001000000060000000200000005000000010000000200000001
00000002000000010000000500000001000000000000000800000001000000020000000200000003
00000005000000080000000300000001000000040000000200000004000000030000000100000002
00000001000000050000000200000002000000020000000500000003000000030000000300000006
00000001000000020000000100000005000000030000000100000001000000000000000100000003
00000003000000020000000400000005000000010000000200000002000000020000000200000003
00000002000000010000000100000004000000010000000600000004000000020000000600000004
00000001000000010000000300000001000000020000000100000001000000010000000500000002
00000003000000000000000200000004000000030000000000000005000000040000000500000000
00000001000000030000000400000001000000030000000400000001000000030000000400000002
00000002000000030000000200000000000000020000000100000001000000010000000100000003
00000001000000020000000200000005000000040000000500000002000000020000000500000001
00000000000000030000000200000002000000050000000300000002000000040000000400000003
00000001000000030000000400000005000000010000000400000004000000020000000300000001
00000004000000040000000400000003000000040000000000000006000000000000000000000003
00000000000000050000000400000007000000060000000400000002000000040000000500000004
00000003000000010000000100000005000000010000000100000002000000070000000300000008
00000001000000030000000300000003000000030000000100000001000000030000000200000001
00000002000000020000000100000000000000020000000200000004000000020000000100000003
00000004000000010000000200000001000000050000000300000001000000000000000400000003
00000005000000060000000200000002000000030000000300000002000000020000000000000004
00000002000000040000000700000004000000030000000000000004000000050000000300000002
00000005000000030000000400000004000000040000000300000004000000020000000500000003
00000008000000040000000200000003000000050000000200000003000000050000000100000003
00000002000000030000000100000002000000010000000500000004000000030000000400000002
00000002000000020000000300000005000000040000000200000003000000030000000400000004
00000004000000050000000400000001000000040000000400000001000000020000000300000003
00000006000000050000000400000005000000020000000200000004000000020000000200000002
00000003000000050000000300000001000000020000000100000001000000050000000300000004
00000001000000040000000400000002000000010000000400000001000000070000000500000005
00000004000000040000000400000001000000020000000400000001000000040000000200000004
00000004000000030000000100000007000000020000000500000004000000060000000700000003
00000006000000050000000800000004000000020000000700000006000000030000000200000009
00000004000000060000000200000000000000060000000200000003000000060000000100000003
00000004000000030000000200000002000000020000000500000005000000050000000600000005
00000006000000050000000400000006000000020000000300000003000000010000000300000003
00000006000000050000000400000011000000020000000600000009000000060000000400000006
00000004000000060000000300000004000000030000000300000007000000030000000300000001
00000009000000060000000800000006000000060000000400000006000000040000000300000005
00000005000000110000000500000001000000020000000500000005000000130000000300000012
00000004000000040000000700000008000000030000000900000006000000040000000300000006
00000007000000040000000900000005000000080000000900000004000000040000000600000007
00000004000000050000000600000006000000050000000600000005000000070000000900000001
00000008000000090000000400000015000000070000000600000004000000040000000500000002
00000007000000050000001200000007000000060000000500000010000000050000000900000006
00000006000000070000000800000005000000030000000900000005000000120000001000000007
00000003000000100000000900000005000000140000000900000008000000040000000600000006
00000008000000070000001500000010000000040000000600000008000000080000000600000010
00000006000000090000001100000011000000030000000600000007000000060000000700000008
00000006000000110000001100000009000000110000000600000007000000110000001000000009
00000009000000080000000600000007000000080000000400000010000000080000000700000005
00000009000000090000000800000011000000070000000700000005000000050000000900000018
00000012000000100000001000000008000000100000001000000007000000100000001100000014
00000015000000090000000800000009000000090000001300000019000000120000001100000011
00000012000000110000001400000003000000050000001400000008000000120000000900000006
00000010000000080000000900000007000000130000001100000010000000140000002000000007
00000016000000050000001400000012000000130000000900000012000000080000001300000010
00000010000000120000000900000010000000120000001100000009000000170000001500000012
00000011000000180000000900000012000000080000001200000019000000090000000900000012
00000015000000120000001200000012000000180000000800000011000000120000001200000016
00000007000000130000001400000010000000140000001400000011000000160000001600000010
00000008000000130000001000000019000000080000001300000015000000080000001300000009
00000016000000100000001100000017000000140000002000000010000000160000001500000015
00000014000000150000001100000015000000110000001200000014000000180000002400000024
00000019000000200000001500000015000000140000001400000016000000190000001600000018
00000013000000160000001500000018000000240000001200000013000000180000001800000016
00000012000000120000001900000012000000260000001800000018000000150000001400000024
00000020000000150000001800000021000000230000001700000017000000120000002300000019
00000017000000150000002100000014000000190000002100000019000000140000001600000017
00000014000000250000001700000017000000190000002000000020000000160000001900000026
00000022000000260000001300000016000000160000001800000019000000110000002200000010
00000014000000200000002300000013000000240000002600000010000000220000001800000019
00000012000000220000001700000014000000200000001800000022000000160000002400000016
00000018000000230000001500000026000000180000001200000022000000200000002500000019
00000018000000170000002300000021000000230000001700000016000000170000001300000017
00000024000000210000002000000021000000170000001800000029000000270000002100000017
00000018000000120000002100000026000000240000001900000026000000240000001900000020
00000021000000240000002600000027000000190000001900000014000000170000002100000016
00000029000000290000002300000025000000220000002100000023000000180000002700000024
00000024000000290000002500000025000000270000002600000021000000170000003000000026
00000023000000320000001900000018000000230000003600000028000000130000002700000022
00000020000000330000001400000025000000200000002500000026000000270000001600000030
00000031000000340000002700000022000000160000002400000030000000300000002200000025
00000031000000340000001800000022000000220000002500000022000000280000002000000036
00000030000000320000002600000021000000260000002300000026000000140000003100000022
00000029000000190000001600000023000000300000003400000017000000240000002900000026
00000020000000280000002400000028000000340000002500000021000000310000002100000027
00000027000000290000003600000027000000290000001900000019000000260000003500000023
00000026000000180000003400000029000000310000003100000026000000220000003600000022
00000030000000300000002400000033000000270000003500000035000000260000002900000028
00000024000000360000003900000028000000250000003500000031000000330000003500000020
00000033000000420000002800000035000000240000003300000032000000280000003100000020
00000043000000400000003900000041000000390000002100000021000000400000002600000034
00000025000000280000002100000036000000370000003200000027000000340000003100000025
00000025000000460000003600000027000000270000003800000035000000310000003700000033
00000029000000250000003600000031000000320000002700000037000000300000003100000018
00000020000000290000003600000039000000370000002700000032000000320000002800000030
00000040000000260000003900000023000000330000004000000039000000390000004800000031
00000035000000370000002800000031000000310000004300000036000000310000002800000039
00000038000000380000003400000038000000350000003900000026000000370000003200000037
00000030000000350000003900000042000000370000002800000042000000340000002500000050
00000040000000360000004200000030000000450000004300000032000000420000003400000021
00000040000000490000003100000045000000470000003700000033000000340000004000000037
00000042000000320000004500000033000000310000003300000044000000400000004100000037
00000028000000450000004400000037000000420000004400000030000000410000002800000042
00000034000000310000003000000046000000520000003100000054000000290000004200000033
00000046000000470000004700000033000000400000004600000032000000340000003600000042
00000050000000430000004200000040000000450000004200000050000000440000005400000033
00000040000000380000003100000043000000500000003500000041000000410000003700000039
00000036000000380000003400000040000000440000003300000035000000350000004100000068
00000060000000450000002800000036000000360000004000000048000000490000004700000057
00000038000000490000003500000048000000470000004500000030000000370000005400000054
00000059000000390000005000000049000000390000003300000043000000360000004800000041
00000045000000550000004800000040000000400000004100000047000000320000004500000047
00000045000000380000004100000040000000500000004200000046000000420000004600000047
00000044000000400000005900000047000000430000003000000043000000490000004800000045
00000047000000430000004200000055000000450000004900000044000000410000005000000032
00000050000000460000004100000049000000350000004500000038000000400000005000000058
00000052000000470000004500000040000000410000004700000039000000420000004000000055
00000047000000650000004300000048000000690000004100000049000000410000005200000046
00000060000000490000006700000049000000530000004000000049000000670000004100000057
00000050000000460000003800000038000000400000005200000043000000490000005100000045
00000042000000610000004300000046000000410000004000000051000000540000005400000040
00000061000000600000005300000049000000430000004500000036000000480000005400000055
00000044000000520000005900000056000000570000004600000047000000710000005700000061
00000046000000580000005800000054000000550000005100000055000000470000005100000057
00000055000000540000005100000051000000610000005500000041000000510000005900000054
00000049000000600000004800000054000000640000004600000051000000500000005200000048
00000061000000480000004600000052000000540000005300000050000000510000004900000057
00000044000000570000004500000061000000640000004300000043000000550000007800000061
00000057000000710000005100000054000000510000006200000054000000600000005000000050
00000057000000470000005400000045000000570000006200000052000000410000004400000048
00000065000000760000004500000033000000630000004100000049000000550000005400000061
00000046000000460000005900000053000000520000004800000054000000450000004800000065
00000044000000560000005300000057000000500000007100000057000000520000005100000061
00000054000000450000006000000059000000550000004800000061000000600000005300000054
00000057000000590000005300000047000000700000005600000057000000460000006600000051
00000056000000440000006000000054000000690000005500000053000000620000006100000040
00000055000000540000005400000058000000560000006400000051000000610000005400000051
00000050000000480000004800000055000000480000005200000053000000670000004700000057
00000041000000530000005600000059000000700000005900000058000000750000004400000068
00000052000000580000005100000060000000580000004400000060000000580000005500000062
00000065000000640000006700000059000000570000006600000053000000650000006900000060
00000049000000660000004300000057000000540000005000000047000000520000006400000057
00000059000000650000005600000052000000610000005300000068000000650000005800000054
00000056000000690000006400000055000000550000007100000068000000540000005700000068
00000055000000550000006900000054000000690000006200000068000000490000006800000061
00000057000000580000004800000071000000510000007200000057000000730000006400000066
00000059000000690000005800000062000000780000006300000059000000580000006900000060
00000067000000660000005200000054000000660000006600000053000000650000008100000053
00000056000000670000004500000054000000630000006600000069000000490000005300000071
00000070000000620000006600000058000000670000005700000073000000690000005800000070
00000061000000680000006600000065000000400000005500000059000000560000006600000059
00000056000000520000006400000055000000720000006100000057000000720000007300000073
00000063000000850000006000000057000000750000005300000053000000680000005200000081
00000074000000630000006100000056000000540000005200000050000000610000006100000059
00000049000000740000006400000060000000730000007700000080000000670000006600000066
00000069000000630000006800000063000000650000006500000047000000740000005600000065
00000054000000660000005300000047000000570000005900000073000000510000005900000055
00000069000000590000006500000058000000530000005200000054000000530000005900000066
00000070000000730000006300000061000000780000007200000062000000760000006700000070
00000064000000720000006400000078000000590000005300000060000000570000006100000065
00000052000000690000007100000077000000560000005900000081000000690000007100000059
00000063000000720000006600000058000000450000007700000058000000730000006600000085
00000080000000640000005400000061000000730000004800000072000000570000006700000060
00000061000000580000006500000059000000620000006800000065000000580000005100000072
00000067000000510000006300000068000000590000006100000063000000640000007900000052
00000066000000600000008300000074000000660000008700000063000000720000005800000060
00000060000000660000006600000064000000620000006900000068000000740000006800000073
00000071000000680000006000000072000000600000006000000053000000640000007100000057
00000062000000720000006300000053000000760000005600000067000000590000005500000065
00000067000000780000007100000060000000640000006300000054000000740000006400000057
00000064000000720000005200000056000000610000006100000067000000660000006200000057
00000071000000720000005400000063000000600000006900000064000000580000007700000058
00000059000000650000004700000074000000600000006200000064000000530000006700000051
00000058000000580000005100000044000000580000006300000047000000520000005900000056
00000067000000740000006700000067000000630000005500000051000000570000006200000053
00000057000000520000005400000041000000600000006500000058000000670000006300000060
00000066000000600000005200000063000000690000004700000073000000510000006400000045
00000050000000490000006400000059000000610000005100000070000000590000005900000048
00000052000000580000006000000055000000670000005200000073000000520000005500000054
00000061000000490000006200000056000000730000006700000069000000650000005200000055
00000069000000610000005400000057000000390000005500000051000000590000006100000048
00000053000000540000006600000060000000580000005200000055000000670000005600000054
00000044000000520000005500000042000000570000004800000050000000680000005200000048
00000058000000550000004200000039000000500000004700000043000000550000005300000046
00000046000000620000006000000053000000540000005900000064000000400000005600000059
00000040000000640000005800000047000000550000005700000052000000580000005000000046
00000037000000390000005000000051000000450000004100000044000000530000004600000042
00000052000000640000004900000049000000470000005400000051000000420000004700000043
00000041000000510000004300000055000000520000005000000042000000430000005000000043
00000060000000400000005200000051000000490000003900000042000000340000004800000039
00000034000000450000004400000049000000410000004400000040000000340000005100000040
00000051000000450000003900000047000000510000003800000045000000560000004100000044
00000035000000430000003400000046000000420000004700000032000000310000004000000044
00000028000000350000005100000038000000300000005000000041000000530000004400000043
00000053000000350000004000000050000000490000004400000049000000440000004500000047
00000037000000520000005200000035000000390000003700000047000000420000004300000043
00000041000000390000002900000040000000370000004000000033000000450000003400000040
00000037000000510000004200000034000000420000003900000028000000500000004800000035
00000050000000350000003100000038000000360000003300000036000000310000003800000040
00000039000000370000004100000025000000260000003400000043000000440000002700000032
00000023000000360000003900000027000000290000003400000032000000260000003500000026
00000032000000270000003200000033000000320000003300000033000000290000003300000040
00000035000000330000002300000034000000350000003200000031000000230000004100000029
00000027000000340000003600000023000000310000002300000033000000250000003000000030
00000029000000310000002900000027000000260000002000000023000000250000003100000022
00000027000000250000002900000010000000370000002300000028000000210000002600000016
00000024000000230000002400000026000000270000002100000020000000260000002800000031
00000023000000160000002200000022000000220000000700000027000000300000001300000015
00000021000000200000001600000013000000240000001700000013000000170000002100000022
00000021000000100000001200000013000000150000002100000021000000160000001200000015
00000013000000170000001200000022000000180000001000000013000000230000001400000015
00000009000000230000001500000017000000120000001700000009000000120000001600000020
00000017000000160000001400000019000000140000001800000010000000090000001400000011
00000014000000130000000800000011000000200000001700000016000000120000001000000007
00000011000000090000001200000013000000170000000900000017000000150000000900000021
00000010000000090000001200000008000000110000000900000009000000070000001000000009
00000005000000080000000500000009000000160000001600000014000000100000000500000013
00000006000000120000001700000015000000120000000800000012000000120000001700000009
00000011000000120000001300000009000000140000001300000011000000100000000900000013
00000009000000140000002000000016000000190000000700000016000000170000001300000006
00000006000000110000000800000013000000050000000600000013000000120000001000000009
00000010000000060000000800000013000000090000001100000008000000090000002000000007
00000008000000120000001000000013000000080000001100000012000000090000001300000009
00000011000000100000001400000007000000070000000600000017000000120000001200000009
00000008000000140000001300000011000000140000000800000008000000110000000900000014
00000011000000060000000500000007000000070000000900000005000000110000000600000008
00000005000000110000000700000005000000060000000900000009000000090000001100000009
00000008000000090000000500000006000000100000000900000003000000060000000700000009
00000007000000060000000700000010000000040000000500000005000000080000000900000005
00000007000000080000000800000003000000070000000400000004000000050000000500000003
00000006000000030000000500000001000000050000000400000002000000080000000400000002
00000000000000020000000200000000000000020000000100000001000000030000000700000000
00000002000000030000000000000002000000010000000000000007000000010000000300000004
00000003000000030000000500000002000000000000000000000004000000010000000200000003
00000002000000020000000300000003000000020000000000000001000000020000000400000000
00000001000000000000000100000002000000030000000100000001000000010000000400000003
00000003000000010000000100000002000000020000000300000001000000020000000000000001
00000003000000040000000000000002000000040000000400000000000000030000000100000000
00000002000000010000000300000003000000080000000200000000000000010000000100000003
00000002000000060000000200000002000000010000000100000003000000000000000100000001
00000006000000030000000200000004000000030000000300000001000000030000000100000003
00000002000000030000000200000002000000030000000000000003000000000000000400000002
00000005000000020000000400000001000000010000000200000001000000010000000100000004
00000001000000040000000300000004000000030000000300000002000000020000000100000006
00000000000000020000000300000005000000040000000000000006000000050000000100000004
00000004000000050000000200000002000000050000000300000005000000050000000200000001
00000001000000020000000500000001000000040000000100000003000000030000000900000004
00000002000000050000000100000003000000010000000200000004000000020000000300000002
00000005000000020000000200000005000000030000000100000007000000050000000100000001
00000001000000020000000300000000000000030000000400000005000000030000000300000002
00000001000000010000000100000003000000020000000300000002000000020000000400000002
00000004000000000000000100000001000000020000000200000001000000010000000100000001
00000003000000060000000300000001000000010000000200000003000000010000000300000003
00000002000000030000000000000002000000030000000300000005000000000000000200000001
00000001000000030000000000000002000000020000000300000004000000010000000300000001
00000002000000080000000200000001000000020000000300000001000000020000000300000003
00000000000000040000000400000003000000040000000300000002000000010000000100000002
00000004000000010000000200000006000000000000000200000002000000030000000200000001
00000002000000010000000100000005000000010000000300000003000000010000000500000003
00000000000000010000000500000000000000020000000100000004000000050000000300000006
00000002000000020000000100000003000000020000000200000001000000030000000100000002
00000002000000030000000100000002000000020000000200000000000000040000000700000002
00000003000000020000000100000003000000050000000400000000000000020000000200000001
00000003000000020000000400000001000000030000000200000002000000020000000100000000
00000002000000020000000400000004000000040000000300000003000000020000000200000004
00000005000000010000000500000003000000020000000500000003000000060000000100000003
00000002000000020000000100000003000000020000000500000003000000020000000200000001
00000002000000020000000400000005000000070000000300000000000000030000000200000003
00000002000000050000000400000003000000050000000500000001000000010000000200000002
00000001000000040000000400000001000000030000000300000000000000030000000100000008
00000001000000050000000200000004000000050000000200000004000000030000000500000002
00000001000000010000000300000002000000030000000200000003000000010000000600000010
00000004000000050000000500000013000000050000000300000003000000030000000400000004
00000001000000030000000300000004000000080000000500000001000000050000000800000008
00000005000000040000001000000004000000070000000500000009000000100000000500000007
00000013000000090000000800000009000000150000001100000007000000100000001700000013
00000013000000180000000800000016000000150000002100000023000000170000002000000020
00000015000000210000002400000037000000380000004500000051000000580000007200000085
00000100000001310000015800000184000002430000028100000315000003330000040400000482
00000480000005930000064200000720000007800000078600000829000009040000093700000924
00000976000009820000096300000998000009600000088100000900000008390000084900000792
00000692000007450000062300000590000004760000046200000430000004140000037400000322
00000278000002800000026600000247000001860000018400000179000001490000014500000139
00000111000001140000013000000092000000960000007600000080000000830000007200000076
00000075000000570000006200000041000000510000004600000049000000400000002800000035
00000029000000240000002400000012000000150000001500000014000000220000001300000013
00000014000000070000001400000010000000120000000700000011000000060000000200000011
00000002000000030000000200000003000000040000000500000002000000040000000400000004
00000003000000060000000200000004000000010000000300000003000000010000000400000001
00000001000000060000000100000000000000020000000100000000000000020000000400000003
00000003000000030000000100000001000000010000000100000002000000010000000300000002
00000002000000010000000200000002000000000000000000000001000000030000000100000001
00000005000000010000000100000004000000020000000300000002000000040000000100000004
00000003000000010000000300000001000000030000000400000006000000030000000300000001
00000003000000000000000100000002000000040000000300000001000000030000000400000004
00000007000000010000000100000001000000040000000400000001000000020000000200000004
00000003000000040000000200000004000000010000000500000005000000040000000100000002
00000003000000030000000500000001000000000000000500000003000000010000000200000002
00000001000000000000000500000002000000010000000100000001000000030000000200000001
00000003000000040000000200000001000000010000000200000005000000000000000300000002
00000003000000010000000000000000000000030000000000000002000000050000000300000002
00000003000000040000000100000004000000060000000200000003000000010000000100000000
00000000000000040000000300000001000000010000000300000002000000010000000100000004
00000002000000010000000400000001000000040000000000000005000000010000000400000003
00000001000000010000000100000002000000050000000300000005000000040000000400000002
00000001000000050000000300000002000000030000000200000003000000020000000400000001
00000002000000000000000100000002000000020000000600000004000000030000000200000003
00000000000000000000000000000000000000000000000000000000000000000000000000000000
00000000000000000000000000000000000000000000000000000000000000000000000000000000
00000000000000000000000000000000000000000000000000000000000000000000000000000000
00000000000000000000000000000000000000000000000000000000000000000000000000000000
00000000000000000000000000000000000000000000000000000000000000000000000000000000
00000000000000000000000000000000000000000000000000000000000000000000000000000000
00000000000000000000000000000000000000000000000000000000000000000000000000000000
00000000000000000000000000000000000000000000000000000000000000000000000000000000
00000000000000000000000000000000000000000000000000000000000000000000000000000000
00000000000000000000000000000000000000000000000000000000000000000000000000000000
00000000000000000000000000000000000000000000000000000000000000000000000000000000
00000000000000000000000000000000000000000000000000000000000000000000000000000000
00000000000000000000000000000000000000000000000000000000000000000000000000000000
00000000000000000000000000000000000000000000000000000000000000000000000000000000
00000000000000000000000000000000000000000000000000000000000000000000000000000000
00000000000000000000000000000000000000000000000000000000000000000000000000000000
00000000000000000000000000000000000000000000000000000000000000000000000000000000
00000000000000000000000000000000000000000000000000000000000000000000000000000000
00000000000000000000000000000000000000000000000000000000000000000000000000000000
00000000000000000000000000000000000000000000000000000000000000000000000000000000
00000000000000000000000000000000000000000000000000000000000000000000000000000000
00000000000000000000000000000000000000000000000000000000000000000000000000000000
00000000000000000000000000000000000000000000000000000000000000000000000000000000
00000000000000000000000000000000000000000000000000000000000000000000000000000000
00000000000000000000000000000000000000000000000000000000000000000000000000000000
000000000000000000000000000000000000000000000000