 0006024 0000004 0000000 0004095 1041018 0055513
00000034000000350000005900000068000000780000009700000095000001370000012900000153
00000151000002220000021000000206000002290000021800000238000002010000021900000194
00000166000001730000015400000158000001310000011200000082000000960000007300000058
00000045000000400000003500000027000000210000001800000012000000060000000000000006
00000007000000030000000000000001000000000000000000000001000000000000000000000000
00000000000000000000000000000000000000000000000000000000000000000000000000000000
00000000000000000000000000000000000000000000000000000000000000000000000000000000
00000000000000000000000000000000000000000000000000000000000000000000000000000000
00000000000000000000000000000000000000000000000000000000000000000000000000000000
00000000000000000000000000000000000000000000000000000000000000000000000000000000
00000000000000000000000000000000000000000000000000000000000000000000000000000000
00000000000000000000000000000000000000000000000000000000000000000000000000000000
00000000000000000000000000000000000000000000000000000000000000000000000000000000
00000000000000000000000000000000000000000000000000000000000000000000000000000000
00000000000000000000000000000000000000000000000000000000000000000000000000000000
00000000000000000000000000000000000000000000000000000000000000000000000000000000
00000000000000000000000000000000000000000000000000000000000000000000000000000000
00000000000000000000000000000000000000000000000000000000000000000000000000000000
00000000000000000000000000000000000000000000000000000000000000000000000000000000
00000000000000000000000000000000000000000000000000000000000000000000000000000000
00000000000000000000000000000000000000000000000000000000000000000000000000000000
00000000000000000000000100000000000000000000000000000000000000000000000000000000
00000000000000010000000000000000000000010000000100000001000000010000000000000000
00000000000000000000000000000000000000000000000100000000000000000000000000000000
00000000000000010000000000000000000000000000000000000000000000000000000000000000
00000000000000000000000000000000000000000000000000000000000000010000000000000000
00000000000000000000000000000000000000000000000000000001000000000000000000000000
00000000000000000000000000000000000000000000000000000000000000000000000000000000
00000000000000000000000000000000000000000000000000000000000000000000000000000000
00000000000000000000000000000000000000000000000000000000000000000000000000000000
00000000000000000000000000000000000000000000000000000000000000000000000000000000
00000000000000000000000000000000000000000000000000000001000000000000000000000000
00000000000000000000000000000000000000000000000000000000000000000000000000000000
00000000000000000000000000000000000000000000000000000000000000000000000000000000
00000000000000000000000000000000000000000000000100000000000000000000000000000000
00000000000000000000000000000000000000000000000000000000000000000000000000000000
00000000000000000000000000000000000000000000000000000000000000000000000000000000
00000001000000000000000000000000000000000000000000000000000000000000000000000000
00000000000000000000000000000000000000000000000000000000000000000000000000000000
00000000000000000000000000000000000000000000000100000000000000000000000000000000
00000000000000010000000000000000000000000000000000000000000000000000000000000000
00000000000000000000000000000000000000000000000000000000000000000000000000000000
00000000000000000000000000000000000000000000000000000000000000000000000000000000
00000000000000000000000000000000000000000000000000000000000000010000000000000000
00000000000000000000000000000000000000000000000000000000000000000000000000000000
00000000000000000000000100000000000000000000000000000000000000000000000000000000
00000000000000000000000000000000000000000000000000000000000000000000000000000000
00000000000000000000000000000000000000000000000000000000000000000000000000000000
00000000000000000000000000000000000000000000000000000000000000000000000000000000
00000000000000000000000000000000000000000000000000000000000000000000000000000000
00000000000000000000000000000000000000000000000000000000000000000000000000000000
00000000000000000000000000000000000000000000000000000000000000000000000000000000
00000000000000000000000000000000000000000000000000000000000000000000000000000000
00000000000000000000000000000000000000000000000000000000000000000000000000000000
00000000000000000000000000000000000000000000000000000000000000010000000100000000
00000000000000000000000000000000000000010000000000000000000000000000000000000000
00000000000000000000000000000000000000000000000000000000000000000000000000000000
00000000000000000000000000000000000000000000000000000000000000000000000000000000
00000000000000000000000000000000000000000000000000000000000000000000000000000000
00000000000000000000000000000001000000000000000000000000000000000000000000000000
00000001000000000000000100000000000000000000000000000000000000000000000000000000
00000000000000000000000000000000000000000000000000000000000000000000000000000000
00000000000000000000000000000000000000000000000000000000000000000000000000000000
00000000000000000000000000000000000000000000000000000000000000000000000000000000
00000000000000000000000100000000000000000000000000000000000000000000000000000000
00000000000000000000000000000000000000010000000000000000000000000000000000000000
00000000000000000000000000000000000000000000000000000000000000000000000000000000
00000001000000000000000000000000000000000000000000000000000000000000000000000000
00000000000000000000000000000000000000000000000000000000000000000000000000000000
00000000000000000000000000000000000000000000000000000000000000000000000000000000
00000000000000000000000000000000000000000000000000000000000000000000000000000000
00000000000000000000000000000000000000000000000000000000000000000000000000000000
00000000000000000000000000000001000000000000000000000000000000000000000100000000
00000000000000000000000000000000000000000000000000000000000000000000000000000000
00000000000000000000000000000000000000000000000000000000000000000000000000000000
00000000000000000000000000000000000000000000000000000000000000000000000000000000
00000000000000000000000000000000000000000000000000000000000000000000000000000000
00000000000000000000000000000000000000000000000000000000000000000000000000000000
00000000000000000000000000000000000000000000000000000000000000000000000000000000
00000000000000000000000000000000000000000000000000000000000000000000000000000000
00000000000000000000000000000000000000000000000000000000000000000000000000000000
00000000000000000000000000000000000000000000000100000000000000000000000000000000
00000000000000000000000000000000000000000000000000000000000000000000000000000000
00000000000000000000000000000000000000000000000000000000000000000000000000000000
00000000000000000000000000000000000000000000000000000000000000000000000000000000
00000000000000000000000000000000000000000000000000000000000000000000000000000000
00000000000000000000000000000001000000000000000000000000000000000000000000000000
00000000000000000000000000000000000000000000000000000000000000000000000000000000
00000000000000000000000000000000000000000000000000000000000000000000000000000000
00000001000000000000000100000000000000000000000000000000000000000000000100000000
00000000000000000000000000000000000000000000000000000000000000000000000000000000
00000000000000000000000000000000000000000000000000000000000000000000000000000000
00000000000000010000000000000000000000000000000100000000000000000000000000000000
00000000000000000000000000000000000000000000000000000000000000000000000000000000
00000000000000010000000000000000000000000000000000000000000000000000000000000000
00000001000000000000000000000000000000000000000000000000000000000000000000000000
00000000000000000000000000000000000000000000000000000000000000000000000000000000
00000000000000000000000000000001000000000000000000000000000000000000000000000000
00000000000000000000000000000000000000000000000000000000000000000000000000000000
00000000000000000000000000000000000000000000000000000000000000000000000000000000
00000000000000000000000000000000000000000000000000000000000000000000000000000000
00000000000000000000000000000000000000000000000000000000000000000000000100000000
00000000000000000000000000000000000000000000000000000000000000000000000000000000
00000000000000000000000000000000000000000000000000000000000000000000000000000000
00000000000000010000000000000000000000000000000000000000000000000000000000000000
00000000000000000000000000000001000000000000000000000000000000000000000000000000
00000000000000000000000000000000000000000000000000000000000000000000000000000000
00000000000000000000000000000000000000000000000000000000000000000000000000000000
00000000000000000000000000000000000000000000000000000000000000000000000100000000
00000000000000000000000000000000000000010000000000000000000000000000000000000000
00000000000000000000000000000000000000000000000000000000000000000000000100000000
00000000000000000000000000000000000000000000000100000000000000000000000000000000
00000000000000000000000000000000000000000000000100000000000000000000000000000000
00000000000000010000000000000000000000000000000000000000000000000000000000000000
00000000000000000000000000000000000000000000000000000000000000000000000000000000
00000000000000000000000000000000000000000000000000000000000000000000000000000001
00000000000000000000000000000001000000000000000000000000000000000000000000000000
00000000000000000000000000000000000000000000000100000000000000000000000000000000
00000000000000000000000000000000000000000000000000000000000000000000000000000000
00000000000000000000000000000000000000000000000000000000000000000000000000000000
00000000000000000000000000000000000000000000000000000000000000000000000000000000
00000000000000000000000000000000000000000000000000000000000000000000000000000000
00000000000000000000000000000000000000000000000000000000000000000000000000000000
00000000000000000000000000000000000000000000000000000001000000000000000000000000
00000000000000000000000000000000000000000000000000000000000000000000000000000000
00000000000000000000000000000000000000000000000000000000000000000000000000000000
00000001000000000000000000000000000000000000000000000000000000000000000000000000
00000000000000000000000000000000000000000000000000000000000000000000000000000001
00000000000000000000000000000000000000000000000000000000000000000000000000000001
00000000000000000000000000000000000000000000000000000000000000000000000000000000
00000000000000000000000000000000000000000000000000000000000000000000000000000000
00000000000000000000000000000000000000000000000000000000000000010000000000000000
00000000000000000000000000000000000000000000000000000000000000000000000000000000
00000000000000000000000000000000000000010000000000000000000000000000000000000000
00000000000000000000000000000000000000000000000000000000000000000000000000000000
00000000000000000000000000000000000000000000000000000000000000000000000000000000
00000000000000000000000000000000000000000000000000000000000000000000000000000000
00000000000000000000000000000000000000000000000000000000000000000000000000000000
00000000000000000000000000000000000000000000000000000000000000000000000000000000
00000000000000010000000000000000000000000000000000000000000000000000000000000000
00000000000000000000000000000000000000000000000000000001000000000000000000000000
00000000000000000000000000000000000000000000000000000000000000000000000000000000
00000000000000000000000000000000000000000000000000000000000000000000000000000000
00000000000000010000000000000000000000000000000000000001000000000000000000000000
00000000000000000000000000000000000000000000000000000000000000010000000100000000
00000000000000000000000000000001000000000000000000000000000000000000000000000000
00000000000000000000000000000001000000000000000100000000000000000000000000000000
00000000000000000000000000000000000000000000000000000001000000000000000100000000
00000001000000000000000000000000000000000000000000000000000000000000000000000000
00000000000000000000000000000000000000000000000100000000000000000000000000000000
00000000000000010000000000000000000000000000000000000000000000000000000000000000
00000001000000000000000000000000000000000000000100000000000000000000000000000000
00000000000000000000000000000000000000000000000000000000000000000000000000000000
00000000000000000000000000000000000000000000000000000000000000000000000000000000
00000000000000000000000000000000000000000000000000000000000000000000000000000000
00000001000000000000000000000000000000000000000000000000000000000000000100000000
00000000000000000000000000000001000000010000000000000001000000000000000000000000
00000000000000000000000000000000000000000000000100000000000000010000000100000000
00000000000000000000000000000000000000000000000000000000000000010000000000000000
00000001000000000000000000000000000000000000000000000000000000000000000000000000
00000000000000000000000000000000000000000000000000000000000000000000000100000000
00000000000000000000000000000000000000000000000000000000000000000000000000000001
00000001000000000000000000000000000000000000000000000000000000000000000000000000
00000000000000000000000000000000000000000000000100000000000000010000000100000001
00000000000000000000000000000000000000000000000000000000000000000000000000000000
00000000000000000000000100000000000000000000000100000001000000000000000000000000
00000000000000000000000000000000000000000000000000000000000000000000000000000000
00000000000000000000000000000000000000000000000000000000000000000000000000000000
00000000000000000000000000000000000000000000000000000000000000000000000000000001
00000000000000000000000000000000000000010000000000000000000000010000000000000000
00000000000000010000000000000000000000010000000100000000000000010000000100000000
00000000000000000000000100000000000000000000000000000000000000000000000000000000
00000000000000000000000000000001000000000000000000000001000000000000000000000001
00000000000000000000000000000001000000000000000000000000000000000000000000000000
00000000000000010000000000000000000000000000000100000000000000000000000000000000
00000000000000000000000100000000000000000000000000000000000000000000000000000001
00000000000000000000000100000002000000000000000000000001000000000000000000000000
00000002000000000000000000000000000000000000000000000001000000000000000100000000
00000001000000020000000100000000000000010000000100000000000000010000000000000000
00000000000000000000000000000000000000000000000100000000000000010000000100000000
00000001000000010000000000000000000000000000000000000001000000000000000000000000
00000000000000000000000000000001000000000000000000000001000000000000000000000000
00000000000000000000000000000000000000010000000000000000000000000000000000000001
00000000000000000000000100000000000000000000000000000000000000010000000100000000
00000000000000000000000200000000000000000000000000000000000000010000000000000000
00000001000000010000000000000000000000000000000200000000000000030000000000000000
00000000000000000000000000000000000000000000000000000000000000000000000000000000
00000001000000000000000000000000000000000000000000000000000000000000000000000000
00000001000000000000000000000000000000000000000000000000000000000000000000000001
00000000000000000000000000000000000000010000000100000000000000010000000000000000
00000000000000000000000000000001000000000000000000000000000000000000000100000001
00000000000000010000000000000000000000000000000000000000000000010000000000000000
00000001000000010000000000000000000000010000000000000000000000010000000000000000
00000000000000000000000000000000000000000000000000000001000000000000000000000001
00000000000000000000000100000000000000010000000000000001000000000000000100000000
00000000000000020000000000000000000000020000000000000002000000010000000000000000
00000000000000000000000000000001000000000000000100000001000000000000000000000001
00000000000000000000000000000000000000010000000000000000000000000000000000000000
00000001000000000000000000000000000000020000000000000000000000000000000100000000
00000000000000000000000000000001000000000000000000000001000000010000000000000000
00000000000000000000000100000000000000010000000000000000000000000000000000000001
00000000000000000000000000000000000000000000000000000000000000000000000000000001
00000000000000000000000100000000000000000000000000000001000000010000000000000000
00000003000000020000000000000000000000010000000000000000000000000000000200000000
00000000000000020000000000000000000000000000000000000001000000000000000100000000
00000000000000020000000000000000000000000000000000000000000000010000000000000000
00000000000000010000000100000000000000010000000100000000000000000000000000000001
00000000000000010000000100000000000000010000000000000002000000000000000000000000
00000000000000010000000000000000000000000000000000000000000000010000000000000000
00000000000000000000000000000001000000000000000100000000000000010000000000000002
00000001000000000000000100000000000000000000000000000000000000000000000000000001
00000000000000010000000000000000000000000000000000000000000000000000000000000000
00000000000000000000000000000000000000000000000000000001000000000000000000000000
00000000000000000000000000000001000000000000000000000001000000000000000000000000
00000000000000000000000100000000000000000000000000000000000000020000000100000000
00000000000000000000000100000000000000000000000000000000000000000000000100000000
00000000000000000000000000000000000000000000000100000001000000010000000100000001
00000001000000000000000000000000000000000000000000000000000000000000000100000000
00000000000000010000000000000001000000000000000000000000000000000000000000000001
00000001000000000000000100000000000000000000000000000000000000010000000200000002
00000000000000000000000000000000000000000000000100000000000000000000000000000000
00000000000000000000000000000000000000010000000100000000000000000000000000000000
00000001000000010000000000000002000000000000000100000000000000000000000000000000
00000000000000000000000000000000000000000000000000000000000000010000000000000000
00000000000000000000000000000002000000000000000000000000000000000000000000000000
00000001000000000000000000000000000000000000000000000002000000020000000100000000
00000000000000000000000100000000000000000000000000000002000000010000000000000001
00000001000000020000000100000000000000020000000000000001000000000000000000000000
00000001000000000000000100000000000000020000000000000001000000000000000000000000
00000000000000000000000000000000000000000000000100000000000000000000000000000000
00000000000000000000000100000000000000000000000100000000000000010000000300000000
00000000000000000000000000000002000000000000000100000000000000010000000100000002
00000000000000000000000100000000000000000000000000000000000000000000000000000001
00000000000000000000000200000000000000010000000100000000000000010000000000000000
00000000000000010000000000000000000000000000000000000000000000000000000000000003
00000000000000000000000000000002000000000000000200000001000000020000000100000001
00000000000000000000000100000000000000000000000000000001000000010000000000000002
00000000000000000000000100000000000000000000000000000000000000000000000100000000
00000000000000010000000000000000000000020000000000000000000000010000000000000000
00000000000000000000000000000001000000000000000000000000000000000000000000000000
00000000000000000000000000000001000000000000000100000000000000000000000000000002
00000000000000010000000000000000000000000000000300000002000000010000000100000000
00000000000000000000000000000000000000000000000100000000000000000000000100000001
00000000000000010000000100000000000000000000000000000000000000000000000000000001
00000000000000020000000100000001000000000000000000000000000000000000000000000000
00000001000000010000000000000000000000000000000000000000000000010000000100000000
00000001000000000000000000000000000000020000000000000001000000020000000100000000
00000001000000020000000000000001000000000000000000000001000000000000000100000001
00000000000000000000000000000002000000000000000000000003000000010000000000000000
00000000000000000000000100000000000000000000000000000000000000000000000000000000
00000001000000010000000000000000000000000000000000000000000000010000000200000000
00000001000000000000000100000000000000000000000000000001000000000000000000000000
00000000000000000000000000000002000000000000000000000001000000000000000000000000
00000000000000010000000000000000000000000000000000000000000000010000000000000000
00000000000000000000000100000000000000000000000000000000000000010000000100000000
00000000000000000000000100000001000000000000000000000000000000000000000000000000
00000000000000000000000000000001000000000000000000000000000000010000000000000000
00000000000000000000000000000000000000000000000000000001000000000000000000000000
00000000000000000000000100000001000000000000000100000000000000000000000000000000
00000000000000000000000200000001000000010000000000000001000000010000000000000001
00000000000000010000000000000000000000000000000000000000000000000000000000000000
00000000000000000000000000000002000000000000000000000000000000000000000000000001
00000001000000000000000000000000000000010000000000000002000000000000000100000000
00000000000000000000000100000000000000000000000000000001000000010000000100000000
00000000000000000000000000000000000000000000000100000000000000000000000000000000
00000002000000000000000000000000000000000000000000000000000000000000000000000001
00000000000000000000000000000002000000000000000000000001000000000000000000000000
00000000000000000000000000000000000000000000000000000000000000000000000100000000
00000000000000000000000000000002000000000000000100000000000000000000000000000000
00000002000000000000000000000000000000000000000000000001000000010000000000000000
00000000000000000000000000000000000000000000000000000000000000000000000100000001
00000000000000000000000000000000000000000000000100000000000000000000000000000000
00000001000000000000000100000001000000000000000000000000000000000000000000000001
00000000000000010000000000000000000000000000000000000000000000000000000000000000
00000000000000000000000000000000000000010000000000000000000000010000000000000000
00000000000000000000000000000001000000000000000000000000000000000000000200000001
00000001000000000000000000000002000000000000000000000000000000000000000000000000
00000000000000000000000000000000000000000000000000000000000000020000000000000000
00000000000000000000000000000000000000000000000000000000000000000000000100000000
00000000000000000000000000000001000000000000000000000000000000010000000000000000
00000002000000000000000000000000000000000000000100000000000000000000000000000000
00000000000000000000000000000000000000000000000000000000000000000000000000000001
00000000000000000000000000000000000000000000000000000000000000000000000000000000
00000000000000000000000000000000000000000000000000000000000000010000000000000000
00000000000000000000000000000000000000000000000000000000000000000000000000000000
00000000000000000000000100000000000000000000000000000001000000000000000000000000
00000000000000000000000000000000000000000000000000000000000000000000000000000000
00000000000000010000000000000000000000000000000000000000000000000000000000000000
00000000000000000000000000000000000000000000000000000000000000000000000000000000
00000000000000000000000000000000000000000000000100000000000000000000000000000001
00000000000000000000000000000000000000000000000000000000000000000000000000000000
00000000000000000000000000000000000000000000000000000000000000000000000000000000
00000000000000000000000000000000000000000000000000000000000000000000000000000000
00000000000000000000000000000000000000000000000000000000000000000000000000000000
00000000000000000000000000000001000000000000000000000000000000000000000000000002
00000000000000000000000000000000000000000000000000000000000000000000000000000000
00000000000000000000000000000000000000000000000000000000000000000000000000000000
00000001000000000000000100000000000000000000000000000000000000000000000000000000
00000000000000000000000000000000000000000000000000000000000000000000000000000000
00000000000000000000000000000000000000000000000000000000000000000000000000000000
00000000000000000000000000000000000000000000000000000000000000000000000000000000
00000000000000000000000000000000000000000000000000000000000000000000000000000000
00000000000000000000000000000000000000000000000000000000000000010000000100000000
00000000000000000000000000000000000000000000000000000000000000000000000000000000
00000000000000000000000000000000000000000000000100000000000000000000000000000000
00000000000000000000000000000000000000000000000000000000000000000000000000000000
00000000000000000000000000000000000000000000000100000000000000000000000000000000
00000000000000000000000000000000000000000000000000000000000000000000000000000000
00000000000000000000000000000000000000000000000000000000000000000000000000000000
00000000000000000000000000000000000000000000000000000000000000000000000000000000
00000000000000000000000000000000000000000000000000000000000000000000000000000000
00000000000000000000000000000000000000000000000000000000000000000000000000000000
00000000000000000000000000000000000000000000000000000000000000000000000000000000
00000000000000000000000000000000000000000000000000000000000000000000000000000000
00000000000000000000000000000000000000000000000000000000000000000000000000000000
00000000000000000000000000000000000000010000000000000000000000000000000000000000
00000001000000000000000000000000000000000000000000000000000000000000000000000000
00000000000000000000000000000000000000000000000000000000000000000000000000000000
00000000000000000000000000000000000000000000000000000000000000000000000000000000
00000000000000000000000000000000000000000000000000000000000000000000000000000000
00000000000000000000000000000000000000020000000000000000000000010000000000000000
00000000000000000000000000000000000000000000000100000000000000000000000000000000
00000000000000000000000000000000000000000000000100000000000000000000000000000000
00000000000000000000000000000000000000000000000000000000000000000000000000000000
00000000000000000000000000000000000000000000000000000000000000000000000000000000
00000000000000000000000000000000000000000000000000000000000000000000000000000000
00000000000000000000000000000000000000000000000000000000000000000000000000000000
00000000000000000000000000000000000000000000000000000000000000000000000000000000
00000000000000000000000000000000000000000000000000000000000000000000000000000001
00000000000000000000000000000000000000000000000000000000000000000000000000000001
00000000000000010000000000000000000000000000000000000000000000000000000000000000
00000000000000000000000000000000000000000000000000000000000000000000000000000000
00000000000000000000000000000000000000000000000000000000000000000000000000000000
00000000000000010000000000000000000000000000000000000000000000000000000000000000
00000000000000000000000100000000000000000000000000000000000000000000000000000000
00000000000000000000000000000000000000000000000000000000000000000000000000000000
00000000000000010000000000000000000000010000000000000000000000000000000100000001
00000000000000000000000000000000000000000000000000000000000000000000000000000000
00000000000000000000000000000000000000000000000000000000000000000000000000000000
00000000000000000000000000000000000000000000000000000000000000000000000000000000
00000000000000000000000000000000000000000000000000000000000000000000000000000000
00000000000000000000000100000000000000000000000000000001000000000000000000000000
00000000000000000000000000000000000000000000000000000000000000000000000000000000
00000000000000000000000000000001000000000000000000000000000000010000000000000001
00000000000000000000000000000000000000010000000000000000000000000000000100000000
00000001000000000000000000000000000000010000000000000000000000010000000100000001
00000000000000000000000000000003000000020000000500000002000000050000000800000005
00000005000000070000000900000006000000020000000700000007000000080000000900000005
00000006000000090000000500000003000000050000000600000006000000030000000500000005
00000003000000010000000300000002000000020000000200000003000000010000000200000002
00000003000000000000000100000001000000030000000100000000000000000000000200000002
00000003000000000000000000000000000000010000000000000001000000010000000000000000
00000002000000010000000000000000000000010000000000000001000000000000000100000000
00000001000000010000000000000000000000010000000000000000000000010000000200000000
00000000000000030000000100000001000000040000000200000004000000050000000100000003
00000004000000090000000200000011000000150000001000000012000000090000001200000009
00000006000000100000001000000008000000050000000700000009000000100000000700000009
00000009000000070000000500000003000000060000000600000005000000030000000600000004
00000005000000020000000500000002000000040000000200000002000000010000000200000001
00000001000000010000000200000000000000030000000100000002000000000000000200000000
00000000000000030000000000000001000000030000000200000000000000000000000000000001
00000001000000030000000000000001000000030000000400000003000000010000000100000001
00000000000000010000000000000001000000000000000200000001000000010000000200000001
00000000000000000000000100000000000000020000000100000000000000020000000000000002
00000001000000010000000100000001000000000000000000000002000000010000000200000000
00000001000000020000000000000002000000020000000300000000000000010000000000000000
00000000000000000000000000000000000000030000000000000001000000010000000000000000
00000000000000020000000100000000000000000000000200000002000000000000000000000000
00000001000000000000000000000000000000000000000000000000000000000000000000000000
00000000000000000000000000000000000000010000000000000000000000000000000000000000
00000000000000000000000000000000000000000000000000000000000000000000000000000000
00000000000000000000000000000000000000000000000000000002000000000000000100000001
00000001000000000000000000000000000000010000000000000000000000000000000200000001
00000000000000010000000300000001000000020000000100000002000000030000000200000001
00000002000000020000000300000006000000010000000200000007000000000000000200000002
00000005000000010000000100000002000000010000000000000000000000010000000100000000
00000002000000000000000000000000000000040000000100000000000000000000000000000000
00000000000000000000000100000000000000000000000000000000000000010000000000000000
00000000000000000000000000000000000000000000000000000001000000000000000000000000
00000000000000000000000000000000000000000000000000000000000000010000000000000000
00000000000000000000000000000001000000000000000000000000000000000000000000000000
00000000000000000000000000000000000000000000000100000000000000000000000000000000
00000000000000000000000000000000000000000000000000000000000000000000000000000000
00000000000000000000000000000000000000000000000000000001000000000000000000000001
00000000000000000000000000000000000000000000000000000000000000000000000000000000
00000000000000000000000000000000000000000000000000000000000000000000000000000000
00000000000000000000000000000000000000000000000000000000000000000000000000000000
00000000000000000000000000000000000000000000000000000000000000000000000000000000
00000000000000000000000000000000000000000000000000000000000000000000000000000000
00000000000000000000000000000000000000000000000000000000000000000000000000000000
00000000000000000000000000000000000000000000000000000000000000000000000000000000
00000000000000000000000000000000000000000000000000000000000000000000000000000000
00000000000000000000000000000000000000000000000000000000000000000000000000000000
00000000000000000000000000000000000000000000000000000000000000000000000000000000
00000000000000000000000000000000000000000000000000000000000000000000000000000000
00000000000000000000000000000000000000000000000000000000000000000000000000000000
00000000000000000000000000000000000000000000000000000000000000000000000000000000
00000000000000000000000000000000000000000000000000000000000000000000000000000000
00000000000000000000000000000000000000000000000000000000000000000000000000000000
00000000000000000000000000000000000000000000000000000000000000000000000000000000
00000000000000000000000000000000000000000000000000000000000000000000000000000000
00000000000000000000000000000000000000000000000000000000000000000000000000000000
00000000000000000000000000000000000000000000000000000000000000000000000000000000
00000000000000000000000000000000000000000000000000000000000000000000000000000000
00000000000000000000000000000000000000000000000000000000000000000000000000000000
00000000000000000000000000000000000000000000000000000000000000000000000000000000
00000000000000000000000000000000000000000000000000000000000000000000000000000000
00000000000000000000000000000000000000000000000000000000000000000000000000000000
00000000000000000000000000000000000000000000000000000000000000000000000000000000
000000000000000000000000000000000000000000000000