 0006024 0000042 0000000 0004095 1041018 0055513
00000042000000690000009100000107000001260000012800000182000002070000022500000232
00000287000003060000032100000348000003760000036700000344000003960000035600000344
00000346000003060000028700000247000002500000019800000194000001620000013200000110
00000079000000760000006900000046000000360000002300000021000000150000001400000008
00000009000000080000000100000003000000020000000200000001000000010000000100000000
00000001000000000000000000000000000000000000000000000000000000000000000000000000
00000000000000000000000000000000000000000000000000000000000000000000000000000000
00000000000000000000000000000000000000000000000000000000000000000000000000000000
00000000000000000000000000000000000000000000000000000000000000000000000000000000
00000000000000000000000000000000000000000000000000000000000000000000000000000000
00000000000000000000000000000000000000000000000000000000000000000000000000000000
00000000000000000000000000000000000000000000000000000000000000000000000000000000
00000000000000000000000000000000000000000000000000000000000000000000000000000000
00000000000000000000000000000000000000000000000000000000000000000000000000000000
00000000000000000000000000000000000000000000000000000000000000000000000000000000
00000000000000000000000000000000000000000000000000000000000000000000000000000000
00000000000000000000000000000000000000000000000000000000000000000000000000000000
00000000000000000000000000000000000000000000000000000000000000000000000000000000
00000000000000000000000000000000000000000000000000000000000000000000000000000000
00000000000000000000000100000000000000000000000100000001000000000000000500000000
00000002000000030000000300000008000000030000001100000011000000070000001300000005
00000014000000110000001300000019000000140000001400000020000000160000002200000012
00000015000000180000001700000020000000190000001500000020000000070000001700000013
00000009000000200000000700000008000000060000001100000005000000040000000600000002
00000005000000070000000200000005000000060000000400000004000000070000000600000005
00000003000000040000000200000004000000050000000200000007000000040000000300000004
00000005000000050000000500000004000000040000000400000002000000040000000400000003
00000002000000070000000400000003000000070000000300000005000000020000000200000005
00000003000000040000000100000002000000040000000600000002000000020000000500000005
00000003000000040000000300000003000000050000000100000003000000070000000500000005
00000008000000030000000400000005000000020000000200000001000000020000000300000002
00000001000000020000000000000004000000040000000100000001000000020000000300000006
00000004000000090000000000000004000000040000000100000001000000060000000200000006
00000009000000010000000600000003000000020000000200000002000000030000000500000003
00000004000000040000000200000002000000050000000300000005000000000000000400000005
00000005000000040000000400000005000000040000000200000003000000060000000200000005
00000007000000030000000500000003000000040000000100000002000000020000000500000001
00000002000000030000000100000004000000010000000500000003000000020000000400000002
00000001000000050000000300000001000000020000000800000003000000010000000200000005
00000003000000080000000300000005000000040000000400000002000000040000000300000005
00000004000000020000000400000005000000030000000300000005000000040000000400000003
00000003000000050000000200000005000000020000000400000000000000030000000300000005
00000003000000020000000500000001000000070000000300000004000000010000000300000002
00000005000000040000000500000005000000030000000500000003000000040000000100000004
00000003000000020000000200000003000000030000000200000005000000010000000500000002
00000001000000030000000200000004000000010000000200000003000000040000000400000003
00000003000000030000000800000003000000060000000300000004000000040000000100000004
00000002000000020000000600000003000000040000000300000005000000030000000800000003
00000003000000040000000300000003000000030000000500000003000000030000000300000001
00000001000000030000000300000006000000030000000500000006000000020000000200000005
00000003000000010000000200000003000000060000000300000003000000030000000200000007
00000004000000050000000500000002000000060000000400000005000000010000000400000002
00000002000000060000000500000006000000070000000200000003000000010000000400000002
00000001000000020000000200000001000000010000000100000003000000040000000400000004
00000006000000010000000500000004000000050000000100000005000000020000000500000001
00000002000000030000000400000005000000010000000600000002000000000000000100000007
00000003000000030000000200000006000000010000000200000002000000020000000600000002
00000001000000040000000600000006000000060000000500000001000000070000000200000001
00000001000000060000000100000004000000030000000200000004000000070000000400000005
00000002000000040000000200000003000000050000000200000006000000030000000100000002
00000005000000040000000000000004000000010000000200000003000000040000000200000003
00000004000000050000000100000008000000030000000400000002000000070000000200000004
00000002000000050000000200000003000000040000000100000006000000020000000200000001
00000002000000020000000200000006000000040000000600000003000000050000000400000003
00000007000000040000000000000005000000010000000700000005000000060000000500000003
00000004000000040000000200000002000000020000000600000003000000050000000400000002
00000006000000030000000300000003000000070000000200000003000000040000000600000002
00000003000000040000000300000000000000010000001100000004000000040000000500000005
00000001000000030000000300000002000000040000000600000005000000050000000400000002
00000001000000020000000600000004000000040000000400000002000000060000000500000004
00000007000000030000000500000006000000030000000400000004000000040000000300000004
00000003000000040000000500000005000000020000000400000001000000080000000700000001
00000007000000030000000500000002000000070000000100000003000000030000000200000002
00000003000000020000000000000004000000070000000400000002000000020000000400000001
00000002000000080000000400000002000000060000000500000001000000030000000600000005
00000003000000040000000100000006000000010000000300000007000000040000000100000003
00000007000000040000000300000002000000000000000300000001000000030000000400000004
00000003000000030000000400000003000000040000000400000004000000080000000400000005
00000003000000040000000700000002000000040000000000000002000000050000000400000003
00000002000000020000000200000003000000040000000700000004000000020000000500000004
00000002000000020000000500000001000000030000000200000006000000030000000300000003
00000000000000080000000500000003000000050000000300000005000000000000000100000001
00000004000000040000000400000003000000030000000200000004000000030000000600000003
00000005000000060000000400000006000000050000000200000003000000060000000100000002
00000002000000030000000300000006000000030000000100000005000000040000000200000006
00000003000000050000000300000005000000030000000200000005000000030000000400000002
00000003000000040000000300000004000000030000000300000005000000040000000400000006
00000004000000020000000200000002000000080000000100000003000000090000000400000001
00000007000000020000000600000001000000040000000200000002000000010000000300000003
00000004000000020000000500000002000000040000000300000008000000030000000200000005
00000005000000030000000100000002000000010000000400000001000000040000000200000001
00000004000000050000000600000004000000040000000100000008000000020000000100000006
00000000000000040000000300000003000000040000000400000006000000040000000500000003
00000001000000050000000400000001000000070000000500000005000000030000000300000005
00000004000000060000000200000005000000030000000400000001000000030000000200000002
00000001000000020000000500000001000000000000000300000001000000010000000800000002
00000004000000020000000100000003000000010000000100000003000000030000000200000003
00000009000000020000000500000004000000030000000300000002000000010000000200000006
00000002000000060000000300000003000000070000000300000006000000030000000100000002
00000003000000050000000500000003000000050000000200000005000000020000000300000003
00000008000000030000000300000003000000020000000500000004000000010000000000000008
00000004000000050000000200000003000000040000000500000004000000010000000400000001
00000004000000020000000700000002000000070000000300000004000000010000000200000001
00000002000000030000000000000005000000050000000600000004000000010000000300000003
00000003000000010000000300000005000000020000000300000002000000060000000500000000
00000005000000040000000200000003000000030000000600000002000000030000000000000001
00000003000000030000000100000001000000030000000400000000000000030000000300000006
00000003000000040000000400000001000000040000000200000006000000030000000400000006
00000002000000030000000200000005000000070000000500000003000000030000000100000001
00000003000000030000000400000003000000050000000300000004000000050000000300000002
00000002000000030000000300000004000000010000000300000005000000030000000500000004
00000004000000060000000300000007000000070000000100000002000000010000000300000002
00000004000000020000000500000001000000020000000000000003000000020000000300000005
00000004000000040000000200000004000000040000000500000003000000010000000200000002
00000002000000010000000400000000000000040000000200000002000000040000000400000005
00000002000000030000000300000001000000030000000600000005000000050000000300000006
00000001000000060000000300000004000000050000000400000006000000000000000100000003
00000002000000030000000300000002000000010000000400000002000000010000000300000006
00000004000000030000000600000005000000020000000200000003000000020000000300000004
00000002000000050000000300000002000000040000000200000004000000050000000200000002
00000003000000020000000600000001000000050000000300000003000000000000000300000003
00000003000000020000000200000005000000010000000300000001000000040000000400000002
00000002000000020000000300000002000000010000000200000002000000040000000200000000
00000002000000020000000400000002000000040000000400000003000000010000000000000002
00000002000000050000000200000006000000030000000100000002000000010000000300000003
00000002000000040000000200000003000000010000000500000003000000020000000500000004
00000001000000030000000500000003000000060000000300000005000000030000000300000003
00000002000000010000000400000005000000040000000300000000000000020000000300000004
00000003000000020000000300000003000000030000000400000002000000030000000300000003
00000000000000060000000200000003000000040000000800000003000000030000000600000004
00000007000000030000000500000002000000020000000200000001000000020000000100000003
00000002000000040000000100000002000000080000000300000002000000020000000100000005
00000004000000040000000100000003000000050000000400000003000000030000000000000002
00000001000000010000000300000003000000070000000400000002000000020000000200000003
00000004000000020000000300000003000000020000000400000007000000050000000400000005
00000004000000040000000500000002000000080000000500000004000000000000000300000006
00000004000000020000000400000003000000010000000300000004000000050000000300000003
00000003000000030000000300000001000000050000000100000005000000010000000500000007
00000004000000030000000300000003000000040000000300000003000000030000000100000003
00000005000000020000000300000005000000010000000400000005000000030000000200000002
00000001000000050000000200000002000000060000000400000002000000040000000500000004
00000002000000060000000200000003000000010000000400000000000000030000000100000003
00000001000000010000000500000006000000000000000500000003000000050000000100000001
00000004000000040000000100000001000000040000000500000001000000040000000300000003
00000001000000040000000500000002000000030000000200000004000000040000000000000003
00000002000000060000000300000000000000040000000100000005000000030000000200000002
00000004000000050000000400000003000000030000000400000007000000070000000000000003
00000002000000040000000200000005000000090000000100000004000000040000000600000002
00000001000000040000000100000002000000040000000200000001000000010000000300000003
00000001000000030000000300000002000000030000000900000008000000030000000500000005
00000001000000020000000500000006000000010000000200000002000000020000000300000005
00000008000000050000000400000005000000000000000400000001000000030000000700000000
00000005000000080000000100000000000000070000000400000003000000060000000700000004
00000003000000020000001000000006000000030000000300000002000000030000000400000002
00000003000000020000000500000000000000040000000000000005000000040000000400000002
00000003000000020000000500000004000000030000000700000001000000040000000200000001
00000006000000010000000100000002000000020000000300000000000000010000000800000003
00000001000000020000000400000003000000030000000400000007000000070000000000000004
00000001000000010000000200000002000000040000000500000001000000020000000500000003
00000002000000040000000800000006000000050000000200000005000000020000000300000003
00000001000000030000000500000003000000010000000300000001000000030000000100000002
00000003000000030000000500000002000000030000000100000004000000080000000100000006
00000001000000030000000400000007000000050000000300000004000000040000000000000004
00000005000000040000000400000002000000040000000400000003000000020000000600000007
00000004000000050000000200000003000000050000000800000002000000010000000200000002
00000003000000030000000100000004000000020000000200000003000000020000000200000003
00000004000000030000000100000003000000040000000400000006000000030000000100000005
00000004000000030000000300000000000000020000000100000004000000080000000200000001
00000001000000040000000100000003000000020000000600000001000000030000000300000005
00000003000000040000000300000005000000020000000100000003000000020000000100000003
00000003000000010000000100000008000000040000000300000004000000050000000500000001
00000001000000080000000100000005000000020000000000000004000000020000000400000001
00000004000000040000000100000005000000020000000300000002000000070000000200000002
00000005000000040000000000000001000000000000000500000002000000040000000300000003
00000004000000040000000300000005000000040000000400000004000000060000000400000001
00000004000000050000000600000002000000010000000200000006000000020000000200000001
00000002000000030000000400000003000000030000000300000001000000000000000200000005
00000005000000040000000300000004000000060000000100000004000000050000000400000001
00000004000000030000000300000002000000050000000500000003000000030000000200000002
00000001000000050000000300000001000000030000000600000003000000020000000600000004
00000001000000040000000300000001000000060000000200000002000000030000000200000003
00000001000000050000000200000001000000040000000200000006000000030000000200000006
00000004000000040000000100000004000000030000000100000004000000030000000400000001
00000005000000040000000300000001000000010000000300000002000000020000000500000001
00000004000000030000000100000004000000020000000300000005000000030000000200000001
00000003000000050000000300000002000000030000000500000006000000010000000200000002
00000003000000050000000200000003000000040000000100000002000000020000000600000005
00000006000000010000000200000003000000060000000100000004000000030000000200000004
00000002000000020000000200000003000000020000000300000003000000020000000100000004
00000003000000050000000200000005000000030000000500000007000000040000000200000002
00000002000000040000000000000003000000030000000100000000000000030000000300000002
00000002000000090000000400000005000000010000000200000003000000030000000400000003
00000005000000040000000100000002000000030000000100000002000000000000000600000005
00000002000000020000000200000003000000000000000700000002000000020000000200000006
00000003000000060000000300000006000000050000000100000002000000050000000800000000
00000004000000030000000200000003000000060000000300000002000000020000000300000003
00000003000000020000000700000006000000020000000400000002000000040000000600000003
00000006000000020000000000000001000000020000000300000005000000020000000600000002
00000003000000010000000400000004000000030000000100000001000000050000000200000001
00000003000000030000000400000002000000030000000400000004000000040000000400000005
00000002000000030000000300000005000000060000000100000003000000030000000200000002
00000003000000050000000500000003000000050000000100000003000000020000000600000003
00000002000000080000000400000003000000040000000300000002000000020000000200000002
00000004000000020000000200000000000000040000000200000003000000020000000100000004
00000004000000010000000300000004000000030000000500000004000000040000000500000004
00000008000000010000000100000005000000040000000400000005000000020000000400000001
00000004000000050000000000000004000000010000000200000002000000030000000300000002
00000002000000040000000200000004000000030000000800000007000000010000000300000003
00000005000000020000000200000004000000020000000100000000000000030000000000000003
00000005000000040000000300000003000000020000000300000002000000030000000200000001
00000006000000030000000200000004000000050000000000000003000000010000000600000003
00000004000000030000000100000003000000030000000200000005000000040000000200000002
00000000000000050000000300000001000000040000000500000002000000010000000300000003
00000002000000010000000000000003000000040000000200000004000000020000000600000002
00000002000000020000000300000002000000040000000400000004000000030000000800000003
00000000000000000000000300000003000000050000000300000002000000020000000300000001
00000008000000060000000200000003000000020000000600000005000000040000000200000004
00000003000000020000000100000003000000040000000500000001000000030000000300000002
00000002000000020000000500000003000000060000000000000004000000030000000500000004
00000005000000060000000300000003000000040000000200000005000000020000000400000002
00000003000000020000000200000001000000050000000100000006000000030000000500000003
00000002000000040000000200000003000000040000000200000005000000000000000500000003
00000004000000020000000600000000000000070000000200000003000000040000000300000005
00000006000000030000000400000003000000010000000300000003000000070000000200000000
00000004000000060000000400000005000000020000000400000001000000060000000300000006
00000005000000040000000200000007000000010000000200000009000000020000000200000001
00000002000000030000000500000002000000090000000400000005000000050000000400000005
00000005000000070000000500000004000000030000000300000001000000030000000200000002
00000003000000020000000200000003000000010000000400000003000000030000000700000005
00000002000000040000000300000006000000010000000500000003000000050000000400000002
00000006000000030000000200000003000000020000000300000004000000060000000300000002
00000004000000030000000900000003000000050000000100000003000000010000000200000003
00000001000000030000000300000004000000000000000100000002000000050000000700000004
00000000000000010000000600000002000000030000000300000003000000020000000100000005
00000001000000060000000300000002000000030000000400000003000000030000000300000002
00000004000000040000000400000002000000020000000700000006000000040000000400000003
00000004000000000000000300000001000000080000000400000001000000010000000400000004
00000002000000050000000200000006000000060000000100000004000000050000000200000004
00000005000000010000000400000001000000020000000500000004000000010000000300000005
00000003000000040000000100000006000000030000000200000000000000060000000100000002
00000003000000010000000300000004000000030000000300000002000000020000000400000003
00000002000000030000000800000005000000040000000500000005000000000000000200000003
00000003000000010000000300000003000000050000000300000003000000040000000300000007
00000005000000000000000200000004000000040000000400000006000000060000000200000003
00000001000000020000000100000004000000070000000000000007000000020000000400000005
00000005000000050000000100000004000000010000000200000006000000080000000300000003
00000001000000080000000300000003000000020000000100000003000000020000000200000002
00000004000000040000000700000002000000010000000000000004000000000000000400000003
00000000000000030000000200000004000000030000000600000005000000040000000600000003
00000009000000030000000400000001000000050000000300000005000000030000000500000001
00000009000000030000000000000002000000030000000400000001000000050000000500000004
00000002000000030000000200000002000000050000000400000005000000010000000300000004
00000004000000010000000000000002000000010000000500000000000000060000000400000004
00000002000000050000000200000003000000010000000300000003000000040000000300000004
00000002000000050000000300000000000000030000000400000002000000010000000300000001
00000002000000040000000300000003000000010000000200000002000000040000000000000005
00000001000000000000000300000007000000060000000000000006000000030000000300000004
00000002000000030000000200000004000000030000000500000003000000000000000500000005
00000005000000030000000500000002000000050000000300000004000000020000000400000002
00000004000000020000000300000003000000050000000700000007000000030000000400000004
00000002000000040000000100000002000000040000000300000005000000030000000200000001
00000002000000030000000300000004000000020000000400000004000000060000000400000005
00000003000000020000000300000002000000020000000200000005000000050000000400000005
00000002000000020000000400000002000000030000000600000005000000040000000600000003
00000001000000000000000300000004000000040000000400000004000000040000000400000006
00000001000000050000000600000005000000030000000300000005000000030000000400000002
00000003000000050000000400000002000000060000000500000003000000010000000700000002
00000003000000010000000300000006000000020000000000000001000000040000000400000004
00000002000000010000000300000002000000010000000400000001000000030000000500000004
00000001000000030000000100000004000000020000000100000003000000010000000700000003
00000002000000040000000300000004000000070000000300000000000000000000000300000005
00000000000000010000000600000001000000010000000500000007000000060000000400000006
00000002000000040000000000000001000000050000000200000002000000040000000400000004
00000006000000020000000200000005000000020000000200000004000000010000000300000003
00000005000000000000000100000001000000000000000100000005000000010000000100000003
00000001000000040000000100000000000000020000000400000004000000040000000000000003
00000005000000040000000800000005000000020000000900000003000000040000000200000004
00000001000000020000000100000003000000040000000400000003000000020000000700000003
00000000000000030000000400000004000000030000000200000003000000020000000300000003
00000002000000060000000400000003000000010000000000000002000000030000000500000002
00000002000000030000000100000006000000020000000400000006000000060000000500000002
00000004000000070000000100000003000000010000000500000002000000050000000400000002
00000009000000010000000400000004000000060000000200000002000000050000000800000001
00000006000000050000000400000003000000050000000100000002000000010000000100000002
00000001000000030000000500000002000000030000000200000001000000020000000000000000
00000004000000010000000200000005000000040000000300000004000000050000000300000005
00000006000000060000000300000003000000030000000500000000000000060000000700000004
00000002000000060000000600000002000000010000000300000002000000040000000200000004
00000006000000050000000500000002000000050000000200000007000000050000000200000002
00000001000000020000000500000004000000050000000600000003000000020000000500000001
00000003000000020000000200000003000000010000000300000006000000040000000500000004
00000002000000010000000300000002000000050000000600000005000000030000000700000002
00000003000000050000000200000003000000020000000400000003000000030000000300000004
00000006000000030000000500000007000000020000000000000002000000040000000500000004
00000002000000020000000700000002000000040000000400000003000000000000000600000002
00000003000000020000000300000004000000070000000100000002000000040000000300000004
00000002000000020000000800000002000000090000000400000002000000000000000800000001
00000003000000040000000800000001000000040000000400000001000000050000000100000002
00000005000000020000000300000006000000020000000500000003000000040000000400000004
00000003000000030000000400000002000000060000000200000004000000050000000400000004
00000004000000040000000200000002000000050000000300000005000000050000000500000001
00000006000000030000000500000001000000020000000300000006000000020000000300000001
00000003000000060000000300000002000000030000000600000001000000020000000300000002
00000005000000010000000100000005000000000000000300000003000000080000000400000002
00000005000000030000000600000003000000010000000400000004000000020000000900000009
00000000000000110000000700000003000000040000000200000002000000020000000100000000
00000005000000030000000800000001000000040000000200000001000000030000000100000003
00000007000000050000000800000003000000070000000600000007000000030000000300000003
00000005000000040000000300000003000000050000000200000004000000040000000200000003
00000003000000040000000400000002000000030000000400000003000000060000000400000005
00000006000000030000000300000006000000020000000700000003000000030000000400000008
00000007000000030000000400000006000000060000000100000001000000070000000400000001
00000005000000060000000400000005000000080000000400000005000000030000000100000002
00000001000000030000000600000006000000020000000400000003000000060000000300000005
00000005000000030000000400000003000000040000000500000004000000040000000500000004
00000002000000070000000500000004000000060000000600000004000000060000000500000006
00000009000000050000000500000005000000100000000400000005000000020000000500000006
00000006000000070000000500000006000000060000001100000005000000040000000500000006
00000008000000040000000400000005000000010000000500000006000000020000000500000008
00000003000000040000000800000004000000030000000800000002000000070000000700000001
00000006000000030000000800000004000000070000000600000007000000020000000300000003
00000008000000100000000300000004000000050000000700000008000000060000000200000007
00000004000000080000000300000004000000060000000400000008000000080000000300000005
00000007000000020000000600000008000000060000000600000001000000040000000600000004
00000006000000060000000400000003000000050000000500000008000000060000000200000003
00000005000000040000000500000004000000040000000700000005000000080000000800000007
00000002000000080000000500000005000000050000000300000011000000040000000700000006
00000009000000050000000300000008000000050000001100000009000000060000000400000006
00000005000000080000000300000006000000110000000900000009000000070000001200000005
00000006000000090000000500000005000000030000000700000011000000050000000600000009
00000008000000100000000600000010000000060000001000000012000000110000000600000012
00000006000000110000001100000009000000090000000700000017000000080000001000000012
00000012000000070000001200000004000000050000001000000013000000070000000600000010
00000014000000100000001600000006000000100000001000000011000000160000000900000008
00000010000000110000001600000007000000150000001800000012000000100000002700000011
00000015000000120000001600000008000000140000001600000017000000130000001500000012
00000018000000120000001000000011000000170000001700000010000000180000000800000022
00000010000000140000001900000023000000150000001800000015000000150000001700000015
00000018000000100000001500000015000000100000001500000011000000140000001500000013
00000023000000200000001500000019000000190000001700000024000000210000001100000025
00000013000000140000001400000022000000150000001600000020000000160000001300000020
00000013000000180000001900000018000000160000000900000015000000220000001600000016
00000012000000130000001300000019000000120000001900000016000000140000002500000019
00000023000000150000002000000024000000210000002000000017000000220000002000000023
00000027000000260000002000000015000000250000002300000021000000170000002100000016
00000025000000110000002400000019000000100000002000000021000000190000002400000022
00000014000000210000001600000015000000190000002000000021000000300000002400000020
00000025000000200000002000000020000000280000001600000015000000180000002300000020
00000017000000180000001200000026000000160000002300000021000000170000001600000015
00000007000000210000000900000017000000180000002500000014000000150000001400000022
00000012000000130000001400000014000000160000001700000011000000100000001200000019
00000014000000210000001700000018000000180000001300000018000000110000001200000018
00000015000000150000001300000023000000150000002300000016000000140000001000000017
00000015000000170000001400000016000000230000002500000007000000170000001200000011
00000020000000150000002900000020000000130000001600000013000000180000002500000018
00000020000000230000003100000026000000130000002800000023000000240000002000000024
00000032000000260000002600000026000000310000002900000029000000290000003500000035
00000038000000370000004900000049000000430000007300000057000000680000006200000075
00000096000000810000010800000112000001020000010300000114000001090000013400000133
00000151000001750000017900000177000001940000018700000200000001940000021900000210
00000244000002400000027300000249000002810000026600000302000003080000034600000312
00000355000003250000040000000361000003800000034100000343000003670000038500000388
00000392000004320000039100000437000004800000040300000430000004280000046500000462
00000436000004610000044300000479000005080000042700000430000004650000045100000434
00000419000004470000045200000422000004310000038800000392000004040000037300000388
00000344000003490000033700000341000002900000029900000318000002860000029700000300
00000260000002440000024400000223000001910000020000000169000001870000019700000149
00000170000001620000015300000145000001400000013700000125000001300000010900000116
00000101000000810000008700000076000000790000008200000074000000660000006000000050
00000049000000470000005400000055000000450000005200000040000000450000004300000038
00000042000000370000003300000032000000340000004000000034000000400000003800000036
00000055000000510000006700000064000000830000011400000118000001680000019200000216
00000322000003170000045700000506000006060000071400000824000009180000104700001196
00001368000014100000161400001660000017790000188100001992000020050000202700002089
00002074000021720000214100002030000019420000190000001764000016860000158400001534
00001449000012330000121400001124000010060000102200000813000008060000072400000656
00000621000005570000052000000472000004170000038000000380000003880000034000000307
00000313000002640000026800000211000002420000022000000198000001740000017300000145
00000144000001210000012700000109000001050000009500000084000000920000008700000071
00000050000000790000006000000061000000420000005200000036000000390000003200000028
00000031000000270000003600000027000000110000001200000010000000120000001000000008
00000014000000130000001200000006000000030000000300000007000000020000000600000008
00000002000000050000000100000001000000010000000300000007000000020000000000000001
00000002000000070000000300000003000000040000000300000003000000030000000400000001
00000000000000000000000000000000000000000000000000000000000000000000000000000000
00000000000000000000000000000000000000000000000000000000000000000000000000000000
00000000000000000000000000000000000000000000000000000000000000000000000000000000
00000000000000000000000000000000000000000000000000000000000000000000000000000000
00000000000000000000000000000000000000000000000000000000000000000000000000000000
00000000000000000000000000000000000000000000000000000000000000000000000000000000
00000000000000000000000000000000000000000000000000000000000000000000000000000000
00000000000000000000000000000000000000000000000000000000000000000000000000000000
00000000000000000000000000000000000000000000000000000000000000000000000000000000
00000000000000000000000000000000000000000000000000000000000000000000000000000000
00000000000000000000000000000000000000000000000000000000000000000000000000000000
00000000000000000000000000000000000000000000000000000000000000000000000000000000
00000000000000000000000000000000000000000000000000000000000000000000000000000000
00000000000000000000000000000000000000000000000000000000000000000000000000000000
00000000000000000000000000000000000000000000000000000000000000000000000000000000
00000000000000000000000000000000000000000000000000000000000000000000000000000000
00000000000000000000000000000000000000000000000000000000000000000000000000000000
00000000000000000000000000000000000000000000000000000000000000000000000000000000
00000000000000000000000000000000000000000000000000000000000000000000000000000000
00000000000000000000000000000000000000000000000000000000000000000000000000000000
00000000000000000000000000000000000000000000000000000000000000000000000000000000
00000000000000000000000000000000000000000000000000000000000000000000000000000000
00000000000000000000000000000000000000000000000000000000000000000000000000000000
00000000000000000000000000000000000000000000000000000000000000000000000000000000
00000000000000000000000000000000000000000000000000000000000000000000000000000000
000000000000000000000000000000000000000000000000