0  0
1  0
2  0
3  0
4  0
5  0
6  0
7  0
8  0
9  0
10  0
11  0
12  0
13  0
14  0
15  0
16  0
17  0
18  0
19  0
20  0
21  0
22  0
23  0
24  0
25  0
26  0
27  0
28  0
29  0
30  0
31  0
32  0
33  0
34  0
35  0
36  0
37  0
38  0
39  0
40  0
41  0
42  0
43  0
44  0
45  0
46  0
47  0
48  0
49  0
50  0
51  0
52  0
53  0
54  0
55  0
56  0
57  0
58  0
59  0
60  0
61  0
62  0
63  0
64  0
65  0
66  0
67  0
68  0
69  0
70  0
71  0
72  0
73  0
74  0
75  0
76  0
77  0
78  0
79  0
80  0
81  0
82  0
83  0
84  0
85  0
86  0
87  0
88  0
89  0
90  0
91  0
92  0
93  0
94  0
95  0
96  0
97  0
98  0
99  0
100  0
101  0
102  0
103  0
104  0
105  0
106  0
107  0
108  0
109  0
110  0
111  0
112  0
113  0
114  0
115  0
116  0
117  0
118  0
119  0
120  0
121  0
122  0
123  0
124  0
125  0
126  0
127  0
128  0
129  0
130  0
131  0
132  0
133  0
134  0
135  0
136  0
137  0
138  0
139  0
140  0
141  0
142  0
143  0
144  0
145  0
146  0
147  0
148  0
149  0
150  0
151  0
152  0
153  0
154  0
155  0
156  0
157  0
158  0
159  0
160  0
161  0
162  0
163  0
164  0
165  0
166  0
167  0
168  0
169  0
170  0
171  0
172  0
173  0
174  0
175  0
176  0
177  0
178  0
179  0
180  0
181  0
182  0
183  0
184  0
185  0
186  0
187  0
188  0
189  0
190  0
191  0
192  0
193  0
194  0
195  0
196  0
197  0
198  0
199  0
200  0
201  0
202  0
203  0
204  0
205  0
206  0
207  0
208  0
209  0
210  0
211  0
212  0
213  0
214  0
215  0
216  0
217  0
218  0
219  0
220  0
221  0
222  0
223  0
224  0
225  0
226  0
227  0
228  0
229  0
230  0
231  0
232  0
233  0
234  0
235  0
236  0
237  0
238  0
239  0
240  0
241  0
242  0
243  0
244  0
245  0
246  0
247  0
248  0
249  0
250  0
251  0
252  0
253  0
254  0
255  0
256  0
257  0
258  0
259  0
260  0
261  0
262  0
263  0
264  0
265  0
266  0
267  0
268  0
269  0
270  0
271  0
272  0
273  0
274  0
275  0
276  0
277  0
278  0
279  0
280  0
281  0
282  0
283  0
284  0
285  0
286  0
287  0
288  0
289  0
290  0
291  0
292  0
293  0
294  0
295  0
296  0
297  0
298  0
299  0
300  0
301  0
302  0
303  0
304  0
305  0
306  0
307  0
308  0
309  0
310  0
311  0
312  0
313  0
314  0
315  0
316  0
317  0
318  0
319  0
320  0
321  0
322  0
323  0
324  0
325  0
326  0
327  0
328  0
329  0
330  0
331  0
332  0
333  0
334  0
335  0
336  0
337  0
338  0
339  0
340  0
341  0
342  0
343  0
344  0
345  0
346  0
347  0
348  0
349  0
350  0
351  0
352  0
353  0
354  0
355  0
356  0
357  0
358  0
359  0
360  0
361  0
362  0
363  0
364  0
365  0
366  0
367  0
368  0
369  0
370  0
371  0
372  0
373  0
374  0
375  0
376  0
377  0
378  0
379  0
380  0
381  0
382  0
383  0
384  0
385  0
386  0
387  0
388  0
389  0
390  0
391  0
392  0
393  0
394  0
395  0
396  0
397  0
398  0
399  0
400  0
401  0
402  0
403  0
404  0
405  0
406  0
407  0
408  0
409  0
410  0
411  0
412  0
413  0
414  0
415  0
416  0
417  0
418  0
419  0
420  0
421  0
422  0
423  0
424  0
425  0
426  0
427  0
428  0
429  0
430  0
431  0
432  0
433  0
434  0
435  0
436  0
437  0
438  0
439  0
440  0
441  0
442  0
443  0
444  0
445  0
446  0
447  0
448  0
449  0
450  0
451  0
452  0
453  0
454  0
455  0
456  0
457  0
458  0
459  0
460  0
461  0
462  0
463  0
464  0
465  0
466  0
467  0
468  0
469  0
470  0
471  0
472  0
473  0
474  0
475  0
476  0
477  0
478  0
479  0
480  0
481  0
482  0
483  0
484  0
485  0
486  0
487  0
488  0
489  0
490  0
491  0
492  0
493  0
494  0
495  0
496  0
497  0
498  0
499  0
500  0
501  0
502  0
503  0
504  0
505  0
506  0
507  0
508  0
509  0
510  0
511  0
512  0
513  0
514  0
515  0
516  0
517  0
518  0
519  0
520  0
521  0
522  0
523  0
524  0
525  0
526  0
527  0
528  0
529  0
530  0
531  0
532  0
533  0
534  0
535  0
536  0
537  0
538  0
539  0
540  0
541  0
542  0
543  0
544  0
545  0
546  0
547  0
548  0
549  0
550  0
551  0
552  0
553  0
554  0
555  0
556  0
557  0
558  0
559  0
560  0
561  0
562  0
563  0
564  0
565  0
566  0
567  0
568  0
569  0
570  0
571  0
572  0
573  0
574  0
575  0
576  0
577  0
578  0
579  0
580  0
581  0
582  0
583  0
584  0
585  0
586  0
587  0
588  0
589  0
590  0
591  0
592  0
593  0
594  0
595  0
596  0
597  0
598  0
599  0
600  0
601  0
602  0
603  0
604  0
605  0
606  0
607  0
608  0
609  0
610  0
611  0
612  0
613  0
614  0
615  0
616  0
617  0
618  0
619  0
620  0
621  0
622  0
623  0
624  0
625  0
626  0
627  0
628  0
629  0
630  0
631  0
632  0
633  0
634  0
635  0
636  0
637  0
638  0
639  0
640  0
641  0
642  0
643  0
644  0
645  0
646  0
647  0
648  0
649  0
650  0
651  0
652  0
653  0
654  0
655  0
656  0
657  0
658  0
659  0
660  0
661  0
662  0
663  0
664  0
665  0
666  0
667  0
668  0
669  0
670  0
671  0
672  0
673  0
674  0
675  0
676  0
677  0
678  0
679  0
680  0
681  0
682  0
683  0
684  0
685  0
686  0
687  0
688  0
689  0
690  0
691  0
692  0
693  0
694  0
695  0
696  0
697  0
698  0
699  0
700  0
701  0
702  0
703  0
704  0
705  0
706  0
707  0
708  0
709  0
710  0
711  0
712  0
713  0
714  0
715  0
716  0
717  0
718  0
719  0
720  0
721  0
722  0
723  0
724  0
725  0
726  0
727  0
728  0
729  0
730  0
731  0
732  0
733  0
734  0
735  0
736  0
737  0
738  0
739  0
740  0
741  0
742  0
743  0
744  0
745  0
746  0
747  0
748  0
749  0
750  0
751  0
752  0
753  0
754  0
755  0
756  0
757  0
758  0
759  0
760  0
761  0
762  0
763  0
764  0
765  0
766  0
767  0
768  0
769  0
770  0
771  0
772  0
773  0
774  0
775  0
776  0
777  0
778  0
779  0
780  0
781  0
782  0
783  0
784  0
785  0
786  0
787  0
788  0
789  0
790  0
791  0
792  0
793  0
794  0
795  0
796  0
797  0
798  0
799  0
800  0
801  0
802  0
803  0
804  0
805  0
806  0
807  0
808  0
809  0
810  0
811  0
812  0
813  0
814  0
815  0
816  0
817  0
818  0
819  0
820  0
821  0
822  0
823  0
824  0
825  0
826  0
827  0
828  0
829  0
830  0
831  0
832  0
833  0
834  0
835  0
836  0
837  0
838  0
839  0
840  0
841  0
842  0
843  0
844  0
845  0
846  0
847  0
848  0
849  0
850  0
851  0
852  0
853  0
854  0
855  0
856  0
857  0
858  0
859  0
860  0
861  0
862  0
863  0
864  0
865  0
866  0
867  0
868  0
869  0
870  0
871  0
872  0
873  0
874  0
875  0
876  0
877  0
878  0
879  0
880  0
881  0
882  0
883  0
884  0
885  0
886  0
887  0
888  0
889  0
890  0
891  0
892  0
893  0
894  0
895  0
896  0
897  0
898  0
899  0
900  0
901  0
902  0
903  0
904  0
905  0
906  0
907  0
908  0
909  0
910  0
911  0
912  0
913  0
914  0
915  0
916  0
917  0
918  0
919  0
920  0
921  0
922  0
923  0
924  0
925  0
926  0
927  0
928  0
929  0
930  0
931  0
932  0
933  0
934  0
935  0
936  0
937  0
938  0
939  0
940  0
941  0
942  0
943  0
944  0
945  0
946  0
947  0
948  0
949  0
950  0
951  0
952  0
953  0
954  0
955  0
956  0
957  0
958  0
959  0
960  0
961  0
962  0
963  0
964  0
965  0
966  0
967  0
968  0
969  0
970  0
971  0
972  0
973  0
974  0
975  0
976  0
977  0
978  0
979  0
980  0
981  0
982  0
983  0
984  0
985  0
986  0
987  0
988  0
989  0
990  0
991  0
992  0
993  0
994  0
995  0
996  0
997  0
998  0
999  0
1000  0
1001  0
1002  0
1003  0
1004  0
1005  0
1006  0
1007  0
1008  0
1009  0
1010  0
1011  0
1012  0
1013  0
1014  0
1015  0
1016  0
1017  0
1018  0
1019  0
1020  0
1021  0
1022  0
1023  0
1024  0
1025  0
1026  0
1027  0
1028  0
1029  0
1030  0
1031  0
1032  0
1033  0
1034  0
1035  0
1036  0
1037  0
1038  0
1039  0
1040  0
1041  0
1042  0
1043  0
1044  0
1045  0
1046  0
1047  0
1048  0
1049  0
1050  0
1051  0
1052  0
1053  0
1054  0
1055  0
1056  0
1057  0
1058  0
1059  0
1060  0
1061  0
1062  0
1063  0
1064  0
1065  0
1066  0
1067  0
1068  0
1069  0
1070  0
1071  0
1072  0
1073  0
1074  0
1075  0
1076  0
1077  0
1078  0
1079  0
1080  0
1081  0
1082  0
1083  0
1084  0
1085  0
1086  0
1087  0
1088  0
1089  0
1090  0
1091  0
1092  0
1093  0
1094  0
1095  0
1096  0
1097  0
1098  0
1099  0
1100  0
1101  0
1102  0
1103  0
1104  0
1105  0
1106  0
1107  0
1108  0
1109  0
1110  0
1111  0
1112  0
1113  0
1114  0
1115  0
1116  0
1117  0
1118  0
1119  0
1120  0
1121  0
1122  0
1123  0
1124  0
1125  0
1126  0
1127  0
1128  0
1129  0
1130  0
1131  0
1132  0
1133  0
1134  0
1135  0
1136  0
1137  0
1138  0
1139  0
1140  0
1141  0
1142  0
1143  0
1144  0
1145  0
1146  0
1147  0
1148  0
1149  0
1150  0
1151  0
1152  0
1153  0
1154  0
1155  0
1156  0
1157  0
1158  0
1159  0
1160  0
1161  0
1162  0
1163  0
1164  0
1165  0
1166  0
1167  0
1168  0
1169  0
1170  0
1171  0
1172  0
1173  0
1174  0
1175  0
1176  0
1177  0
1178  0
1179  0
1180  0
1181  0
1182  0
1183  0
1184  0
1185  0
1186  0
1187  0
1188  0
1189  0
1190  0
1191  0
1192  0
1193  0
1194  0
1195  0
1196  0
1197  0
1198  0
1199  0
1200  0
1201  0
1202  0
1203  0
1204  0
1205  0
1206  0
1207  0
1208  0
1209  0
1210  0
1211  0
1212  0
1213  0
1214  0
1215  0
1216  0
1217  0
1218  0
1219  0
1220  0
1221  0
1222  0
1223  0
1224  0
1225  0
1226  0
1227  0
1228  0
1229  0
1230  0
1231  0
1232  0
1233  0
1234  0
1235  0
1236  0
1237  0
1238  0
1239  0
1240  0
1241  0
1242  0
1243  0
1244  0
1245  0
1246  0
1247  0
1248  0
1249  0
1250  0
1251  0
1252  0
1253  0
1254  0
1255  0
1256  0
1257  0
1258  0
1259  0
1260  0
1261  0
1262  0
1263  0
1264  0
1265  0
1266  0
1267  0
1268  0
1269  0
1270  0
1271  0
1272  0
1273  0
1274  0
1275  0
1276  0
1277  0
1278  0
1279  0
1280  0
1281  0
1282  0
1283  0
1284  0
1285  0
1286  0
1287  0
1288  0
1289  0
1290  0
1291  0
1292  0
1293  0
1294  0
1295  0
1296  0
1297  0
1298  0
1299  0
1300  1
1301  0
1302  0
1303  0
1304  0
1305  0
1306  0
1307  0
1308  0
1309  0
1310  0
1311  0
1312  0
1313  0
1314  0
1315  0
1316  0
1317  0
1318  0
1319  0
1320  0
1321  0
1322  0
1323  0
1324  0
1325  0
1326  0
1327  0
1328  0
1329  0
1330  0
1331  0
1332  0
1333  0
1334  0
1335  0
1336  0
1337  0
1338  0
1339  0
1340  0
1341  0
1342  0
1343  0
1344  0
1345  0
1346  0
1347  0
1348  0
1349  0
1350  0
1351  0
1352  0
1353  0
1354  0
1355  0
1356  0
1357  0
1358  0
1359  0
1360  0
1361  0
1362  0
1363  0
1364  0
1365  0
1366  0
1367  0
1368  0
1369  0
1370  0
1371  0
1372  0
1373  0
1374  0
1375  0
1376  0
1377  0
1378  0
1379  0
1380  0
1381  0
1382  0
1383  0
1384  0
1385  0
1386  0
1387  0
1388  0
1389  0
1390  0
1391  0
1392  0
1393  0
1394  0
1395  0
1396  0
1397  0
1398  0
1399  0
1400  0
1401  0
1402  0
1403  0
1404  0
1405  0
1406  0
1407  0
1408  0
1409  0
1410  0
1411  0
1412  0
1413  0
1414  0
1415  0
1416  0
1417  0
1418  0
1419  0
1420  0
1421  1
1422  0
1423  0
1424  0
1425  0
1426  0
1427  0
1428  0
1429  0
1430  0
1431  0
1432  0
1433  0
1434  0
1435  1
1436  0
1437  0
1438  0
1439  0
1440  0
1441  0
1442  0
1443  0
1444  0
1445  0
1446  0
1447  0
1448  0
1449  0
1450  0
1451  0
1452  0
1453  0
1454  0
1455  0
1456  0
1457  0
1458  0
1459  0
1460  0
1461  0
1462  0
1463  0
1464  0
1465  0
1466  0
1467  0
1468  0
1469  0
1470  0
1471  1
1472  0
1473  0
1474  0
1475  1
1476  0
1477  1
1478  0
1479  1
1480  0
1481  0
1482  0
1483  0
1484  0
1485  0
1486  0
1487  0
1488  2
1489  2
1490  0
1491  1
1492  1
1493  0
1494  1
1495  2
1496  4
1497  0
1498  4
1499  3
1500  6
1501  2
1502  5
1503  2
1504  3
1505  7
1506  7
1507  2
1508  5
1509  8
1510  6
1511  5
1512  11
1513  14
1514  11
1515  11
1516  11
1517  15
1518  18
1519  23
1520  25
1521  24
1522  20
1523  25
1524  28
1525  18
1526  27
1527  34
1528  32
1529  28
1530  35
1531  27
1532  41
1533  49
1534  57
1535  48
1536  60
1537  76
1538  72
1539  64
1540  75
1541  77
1542  80
1543  91
1544  83
1545  97
1546  103
1547  109
1548  129
1549  118
1550  111
1551  121
1552  142
1553  127
1554  150
1555  173
1556  168
1557  177
1558  177
1559  201
1560  196
1561  188
1562  225
1563  226
1564  258
1565  235
1566  258
1567  258
1568  270
1569  272
1570  285
1571  309
1572  309
1573  329
1574  344
1575  368
1576  414
1577  357
1578  377
1579  443
1580  421
1581  417
1582  440
1583  467
1584  463
1585  526
1586  507
1587  521
1588  518
1589  557
1590  513
1591  560
1592  582
1593  592
1594  639
1595  609
1596  564
1597  638
1598  647
1599  677
1600  727
1601  701
1602  680
1603  685
1604  729
1605  732
1606  735
1607  759
1608  751
1609  781
1610  783
1611  809
1612  814
1613  755
1614  721
1615  775
1616  799
1617  788
1618  837
1619  758
1620  752
1621  799
1622  788
1623  768
1624  722
1625  753
1626  795
1627  711
1628  758
1629  729
1630  686
1631  735
1632  699
1633  760
1634  732
1635  696
1636  645
1637  709
1638  656
1639  635
1640  601
1641  655
1642  622
1643  595
1644  565
1645  584
1646  571
1647  499
1648  538
1649  534
1650  492
1651  463
1652  511
1653  432
1654  464
1655  447
1656  409
1657  426
1658  370
1659  399
1660  329
1661  349
1662  329
1663  356
1664  295
1665  306
1666  286
1667  312
1668  284
1669  278
1670  253
1671  244
1672  226
1673  246
1674  237
1675  221
1676  196
1677  215
1678  185
1679  165
1680  179
1681  156
1682  154
1683  170
1684  149
1685  139
1686  139
1687  142
1688  133
1689  131
1690  127
1691  96
1692  113
1693  105
1694  106
1695  92
1696  103
1697  94
1698  71
1699  105
1700  79
1701  79
1702  75
1703  67
1704  65
1705  73
1706  57
1707  80
1708  54
1709  60
1710  62
1711  60
1712  45
1713  52
1714  48
1715  54
1716  35
1717  45
1718  43
1719  36
1720  39
1721  35
1722  39
1723  39
1724  30
1725  34
1726  37
1727  32
1728  28
1729  22
1730  30
1731  25
1732  30
1733  27
1734  25
1735  24
1736  23
1737  24
1738  17
1739  26
1740  14
1741  20
1742  18
1743  9
1744  20
1745  11
1746  24
1747  16
1748  10
1749  17
1750  14
1751  15
1752  13
1753  16
1754  7
1755  16
1756  10
1757  8
1758  12
1759  9
1760  11
1761  8
1762  6
1763  11
1764  10
1765  11
1766  8
1767  7
1768  7
1769  7
1770  8
1771  9
1772  7
1773  10
1774  1
1775  12
1776  15
1777  10
1778  7
1779  4
1780  5
1781  7
1782  9
1783  9
1784  3
1785  4
1786  7
1787  7
1788  5
1789  2
1790  6
1791  4
1792  8
1793  0
1794  2
1795  3
1796  5
1797  2
1798  8
1799  7
1800  8
1801  6
1802  7
1803  2
1804  8
1805  4
1806  2
1807  3
1808  1
1809  7
1810  9
1811  6
1812  1
1813  5
1814  4
1815  7
1816  4
1817  7
1818  1
1819  4
1820  4
1821  5
1822  3
1823  3
1824  1
1825  6
1826  4
1827  3
1828  6
1829  3
1830  9
1831  4
1832  7
1833  3
1834  2
1835  2
1836  4
1837  11
1838  6
1839  6
1840  7
1841  4
1842  5
1843  7
1844  3
1845  13
1846  8
1847  7
1848  6
1849  9
1850  11
1851  7
1852  12
1853  7
1854  6
1855  7
1856  8
1857  10
1858  9
1859  15
1860  17
1861  11
1862  12
1863  4
1864  15
1865  10
1866  12
1867  6
1868  13
1869  10
1870  18
1871  16
1872  4
1873  15
1874  20
1875  7
1876  21
1877  15
1878  20
1879  11
1880  15
1881  15
1882  12
1883  13
1884  16
1885  16
1886  17
1887  13
1888  16
1889  15
1890  19
1891  21
1892  13
1893  23
1894  12
1895  24
1896  18
1897  23
1898  13
1899  22
1900  13
1901  29
1902  26
1903  14
1904  32
1905  23
1906  24
1907  20
1908  20
1909  27
1910  33
1911  30
1912  19
1913  21
1914  27
1915  22
1916  24
1917  16
1918  29
1919  26
1920  27
1921  36
1922  31
1923  27
1924  30
1925  32
1926  31
1927  26
1928  27
1929  31
1930  25
1931  39
1932  30
1933  32
1934  31
1935  31
1936  43
1937  33
1938  37
1939  30
1940  41
1941  30
1942  35
1943  35
1944  28
1945  31
1946  35
1947  42
1948  41
1949  26
1950  43
1951  38
1952  40
1953  46
1954  43
1955  44
1956  45
1957  43
1958  39
1959  44
1960  43
1961  46
1962  46
1963  35
1964  37
1965  47
1966  35
1967  45
1968  50
1969  42
1970  48
1971  44
1972  32
1973  43
1974  39
1975  36
1976  59
1977  36
1978  39
1979  48
1980  41
1981  50
1982  50
1983  49
1984  52
1985  35
1986  47
1987  56
1988  45
1989  43
1990  60
1991  44
1992  48
1993  46
1994  49
1995  56
1996  54
1997  43
1998  38
1999  48
2000  37
2001  60
2002  53
2003  45
2004  45
2005  47
2006  33
2007  51
2008  54
2009  56
2010  46
2011  49
2012  43
2013  51
2014  44
2015  44
2016  44
2017  40
2018  57
2019  41
2020  39
2021  48
2022  39
2023  42
2024  42
2025  60
2026  60
2027  47
2028  45
2029  56
2030  60
2031  47
2032  49
2033  60
2034  45
2035  51
2036  49
2037  53
2038  38
2039  59
2040  49
2041  46
2042  55
2043  47
2044  45
2045  46
2046  53
2047  38
2048  51
2049  63
2050  37
2051  47
2052  48
2053  47
2054  45
2055  44
2056  47
2057  40
2058  47
2059  42
2060  51
2061  46
2062  38
2063  43
2064  49
2065  42
2066  38
2067  45
2068  47
2069  38
2070  39
2071  39
2072  46
2073  58
2074  45
2075  34
2076  43
2077  35
2078  35
2079  39
2080  32
2081  43
2082  38
2083  28
2084  46
2085  43
2086  36
2087  47
2088  44
2089  39
2090  40
2091  42
2092  42
2093  37
2094  37
2095  25
2096  40
2097  41
2098  34
2099  43
2100  41
2101  35
2102  31
2103  27
2104  37
2105  34
2106  34
2107  34
2108  35
2109  30
2110  40
2111  28
2112  31
2113  29
2114  34
2115  36
2116  29
2117  44
2118  37
2119  31
2120  31
2121  36
2122  26
2123  40
2124  23
2125  43
2126  26
2127  30
2128  27
2129  37
2130  31
2131  39
2132  30
2133  33
2134  29
2135  28
2136  36
2137  26
2138  21
2139  30
2140  26
2141  22
2142  27
2143  38
2144  30
2145  33
2146  36
2147  30
2148  33
2149  34
2150  32
2151  26
2152  24
2153  32
2154  32
2155  27
2156  30
2157  23
2158  30
2159  19
2160  28
2161  23
2162  28
2163  29
2164  23
2165  32
2166  25
2167  28
2168  24
2169  26
2170  28
2171  27
2172  28
2173  38
2174  28
2175  23
2176  22
2177  20
2178  24
2179  18
2180  19
2181  23
2182  18
2183  27
2184  26
2185  16
2186  27
2187  26
2188  15
2189  19
2190  19
2191  18
2192  30
2193  18
2194  20
2195  18
2196  30
2197  16
2198  25
2199  16
2200  29
2201  21
2202  22
2203  14
2204  22
2205  22
2206  10
2207  14
2208  13
2209  22
2210  22
2211  25
2212  17
2213  23
2214  19
2215  15
2216  16
2217  18
2218  11
2219  19
2220  16
2221  19
2222  16
2223  9
2224  16
2225  12
2226  15
2227  17
2228  16
2229  14
2230  13
2231  16
2232  18
2233  19
2234  18
2235  15
2236  14
2237  19
2238  15
2239  16
2240  10
2241  14
2242  7
2243  11
2244  19
2245  14
2246  15
2247  13
2248  11
2249  17
2250  18
2251  14
2252  12
2253  10
2254  11
2255  15
2256  12
2257  16
2258  11
2259  14
2260  10
2261  10
2262  10
2263  14
2264  15
2265  9
2266  13
2267  12
2268  16
2269  15
2270  12
2271  10
2272  13
2273  8
2274  5
2275  8
2276  6
2277  14
2278  18
2279  12
2280  14
2281  11
2282  10
2283  9
2284  10
2285  5
2286  5
2287  9
2288  7
2289  11
2290  14
2291  13
2292  10
2293  5
2294  9
2295  8
2296  10
2297  8
2298  10
2299  13
2300  11
2301  10
2302  7
2303  8
2304  8
2305  6
2306  12
2307  8
2308  10
2309  9
2310  11
2311  9
2312  7
2313  5
2314  6
2315  11
2316  4
2317  10
2318  9
2319  6
2320  9
2321  3
2322  10
2323  6
2324  8
2325  8
2326  12
2327  4
2328  4
2329  10
2330  12
2331  5
2332  9
2333  6
2334  11
2335  5
2336  8
2337  4
2338  4
2339  5
2340  10
2341  13
2342  6
2343  5
2344  5
2345  5
2346  7
2347  10
2348  9
2349  16
2350  5
2351  5
2352  4
2353  5
2354  11
2355  6
2356  8
2357  5
2358  6
2359  6
2360  5
2361  7
2362  4
2363  4
2364  7
2365  3
2366  2
2367  12
2368  3
2369  4
2370  2
2371  8
2372  8
2373  6
2374  1
2375  10
2376  6
2377  6
2378  7
2379  6
2380  11
2381  5
2382  4
2383  6
2384  6
2385  7
2386  5
2387  5
2388  5
2389  6
2390  3
2391  6
2392  4
2393  5
2394  3
2395  5
2396  4
2397  4
2398  5
2399  2
2400  5
2401  5
2402  9
2403  4
2404  7
2405  8
2406  7
2407  12
2408  4
2409  5
2410  5
2411  5
2412  4
2413  6
2414  8
2415  8
2416  4
2417  2
2418  3
2419  4
2420  1
2421  6
2422  3
2423  3
2424  2
2425  5
2426  6
2427  2
2428  3
2429  2
2430  4
2431  2
2432  5
2433  2
2434  0
2435  4
2436  5
2437  2
2438  3
2439  2
2440  2
2441  4
2442  2
2443  4
2444  4
2445  0
2446  3
2447  2
2448  5
2449  4
2450  3
2451  4
2452  2
2453  10
2454  5
2455  2
2456  2
2457  3
2458  7
2459  3
2460  3
2461  5
2462  4
2463  4
2464  1
2465  3
2466  1
2467  2
2468  6
2469  5
2470  6
2471  1
2472  2
2473  3
2474  4
2475  1
2476  1
2477  2
2478  3
2479  0
2480  6
2481  1
2482  0
2483  2
2484  4
2485  3
2486  2
2487  4
2488  1
2489  2
2490  2
2491  1
2492  6
2493  1
2494  1
2495  0
2496  1
2497  4
2498  4
2499  2
2500  2
2501  1
2502  5
2503  1
2504  3
2505  4
2506  5
2507  3
2508  6
2509  3
2510  2
2511  2
2512  0
2513  5
2514  3
2515  0
2516  2
2517  1
2518  2
2519  1
2520  5
2521  2
2522  3
2523  4
2524  0
2525  1
2526  3
2527  2
2528  4
2529  0
2530  3
2531  2
2532  0
2533  1
2534  3
2535  4
2536  4
2537  4
2538  3
2539  2
2540  1
2541  3
2542  1
2543  1
2544  4
2545  3
2546  2
2547  1
2548  0
2549  0
2550  0
2551  3
2552  1
2553  2
2554  0
2555  2
2556  1
2557  3
2558  2
2559  1
2560  1
2561  2
2562  3
2563  4
2564  1
2565  3
2566  1
2567  3
2568  2
2569  5
2570  1
2571  2
2572  4
2573  1
2574  2
2575  1
2576  2
2577  1
2578  0
2579  3
2580  0
2581  2
2582  1
2583  1
2584  0
2585  1
2586  1
2587  2
2588  2
2589  3
2590  0
2591  2
2592  1
2593  2
2594  1
2595  2
2596  1
2597  1
2598  2
2599  1
2600  3
2601  1
2602  2
2603  1
2604  3
2605  0
2606  1
2607  0
2608  1
2609  3
2610  1
2611  4
2612  1
2613  1
2614  2
2615  1
2616  1
2617  2
2618  0
2619  1
2620  2
2621  1
2622  4
2623  3
2624  1
2625  2
2626  1
2627  0
2628  0
2629  0
2630  0
2631  0
2632  2
2633  1
2634  1
2635  4
2636  1
2637  0
2638  0
2639  1
2640  2
2641  3
2642  0
2643  1
2644  0
2645  1
2646  0
2647  0
2648  0
2649  2
2650  0
2651  0
2652  1
2653  0
2654  2
2655  1
2656  3
2657  1
2658  2
2659  2
2660  0
2661  2
2662  2
2663  3
2664  1
2665  1
2666  1
2667  1
2668  1
2669  0
2670  2
2671  1
2672  0
2673  0
2674  0
2675  0
2676  3
2677  1
2678  2
2679  0
2680  0
2681  2
2682  1
2683  0
2684  0
2685  0
2686  0
2687  1
2688  0
2689  1
2690  0
2691  2
2692  0
2693  0
2694  1
2695  1
2696  0
2697  1
2698  0
2699  1
2700  1
2701  1
2702  1
2703  1
2704  0
2705  1
2706  1
2707  2
2708  2
2709  1
2710  0
2711  2
2712  0
2713  0
2714  0
2715  1
2716  0
2717  2
2718  1
2719  3
2720  1
2721  0
2722  2
2723  0
2724  1
2725  0
2726  1
2727  3
2728  0
2729  0
2730  0
2731  2
2732  2
2733  2
2734  0
2735  0
2736  1
2737  0
2738  0
2739  1
2740  0
2741  1
2742  1
2743  0
2744  1
2745  1
2746  0
2747  0
2748  0
2749  0
2750  0
2751  2
2752  1
2753  0
2754  3
2755  1
2756  0
2757  2
2758  0
2759  0
2760  3
2761  0
2762  0
2763  0
2764  1
2765  0
2766  0
2767  0
2768  0
2769  0
2770  1
2771  1
2772  0
2773  0
2774  0
2775  3
2776  1
2777  0
2778  2
2779  0
2780  0
2781  1
2782  1
2783  0
2784  0
2785  2
2786  1
2787  2
2788  1
2789  1
2790  3
2791  0
2792  0
2793  1
2794  0
2795  1
2796  0
2797  0
2798  0
2799  2
2800  1
2801  0
2802  2
2803  0
2804  1
2805  1
2806  3
2807  0
2808  0
2809  0
2810  1
2811  0
2812  0
2813  0
2814  1
2815  0
2816  0
2817  0
2818  0
2819  0
2820  1
2821  0
2822  0
2823  1
2824  0
2825  0
2826  0
2827  0
2828  0
2829  0
2830  0
2831  0
2832  0
2833  1
2834  2
2835  0
2836  0
2837  0
2838  1
2839  0
2840  0
2841  1
2842  0
2843  0
2844  0
2845  0
2846  0
2847  0
2848  1
2849  0
2850  1
2851  0
2852  2
2853  0
2854  0
2855  0
2856  1
2857  1
2858  1
2859  1
2860  1
2861  0
2862  0
2863  0
2864  0
2865  0
2866  1
2867  2
2868  0
2869  1
2870  1
2871  0
2872  0
2873  0
2874  0
2875  0
2876  1
2877  0
2878  0
2879  0
2880  0
2881  0
2882  1
2883  1
2884  0
2885  1
2886  0
2887  1
2888  0
2889  1
2890  0
2891  0
2892  1
2893  1
2894  0
2895  0
2896  1
2897  0
2898  1
2899  0
2900  0
2901  0
2902  0
2903  0
2904  0
2905  0
2906  0
2907  1
2908  0
2909  0
2910  0
2911  0
2912  1
2913  0
2914  0
2915  0
2916  0
2917  1
2918  0
2919  1
2920  0
2921  0
2922  0
2923  0
2924  0
2925  1
2926  0
2927  1
2928  0
2929  0
2930  1
2931  0
2932  1
2933  0
2934  0
2935  1
2936  0
2937  0
2938  0
2939  0
2940  2
2941  0
2942  0
2943  0
2944  0
2945  0
2946  1
2947  0
2948  0
2949  0
2950  1
2951  0
2952  1
2953  0
2954  0
2955  0
2956  0
2957  0
2958  0
2959  0
2960  0
2961  0
2962  1
2963  0
2964  0
2965  2
2966  0
2967  0
2968  0
2969  0
2970  0
2971  0
2972  0
2973  0
2974  0
2975  0
2976  0
2977  0
2978  0
2979  1
2980  1
2981  0
2982  0
2983  0
2984  1
2985  0
2986  0
2987  0
2988  1
2989  1
2990  0
2991  0
2992  0
2993  0
2994  0
2995  1
2996  0
2997  0
2998  2
2999  0
3000  1
3001  1
3002  0
3003  0
3004  0
3005  0
3006  0
3007  0
3008  0
3009  0
3010  0
3011  0
3012  0
3013  0
3014  0
3015  0
3016  0
3017  0
3018  0
3019  1
3020  0
3021  0
3022  0
3023  0
3024  0
3025  0
3026  2
3027  0
3028  0
3029  0
3030  1
3031  1
3032  0
3033  0
3034  0
3035  0
3036  0
3037  0
3038  0
3039  1
3040  0
3041  0
3042  0
3043  0
3044  0
3045  0
3046  0
3047  0
3048  0
3049  0
3050  0
3051  0
3052  0
3053  0
3054  0
3055  4
3056  0
3057  0
3058  0
3059  1
3060  0
3061  0
3062  1
3063  0
3064  2
3065  0
3066  0
3067  0
3068  0
3069  0
3070  0
3071  0
3072  0
3073  0
3074  0
3075  1
3076  0
3077  0
3078  0
3079  0
3080  0
3081  0
3082  0
3083  0
3084  0
3085  0
3086  0
3087  0
3088  0
3089  0
3090  0
3091  0
3092  1
3093  0
3094  0
3095  0
3096  0
3097  1
3098  0
3099  0
3100  0
3101  0
3102  0
3103  0
3104  0
3105  0
3106  0
3107  0
3108  0
3109  0
3110  1
3111  1
3112  0
3113  0
3114  0
3115  0
3116  0
3117  0
3118  0
3119  1
3120  0
3121  0
3122  0
3123  0
3124  0
3125  1
3126  0
3127  0
3128  0
3129  0
3130  0
3131  0
3132  0
3133  0
3134  0
3135  1
3136  0
3137  0
3138  0
3139  0
3140  0
3141  0
3142  0
3143  0
3144  0
3145  0
3146  0
3147  0
3148  0
3149  0
3150  0
3151  0
3152  1
3153  0
3154  0
3155  0
3156  0
3157  0
3158  0
3159  0
3160  0
3161  0
3162  0
3163  0
3164  0
3165  0
3166  0
3167  0
3168  0
3169  0
3170  0
3171  0
3172  0
3173  0
3174  0
3175  0
3176  0
3177  0
3178  0
3179  0
3180  0
3181  0
3182  0
3183  0
3184  0
3185  0
3186  0
3187  0
3188  0
3189  0
3190  0
3191  0
3192  0
3193  0
3194  0
3195  0
3196  0
3197  0
3198  0
3199  1
3200  0
3201  0
3202  0
3203  0
3204  1
3205  0
3206  0
3207  0
3208  0
3209  0
3210  0
3211  0
3212  1
3213  0
3214  0
3215  1
3216  0
3217  0
3218  0
3219  0
3220  0
3221  0
3222  0
3223  0
3224  0
3225  0
3226  0
3227  0
3228  0
3229  0
3230  0
3231  0
3232  0
3233  0
3234  0
3235  0
3236  0
3237  0
3238  0
3239  0
3240  0
3241  1
3242  0
3243  0
3244  0
3245  0
3246  0
3247  0
3248  0
3249  0
3250  0
3251  0
3252  0
3253  0
3254  0
3255  0
3256  0
3257  0
3258  1
3259  0
3260  0
3261  0
3262  0
3263  0
3264  0
3265  0
3266  0
3267  0
3268  0
3269  0
3270  0
3271  0
3272  0
3273  0
3274  0
3275  0
3276  0
3277  0
3278  0
3279  0
3280  0
3281  0
3282  0
3283  0
3284  0
3285  0
3286  0
3287  0
3288  0
3289  0
3290  1
3291  0
3292  1
3293  0
3294  0
3295  2
3296  0
3297  0
3298  0
3299  0
3300  0
3301  0
3302  0
3303  0
3304  0
3305  0
3306  0
3307  0
3308  0
3309  0
3310  0
3311  0
3312  0
3313  0
3314  0
3315  0
3316  0
3317  0
3318  0
3319  0
3320  0
3321  0
3322  0
3323  0
3324  0
3325  0
3326  0
3327  0
3328  0
3329  0
3330  0
3331  0
3332  0
3333  1
3334  0
3335  0
3336  0
3337  0
3338  0
3339  0
3340  0
3341  0
3342  0
3343  0
3344  0
3345  0
3346  1
3347  0
3348  0
3349  0
3350  0
3351  0
3352  0
3353  0
3354  0
3355  0
3356  0
3357  0
3358  0
3359  0
3360  0
3361  0
3362  0
3363  0
3364  0
3365  0
3366  0
3367  0
3368  0
3369  0
3370  0
3371  0
3372  0
3373  0
3374  0
3375  0
3376  0
3377  0
3378  0
3379  0
3380  0
3381  0
3382  0
3383  0
3384  0
3385  0
3386  0
3387  0
3388  0
3389  0
3390  0
3391  0
3392  0
3393  0
3394  0
3395  0
3396  0
3397  0
3398  0
3399  0
3400  0
3401  0
3402  1
3403  0
3404  0
3405  0
3406  0
3407  0
3408  0
3409  0
3410  0
3411  0
3412  0
3413  0
3414  0
3415  1
3416  0
3417  0
3418  0
3419  0
3420  0
3421  0
3422  0
3423  0
3424  0
3425  0
3426  0
3427  0
3428  0
3429  0
3430  0
3431  0
3432  0
3433  1
3434  1
3435  0
3436  0
3437  0
3438  0
3439  0
3440  0
3441  0
3442  0
3443  0
3444  0
3445  0
3446  0
3447  0
3448  0
3449  0
3450  0
3451  0
3452  0
3453  0
3454  1
3455  0
3456  0
3457  0
3458  0
3459  0
3460  0
3461  0
3462  0
3463  0
3464  0
3465  0
3466  0
3467  0
3468  0
3469  0
3470  0
3471  0
3472  0
3473  0
3474  0
3475  0
3476  0
3477  0
3478  0
3479  0
3480  0
3481  0
3482  0
3483  0
3484  0
3485  0
3486  1
3487  0
3488  0
3489  0
3490  0
3491  0
3492  0
3493  0
3494  0
3495  0
3496  0
3497  0
3498  0
3499  1
3500  0
3501  0
3502  0
3503  0
3504  0
3505  0
3506  0
3507  0
3508  0
3509  0
3510  0
3511  0
3512  0
3513  0
3514  0
3515  0
3516  1
3517  0
3518  0
3519  0
3520  0
3521  0
3522  0
3523  0
3524  0
3525  0
3526  0
3527  0
3528  0
3529  1
3530  0
3531  0
3532  0
3533  0
3534  0
3535  0
3536  0
3537  0
3538  0
3539  0
3540  0
3541  0
3542  0
3543  0
3544  0
3545  0
3546  0
3547  0
3548  0
3549  0
3550  0
3551  0
3552  0
3553  0
3554  0
3555  0
3556  0
3557  0
3558  0
3559  0
3560  0
3561  0
3562  0
3563  0
3564  0
3565  0
3566  0
3567  0
3568  0
3569  0
3570  0
3571  0
3572  0
3573  0
3574  0
3575  0
3576  0
3577  0
3578  0
3579  0
3580  0
3581  0
3582  0
3583  0
3584  0
3585  0
3586  0
3587  0
3588  0
3589  0
3590  0
3591  0
3592  0
3593  0
3594  0
3595  0
3596  0
3597  0
3598  0
3599  0
3600  0
3601  0
3602  0
3603  0
3604  1
3605  0
3606  0
3607  0
3608  0
3609  0
3610  1
3611  0
3612  0
3613  0
3614  0
3615  0
3616  0
3617  0
3618  0
3619  0
3620  0
3621  0
3622  0
3623  0
3624  1
3625  0
3626  0
3627  0
3628  0
3629  0
3630  0
3631  0
3632  0
3633  0
3634  0
3635  0
3636  0
3637  0
3638  0
3639  0
3640  0
3641  0
3642  0
3643  0
3644  0
3645  0
3646  0
3647  0
3648  0
3649  0
3650  0
3651  0
3652  0
3653  0
3654  0
3655  0
3656  0
3657  0
3658  0
3659  0
3660  0
3661  0
3662  0
3663  0
3664  0
3665  0
3666  0
3667  0
3668  0
3669  0
3670  0
3671  0
3672  0
3673  0
3674  0
3675  0
3676  0
3677  0
3678  0
3679  0
3680  0
3681  0
3682  0
3683  0
3684  0
3685  0
3686  0
3687  0
3688  0
3689  0
3690  0
3691  0
3692  0
3693  0
3694  0
3695  0
3696  0
3697  0
3698  0
3699  0
3700  0
3701  0
3702  0
3703  0
3704  0
3705  0
3706  0
3707  0
3708  0
3709  0
3710  0
3711  0
3712  0
3713  0
3714  0
3715  0
3716  0
3717  0
3718  0
3719  0
3720  0
3721  0
3722  0
3723  0
3724  0
3725  0
3726  0
3727  0
3728  0
3729  0
3730  0
3731  0
3732  0
3733  0
3734  0
3735  0
3736  0
3737  0
3738  0
3739  0
3740  0
3741  0
3742  0
3743  0
3744  0
3745  0
3746  0
3747  0
3748  0
3749  0
3750  0
3751  0
3752  0
3753  0
3754  0
3755  0
3756  0
3757  0
3758  0
3759  0
3760  0
3761  0
3762  0
3763  0
3764  0
3765  0
3766  0
3767  0
3768  0
3769  0
3770  1
3771  1
3772  0
3773  0
3774  0
3775  0
3776  0
3777  0
3778  0
3779  0
3780  0
3781  0
3782  0
3783  0
3784  0
3785  0
3786  0
3787  0
3788  0
3789  0
3790  0
3791  0
3792  0
3793  0
3794  0
3795  0
3796  0
3797  0
3798  0
3799  0
3800  0
3801  0
3802  0
3803  0
3804  0
3805  0
3806  0
3807  0
3808  0
3809  0
3810  0
3811  0
3812  0
3813  0
3814  0
3815  0
3816  0
3817  0
3818  0
3819  0
3820  0
3821  0
3822  0
3823  0
3824  0
3825  0
3826  0
3827  0
3828  0
3829  0
3830  0
3831  0
3832  0
3833  0
3834  0
3835  0
3836  0
3837  0
3838  0
3839  0
3840  0
3841  0
3842  0
3843  0
3844  0
3845  0
3846  0
3847  0
3848  0
3849  0
3850  0
3851  0
3852  0
3853  0
3854  0
3855  0
3856  0
3857  0
3858  0
3859  0
3860  0
3861  0
3862  0
3863  0
3864  0
3865  0
3866  0
3867  0
3868  0
3869  0
3870  0
3871  0
3872  0
3873  0
3874  0
3875  0
3876  0
3877  0
3878  0
3879  0
3880  0
3881  0
3882  0
3883  0
3884  0
3885  0
3886  0
3887  0
3888  0
3889  0
3890  0
3891  0
3892  0
3893  0
3894  0
3895  0
3896  0
3897  0
3898  0
3899  0
3900  0
3901  0
3902  0
3903  0
3904  0
3905  0
3906  0
3907  0
3908  0
3909  0
3910  0
3911  0
3912  0
3913  0
3914  0
3915  0
3916  0
3917  0
3918  0
3919  0
3920  0
3921  0
3922  0
3923  0
3924  0
3925  0
3926  0
3927  0
3928  0
3929  0
3930  0
3931  0
3932  0
3933  0
3934  0
3935  0
3936  0
3937  0
3938  0
3939  0
3940  0
3941  0
3942  0
3943  0
3944  0
3945  0
3946  0
3947  0
3948  0
3949  0
3950  0
3951  0
3952  0
3953  0
3954  0
3955  0
3956  0
3957  0
3958  0
3959  0
3960  0
3961  0
3962  0
3963  0
3964  0
3965  0
3966  0
3967  0
3968  0
3969  0
3970  0
3971  0
3972  0
3973  0
3974  0
3975  0
3976  0
3977  0
3978  0
3979  0
3980  0
3981  0
3982  0
3983  0
3984  0
3985  0
3986  0
3987  0
3988  0
3989  0
3990  0
3991  0
3992  0
3993  0
3994  0
3995  0
3996  0
3997  0
3998  0
3999  0
4000  0
4001  0
4002  0
4003  0
4004  0
4005  0
4006  0
4007  0
4008  0
4009  0
4010  0
4011  0
4012  0
4013  0
4014  0
4015  0
4016  0
4017  0
4018  0
4019  0
4020  0
4021  0
4022  0
4023  0
4024  0
4025  0
4026  0
4027  0
4028  0
4029  0
4030  0
4031  0
4032  0
4033  0
4034  0
4035  0
4036  0
4037  0
4038  0
4039  0
4040  0
4041  0
4042  0
4043  0
4044  0
4045  0
4046  0
4047  0
4048  0
4049  0
4050  0
4051  0
4052  0
4053  0
4054  0
4055  0
4056  0
4057  0
4058  0
4059  0
4060  0
4061  0
4062  0
4063  0
4064  0
4065  0
4066  0
4067  0
4068  0
4069  0
4070  0
4071  0
4072  0
4073  0
4074  0
4075  0
4076  0
4077  0
4078  0
4079  0
4080  0
4081  0
4082  0
4083  0
4084  0
4085  0
4086  0
4087  0
4088  0
4089  0
4090  0
4091  0
4092  0
4093  0
4094  0
4095  0
