 0000101 0000022 0000000 0004095 1040720 0162403
00000000000000000000000000000000000000000000000000000000000000000000000000000000
00000000000000000000000000000000000000000000000000000000000000030000005600000236
00000351000002560000012400000068000000460000005500000060000000430000004600000056
00000054000000650000006300000040000000480000004400000052000000480000006100000051
00000040000000390000002800000020000000130000001500000006000000030000000000000000
00000000000000000000000000000000000000000000000000000000000000000000000000000000
00000000000000000000000000000000000000000000000000000000000000000000000000000000
00000000000000000000000000000000000000000000000000000000000000000000000000000000
00000000000000000000000000000000000000000000000000000000000000000000000000000000
00000000000000000000000000000000000000000000000000000000000000000000000000000000
00000000000000000000000000000000000000000000000000000000000000000000000000000000
00000000000000000000000000000000000000000000000000000000000000000000000000000000
00000000000000000000000000000000000000000000000000000000000000000000000000000000
00000000000000000000000000000000000000000000000000000000000000000000000000000000
00000000000000000000000000000000000000000000000000000000000000000000000000000000
00000000000000000000000000000000000000000000000000000000000000000000000000000000
00000000000000000000000000000000000000000000000000000000000000000000000000000000
00000000000000000000000000000000000000000000000000000000000000000000000000000045
00000447000011340000129400001194000024220000482500005522000037540000209200001237
00000936000008130000064800000564000005140000046800000492000004720000046600000458
00000410000004830000046500000460000004920000047400000485000004810000045200000450
00000417000004560000044400000461000004820000045000000466000004470000047800000435
00000438000004560000046800000436000004170000043200000446000004320000045800000412
00000446000004600000043900000448000004580000043900000437000004510000042600000448
00000484000004300000043600000445000004210000044000000412000004530000044300000456
00000437000004480000045200000438000004290000044300000420000004340000043900000466
00000465000004270000042200000396000004470000046400000451000004340000047200000414
00000440000004350000042800000445000004790000040300000454000004810000046300000429
00000437000004410000044100000408000004630000045000000448000004320000047500000423
00000436000004430000042400000417000004680000044700000465000004670000044600000415
00000445000004500000042800000434000004420000045500000469000004290000044200000443
00000450000004660000043100000459000004770000046200000432000004540000043100000464
00000468000004600000044300000462000004420000045400000443000004510000044100000431
00000484000004670000044900000437000004260000045700000487000004290000045600000432
00000431000004370000046000000463000004180000041800000456000004690000045000000462
00000458000004300000044700000450000004640000045000000458000004250000040800000462
00000445000004510000045000000420000004570000044300000421000004630000043800000446
00000422000004360000045400000451000004970000045400000402000004420000047700000463
00000449000004370000041400000421000004470000046900000441000004200000043600000435
00000418000004470000044700000443000004100000042100000461000004480000042100000439
00000489000004470000045400000441000004440000042700000457000004080000045500000426
00000434000004200000041100000474000005020000041400000394000004380000043700000416
00000434000004170000044000000431000004520000044500000426000004080000040700000418
00000444000004450000048200000454000004520000041700000451000004570000044000000410
00000437000004310000039300000465000004470000044200000456000004540000043000000436
00000446000004500000044400000377000004670000044900000421000004280000046700000432
00000428000004080000044800000449000003960000044700000434000004280000046300000429
00000429000004310000044400000431000004420000042600000435000004330000041500000433
00000442000004710000047300000433000004350000041700000458000004650000041400000461
00000441000004600000043600000447000004510000041400000401000004530000042800000410
00000442000004680000044600000407000004230000040400000439000004240000044600000442
00000424000004170000044900000429000004760000044400000439000004440000041900000426
00000451000004630000045300000455000004060000040800000413000004600000040300000435
00000440000004260000041600000444000004630000041400000429000004140000040600000463
00000418000003950000040200000435000004090000047900000426000004600000042900000464
00000443000004270000044800000424000004400000045200000437000004580000045200000440
00000432000004000000043200000459000004380000041700000424000004460000041300000429
00000449000004350000040500000429000004440000042700000437000004590000040900000424
00000446000004320000042900000402000004570000041100000443000003830000043200000399
00000412000004740000042800000442000004170000041600000409000004230000040400000416
00000414000004290000046800000390000003750000042800000400000004070000041100000413
00000387000004070000039600000444000004230000040000000428000004230000044300000415
00000400000004630000041300000469000004320000041900000431000004210000037100000383
00000413000004280000042600000402000004480000039900000433000004020000038700000432
00000429000003870000043200000472000004120000039900000428000004290000044500000443
00000428000004380000042800000434000004150000042000000400000004030000038600000401
00000447000004490000040300000404000004000000041100000439000003920000044300000403
00000425000004290000042100000419000004070000045700000411000004190000037500000423
00000391000004350000042200000401000004120000043700000429000003910000044000000368
00000403000004130000041800000421000004160000039000000428000004070000042600000448
00000372000004270000041800000412000004160000042600000396000004360000043100000428
00000393000004420000041500000419000003880000047300000383000004050000044500000422
00000402000003640000041100000413000004080000042500000373000004400000044200000433
00000426000004350000042700000424000004300000043300000420000004110000041300000421
00000427000004290000044200000468000004140000044400000449000004430000039200000453
00000412000004120000044700000419000004040000041300000429000004370000044400000421
00000392000004320000039800000391000004370000041800000409000004040000040100000423
00000394000004410000039600000420000004070000042800000409000004190000044000000429
00000418000004260000043800000406000003950000042400000398000004250000038300000450
00000448000004350000043600000435000004060000042100000410000004370000045100000424
00000399000004100000036900000374000004190000041600000371000004180000041800000442
00000417000004630000043000000414000004350000040900000424000004300000039600000427
00000411000004540000041500000448000004200000042400000428000004170000040500000430
00000437000004430000041700000447000004130000042200000417000004020000042500000414
00000393000004440000042000000415000004200000040600000437000004420000043200000438
00000388000003960000041200000385000004190000041100000399000004390000038800000463
00000442000004290000044600000421000004210000044000000405000004140000043800000446
00000418000004530000040200000419000004380000042200000401000004280000041400000431
00000448000003970000038800000438000004340000037100000409000004130000040900000431
00000452000004210000040600000438000004470000039000000451000004410000043000000451
00000423000004480000042900000393000004220000042800000394000004400000042100000452
00000447000004470000045100000438000004220000044400000409000003960000040300000404
00000419000004280000039600000428000004530000042600000438000004250000044000000427
00000457000004530000041200000397000004250000044000000432000003950000045100000420
00000412000004370000042200000404000003890000043800000438000004270000043400000422
00000430000003670000044800000393000003990000042500000431000004490000039100000471
00000383000004390000045000000403000004420000046300000463000004480000040900000390
00000418000004430000041500000445000004360000045400000417000004310000043500000451
00000455000004470000039700000463000004500000038700000446000004440000043900000402
00000451000004160000044500000434000004390000043600000444000003930000045000000434
00000412000004230000044100000434000003980000040700000424000004300000040000000459
00000439000004210000042900000453000004510000040500000470000004100000042900000434
00000420000004280000041200000416000004260000041200000416000004350000044700000426
00000427000004230000040000000437000004230000041700000435000004510000046600000443
00000431000004570000042700000431000004010000043300000437000004310000042500000421
00000400000004450000042300000437000004360000043200000448000004390000042900000441
00000432000004190000045600000428000004150000042100000447000004540000042800000422
00000430000004240000043600000414000004510000042500000424000004330000044900000446
00000415000003730000042700000396000003920000042400000412000004400000042300000425
00000428000004470000045800000433000004480000041500000440000004540000044800000402
00000408000004030000044500000429000004480000040900000392000004390000040700000448
00000455000004640000039500000413000004480000046300000479000004260000042800000475
00000408000004420000043700000463000004460000042200000421000004310000040100000434
00000424000003690000043100000434000004200000039400000453000004330000043300000418
00000457000004600000042200000406000004360000039300000411000004300000043200000414
00000395000004310000043300000404000003940000043200000422000004430000041500000406
00000421000003960000043000000437000004210000041400000422000004230000041200000392
00000417000004160000040400000434000004210000040300000443000004270000037400000415
00000392000003910000043200000418000004160000039400000418000004340000044200000408
00000415000004150000047300000400000004230000043800000425000004530000041900000434
00000396000004090000042400000441000004320000043800000423000004020000042800000416
00000437000003820000039400000441000003990000041200000424000003980000043500000440
00000385000003800000045000000405000004140000041900000374000004030000040700000414
00000424000004120000040800000386000004340000041300000405000004290000039900000415
00000408000004070000043600000414000003870000043500000393000004110000039400000368
00000416000003930000036200000408000004030000042100000428000004140000036700000405
00000437000004230000040400000386000004070000039800000443000003870000040100000400
00000416000003860000036400000441000003870000041700000420000003890000041500000406
00000398000004160000037100000420000004280000039700000405000004570000043300000386
00000396000003910000041500000366000003870000044800000386000004000000039900000405
00000435000004020000039300000431000003910000037300000427000003950000039000000367
00000396000004070000043000000370000003900000042400000406000003850000037100000417
00000415000003940000039200000379000003830000041400000379000003890000037000000387
00000392000003880000038100000361000004200000039500000388000004070000035400000382
00000402000003830000039300000398000003830000041300000414000003590000040300000404
00000402000003820000038300000416000003350000042500000408000004150000036500000416
00000359000004080000036500000389000003800000036600000426000003970000036700000377
00000446000003740000038500000392000003730000035800000372000003890000036200000385
00000392000003860000038400000401000004080000039100000376000004370000041100000389
00000431000003580000036700000383000004020000044600000371000004070000040500000385
00000393000004140000038600000399000004170000041200000379000003900000040500000388
00000414000004230000040100000378000003820000042600000401000003850000038900000388
00000394000003830000038400000392000004320000037300000389000003640000038300000403
00000396000004150000040300000372000003880000037500000395000003480000035700000381
00000391000004230000036300000343000004040000038800000404000003880000039200000389
00000363000003870000044000000391000003910000044300000379000004200000046100000420
00000395000004010000038500000408000003860000041000000373000003980000037300000378
00000402000003650000039800000371000004130000041000000403000004090000038300000415
00000401000003710000038600000376000003790000041100000406000004270000040200000364
00000422000003910000038900000394000003820000036300000390000003820000038100000385
00000417000004070000040400000364000004230000043000000416000003900000041000000425
00000404000003860000042700000418000004370000043600000376000003710000035700000406
00000387000003970000037900000409000004020000040300000411000003970000041200000402
00000377000004210000039500000417000004200000040000000417000004390000040800000401
00000397000003910000039200000404000004050000039200000402000003680000038100000395
00000408000003810000040700000424000004370000037900000422000003900000042800000421
00000394000004010000039300000417000004120000041300000423000004350000042300000393
00000402000004170000043000000416000003980000040200000413000004010000042500000436
00000435000003880000041000000420000004280000040600000411000004310000039100000412
00000446000003990000042100000386000004120000041400000423000004120000042100000433
00000375000003690000042500000438000003860000040400000415000004780000043800000427
00000446000004040000041400000405000004300000042000000450000004530000039200000403
00000391000003830000042700000413000004220000040300000390000004450000043400000399
00000406000004190000041600000386000004200000045700000433000004340000040600000412
00000403000004050000041600000391000004200000039100000421000004270000045500000407
00000442000004430000039000000446000004220000043000000415000004280000044100000424
00000418000003930000039400000414000004660000041900000449000004500000046700000418
00000459000004420000041300000422000004500000042800000427000004210000042000000390
00000415000004390000040300000436000004060000044300000451000004520000044100000441
00000418000004080000044900000434000004230000041800000424000004350000046100000410
00000403000003940000043200000431000004310000041600000408000004170000042900000451
00000450000004070000038900000445000004030000039100000426000004270000042500000420
00000417000004260000042800000418000004140000044400000399000004400000040200000405
00000400000004240000041800000407000004250000043200000418000003980000038300000460
00000417000004280000044200000428000004260000043500000443000004500000042000000427
00000419000004050000042900000437000004420000044300000419000004280000043300000435
00000403000004200000043300000392000004230000045400000425000004090000041600000422
00000462000004300000043800000456000004210000040100000409000004300000042600000415
00000402000004280000045500000473000004100000045800000393000004670000043200000444
00000447000004410000045100000439000004270000043300000466000004600000041800000443
00000468000004160000041100000436000004260000041100000457000004150000043400000443
00000414000004200000042800000408000004750000044400000405000003990000045300000394
00000448000004310000042300000415000003870000045500000450000004610000045000000426
00000394000004540000040000000409000004280000044800000424000004400000042000000401
00000456000004690000045900000410000004260000039500000417000004710000040500000422
00000435000004240000037700000439000004350000046700000446000004190000044500000457
00000433000004370000042600000425000004290000040700000435000004080000043000000431
00000420000004160000046100000418000004390000043500000476000004450000039100000438
00000467000004540000044600000476000004240000047500000425000004190000042400000420
00000394000004420000042800000470000004460000043000000433000004310000040900000409
00000407000004320000040500000474000004460000041400000465000003940000043900000400
00000431000004570000043900000476000004510000043200000463000004010000042500000415
00000441000004450000040700000449000004600000039900000447000004630000040000000434
00000417000004250000040200000446000004460000045000000433000004360000040300000420
00000448000004550000039000000434000004100000043600000416000003930000045500000435
00000404000003870000041400000408000004350000042400000444000004590000046600000444
00000425000004130000043400000428000004250000045100000439000004740000043300000426
00000428000004080000040100000399000004240000044500000402000003970000042300000395
00000427000004210000041500000437000004340000041300000401000004510000041500000446
00000403000004060000042100000435000004190000041000000410000004030000041400000412
00000427000003920000043600000391000004220000041800000432000004540000039300000438
00000424000004210000042100000407000004090000042400000439000003950000043600000426
00000428000004280000039300000424000004180000040500000408000004430000045300000418
00000423000004480000045800000401000004120000041700000424000003990000043700000411
00000426000003960000042100000426000004050000045300000418000004230000039700000387
00000355000003900000045800000412000003810000038500000446000004010000042500000384
00000408000004250000044100000403000004150000043400000462000004120000038400000394
00000390000003730000042000000370000004190000038400000403000003830000043400000422
00000396000003760000042600000384000004130000038200000445000004010000043400000347
00000393000003890000039800000430000004080000039100000435000004360000038100000409
00000417000003720000040200000409000004020000036200000369000004190000042700000405
00000374000004170000038700000389000004070000036200000432000004270000040400000381
00000393000004110000042600000408000004130000038700000395000003880000038500000373
00000413000003990000040800000396000003950000041200000437000003860000038000000419
00000390000003880000041200000384000003680000038700000425000004110000040000000426
00000384000004050000036200000446000003760000037800000371000003860000039200000403
00000382000004050000039400000375000004090000040600000385000004050000041900000382
00000406000003760000038000000391000003890000040600000392000004180000041700000424
00000407000004230000036200000389000003830000041700000410000003670000038900000395
00000378000003890000037900000409000003970000040700000415000003940000039600000408
00000376000003990000041900000411000004110000038500000420000004040000037900000402
00000395000003990000041000000374000003580000039000000395000003670000041500000396
00000412000003660000040100000390000003680000036600000385000004150000037500000363
00000362000004090000039900000370000003950000037600000424000003980000039500000420
00000375000003930000038700000387000004290000038700000397000003890000039100000374
00000366000003650000037900000384000003960000040200000365000004320000036400000393
00000364000003740000039400000409000004030000039400000385000003600000039400000399
00000373000003600000037600000412000004160000039000000370000004070000037600000379
00000385000003730000037800000429000003380000039000000399000003950000038500000403
00000374000004070000037400000375000003810000037600000402000004200000038300000403
00000375000003920000038100000413000004190000042600000381000003740000039000000355
00000392000004070000035300000383000004000000040500000388000004040000037700000397
00000372000003700000040000000417000004000000039000000401000003930000039500000392
00000394000004220000041800000393000003850000040400000355000004170000042000000396
00000420000003950000037100000408000003940000042600000408000004300000042500000374
00000385000004040000037900000389000003950000036600000381000003840000038200000374
00000398000004000000040200000389000004010000037900000378000003330000041800000430
00000391000004270000040600000410000003960000039300000405000004000000040300000382
00000370000003820000037500000395000004120000038700000427000004160000040000000385
00000416000003720000040300000429000003980000040900000380000004090000039900000402
00000414000003820000043300000394000003790000044800000394000004370000040700000387
00000423000003780000037100000411000003940000043100000398000004100000043100000393
00000447000003960000043700000395000004440000039500000454000003830000042600000407
00000418000004370000038500000435000004190000040400000403000004030000042100000440
00000403000003910000040500000419000004220000041600000400000003920000042200000392
00000390000004140000043100000410000004330000045000000401000004080000040000000384
00000449000004410000042100000428000004220000045200000396000004200000041000000379
00000468000003970000040900000425000004280000045300000405000004290000041300000439
00000462000003760000041500000450000003910000042700000387000004040000043300000449
00000422000003840000042000000411000004180000039100000426000003930000043200000413
00000432000004120000041900000432000004420000044100000429000004160000041600000438
00000400000004420000039000000423000004040000047800000456000004220000041700000441
00000431000004240000043400000422000004420000040900000421000004190000042700000412
00000400000004580000043900000376000004240000043000000428000004320000046700000463
00000392000003980000040800000437000003860000043600000411000004120000041800000373
00000419000004160000040600000395000004640000040000000441000004510000042100000446
00000461000004210000044800000403000004170000040800000437000004230000045100000380
00000424000004730000043700000408000004130000044800000394000004410000045700000481
00000376000004500000042000000399000004350000045700000416000004630000042800000415
00000436000004300000040000000407000004460000041200000403000004080000040900000452
00000422000004700000041300000426000004010000046200000425000004220000041900000437
00000428000004300000042700000419000004390000042800000411000004490000041500000430
00000401000004240000042100000437000004160000041700000435000004120000045700000428
00000416000004200000042300000432000004480000042500000440000004650000043400000426
00000411000004410000045000000427000004160000045700000392000004200000043900000444
00000420000004090000040900000464000004270000046500000405000004280000041300000408
00000433000004210000040800000410000004350000041800000423000004110000043800000426
00000402000004060000046300000404000004380000044600000446000004110000039800000385
00000457000004130000045200000459000004720000043800000420000004290000043200000425
00000458000004200000042900000409000004350000041000000436000003970000045100000441
00000425000004490000039200000430000004380000045100000441000004570000042300000416
00000438000004190000039700000409000003900000046300000507000004210000044000000412
00000447000004650000042400000446000004570000044500000445000004470000043100000405
00000461000004170000044000000425000004480000045500000441000004510000041200000456
00000398000004190000042300000468000004260000043100000409000004490000041300000415
00000434000004380000040900000443000003860000042500000403000004230000043700000415
00000459000004330000043900000424000004560000043300000422000004280000047400000425
00000451000004110000042600000391000004210000045400000445000004480000041700000405
00000410000004320000040700000405000003980000044200000418000004050000041900000425
00000421000004080000041800000432000004180000041800000438000004700000040200000402
00000453000003890000042200000452000004470000039500000434000004370000044500000417
00000430000004200000042200000406000004240000041900000418000004200000045500000384
00000451000004200000043600000444000003980000042000000422000004210000045100000426
00000425000004230000045000000428000004190000041500000414000004140000040300000408
00000408000003880000038700000437000003660000039700000430000003630000042800000429
00000401000003820000039300000440000004420000043800000381000004130000038800000409
00000399000004510000038700000389000004070000041000000421000003880000041000000407
00000409000004370000039600000419000004440000041100000377000004280000042000000409
00000431000004270000039600000398000004060000039500000407000004520000040500000389
00000421000004200000042500000436000004480000041100000378000003810000043800000392
00000423000003550000040000000412000004600000045400000401000003920000037400000401
00000397000004350000041000000425000004020000039100000379000004660000037700000406
00000417000004240000037300000404000004030000038800000386000004010000038700000393
00000426000003940000037000000383000004140000037900000376000003940000041000000379
00000404000004350000038400000425000004090000041200000380000003940000038900000420
00000393000003440000040400000424000004380000038400000401000003870000036800000375
00000397000003820000043200000402000003940000041600000411000003950000037100000379
00000411000004320000039900000363000004080000042500000417000003840000038800000379
00000430000003760000037300000425000004180000040400000430000003820000039600000409
00000391000003900000037600000380000004160000039000000422000003890000040500000395
00000374000004180000038100000390000004040000040300000387000003570000037200000373
00000414000003830000040500000400000003800000040600000354000003890000042400000393
00000424000003200000038200000405000003690000043000000409000003720000041900000382
00000393000003720000036000000402000004070000041900000379000004110000041400000428
00000399000004010000043700000395000003760000038400000392000003750000039200000365
00000397000003800000039000000417000003940000043600000348000004100000038400000385
00000411000003890000039500000383000003790000038000000376000003700000041400000415
00000386000003940000037200000386000004180000038600000375000004360000037800000373
00000431000003860000041600000374000004180000041800000387000003610000035900000363
00000399000003610000040300000393000003970000040100000405000003640000039500000374
00000394000004060000042600000377000004200000040100000436000003630000039400000418
00000410000003770000041600000386000003680000041700000370000003570000035800000417
00000362000003950000036600000376000003970000039400000383000004200000040700000391
00000410000003720000040800000396000003940000041700000445000003650000035900000416
00000400000004000000039900000385000003940000040700000362000004470000037900000367
00000392000003980000041900000385000003870000035200000423000003800000038900000399
00000406000003990000041600000403000003850000039900000375000004090000038100000382
00000384000004150000036500000386000003740000039500000403000003810000040400000399
00000372000004360000038600000384000004080000040200000386000003720000036100000413
00000375000004190000036300000371000004150000042100000394000003840000044100000414
00000411000003920000037600000406000004210000037000000379000004240000038800000409
00000405000003880000042000000368000004240000040700000373000003840000039800000388
00000408000003920000043200000396000004090000040000000413000003710000038800000395
00000418000003840000038400000427000003890000036900000415000003900000042300000428
00000375000003860000036300000391000004140000040400000416000003830000043200000401
00000387000003780000040100000423000004260000038000000421000004160000039500000365
00000371000003840000044900000423000003810000045300000450000003940000038000000398
00000410000004020000045700000431000003790000043200000443000004200000039800000395
00000434000004260000037900000433000004000000038600000422000003980000040700000371
00000430000004190000043700000408000004240000042700000368000004220000041200000417
00000466000004090000040500000388000004490000040000000450000004440000042500000416
00000442000004260000042800000407000004030000043400000424000004550000042900000421
00000408000004390000043000000441000004270000043300000423000004400000042800000413
00000423000004340000038400000436000004170000038100000435000004310000040200000409
00000426000004290000040100000430000003840000045100000460000004310000042300000457
00000421000004050000040300000435000004560000043800000401000004250000044600000408
00000408000004040000043400000389000004270000044400000417000004550000046800000445
00000404000004490000042100000440000004070000040300000415000004370000046400000419
00000443000004650000043100000415000004150000038600000433000004310000043500000454
00000442000004190000045300000455000004320000041800000464000004170000038500000403
00000439000004210000042600000428000004170000048500000446000004450000045900000436
00000461000004580000044800000414000004510000040800000431000004270000043600000424
00000400000004280000045300000419000004280000041700000400000004230000044500000484
00000439000004570000040100000469000004350000044100000445000004660000044600000413
00000431000004300000045000000441000004310000046900000426000004310000045100000428
00000458000004330000045200000442000004250000049300000430000004460000046600000437
00000458000004210000042300000421000004200000042400000437000004220000043600000446
00000442000004090000040900000379000003790000034300000375000003330000035500000329
00000270000002550000026200000209000001450000008000000038000000150000000400000001
00000000000000000000000300000001000000000000000100000000000000000000000000000000
00000000000000000000000000000000000000000000000000000000000000000000000000000000
00000000000000000000000000000000000000000000000000000000000000000000000000000000
00000000000000000000000000000000000000000000000000000000000000000000000000000000
00000000000000000000000000000000000000000000000000000000000000000000000000000000
00000000000000000000000000000000000000000000000000000000000000000000000000000000
00000000000000000000000000000000000000000000000000000000000000000000000000000000
00000000000000000000000000000000000000000000000000000000000000000000000000000000
00000000000000000000000000000000000000000000000000000000000000000000000000000000
00000000000000000000000000000000000000000000000000000000000000000000000000000000
00000000000000000000000000000000000000000000000000000000000000000000000000000000
00000000000000000000000000000000000000000000000000000000000000000000000000000000
00000000000000000000000000000000000000000000000000000000000000000000000000000000
00000000000000000000000000000000000000000000000000000000000000000000000000000000
00000000000000000000000000000000000000000000000000000000000000000000000000000000
00000000000000000000000000000000000000000000000000000000000000000000000000000000
00000000000000000000000000000000000000000000000000000000000000000000000000000000
00000000000000000000000000000000000000000000000000000000000000000000000000000000
00000000000000000000000000000000000000000000000000000000000000000000000000000000
00000000000000000000000000000000000000000000000000000000000000000000000000000000
00000000000000000000000000000000000000000000000000000000000000000000000000000000
00000000000000000000000000000000000000000000000000000000000000000000000000000000
00000000000000000000000000000000000000000000000000000000000000000000000000000000
00000000000000000000000000000000000000000000000000000000000000000000000000000000
00000000000000000000000000000000000000000000000000000000000000000000000000000000
00000000000000000000000000000000000000000000000000000000000000000000000000000000
00000000000000000000000000000000000000000000000000000000000000000000000000000000
00000000000000000000000000000000000000000000000000000000000000000000000000000000
00000000000000000000000000000000000000000000000000000000000000000000000000000000
00000000000000000000000000000000000000000000000000000000000000000000000000000000
00000000000000000000000000000000000000000000000000000000000000000000000000000000
00000000000000000000000000000000000000000000000000000000000000000000000000000000
00000000000000000000000000000000000000000000000000000000000000000000000000000000
00000000000000000000000000000000000000000000000000000000000000000000000000000000
00000000000000000000000000000000000000000000000000000000000000000000000000000000
00000000000000000000000000000000000000000000000000000000000000000000000000000000
00000000000000000000000000000000000000000000000000000000000000000000000000000000
00000000000000000000000000000000000000000000000000000000000000000000000000000000
00000000000000000000000000000000000000000000000000000000000000000000000000000000
00000000000000000000000000000000000000000000000000000000000000000000000000000000
00000000000000000000000000000000000000000000000000000000000000000000000000000000
00000000000000000000000000000000000000000000000000000000000000000000000000000000
00000000000000000000000000000000000000000000000000000000000000000000000000000000
00000000000000000000000000000000000000000000000000000000000000000000000000000000
00000000000000000000000000000000000000000000000000000000000000000000000000000000
00000000000000000000000000000000000000000000000000000000000000000000000000000000
00000000000000000000000000000000000000000000000000000000000000000000000000000000
00000000000000000000000000000000000000000000000000000000000000000000000000000000
00000000000000000000000000000000000000000000000000000000000000000000000000000000
00000000000000000000000000000000000000000000000000000000000000000000000000000000
00000000000000000000000000000000000000000000000000000000000000000000000000000000
00000000000000000000000000000000000000000000000000000000000000000000000000000000
00000000000000000000000000000000000000000000000000000000000000000000000000000000
00000000000000000000000000000000000000000000000000000000000000000000000000000000
00000000000000000000000000000000000000000000000000000000000000000000000000000000
00000000000000000000000000000000000000000000000000000000000000000000000000000000
00000000000000000000000000000000000000000000000000000000000000000000000000000000
00000000000000000000000000000000000000000000000000000000000000000000000000000000
00000000000000000000000000000000000000000000000000000000000000000000000000000000
00000000000000000000000000000000000000000000000000000000000000000000000000000000
000000000000000000000000000000000000000000000000