 0000101 0000021 0000000 0004095 1040720 0162403
00000000000000000000000000000000000000000000000000000000000000000000000000000000
00000000000000000000000000000000000000000000000000000000000000000000000000000000
00000000000000000000000000000000000000000000000000000000000000000000000000000000
00000000000000000000000000000000000000000000000000000000000000000000000000000000
00000000000000000000000000000000000000000000000000000000000000000000000000000000
00000000000000000000000000000000000000000000000000000000000000000000000000000000
00000000000000000000000000000000000000000000000000000000000000000000000000000000
00000000000000000000000000000000000000000000000000000000000000000000000000000000
00000000000000000000000000000000000000000000000000000000000000000000000000000000
00000000000000000000000000000000000000000000000000000000000000000000000000000000
00000000000000000000000000000000000000000000000000000000000000000000000000000000
00000000000000000000000000000000000000000000000000000000000000000000000000000000
00000000000000000000000000000000000000000000000000000000000000000000000000000000
00000000000000000000000000000000000000000000000000000000000000000000000000000000
00000000000000000000000000000000000000000000000000000000000000000000000000000000
00000000000000000000000000000000000000000000000000000000000000000000000000000000
00000000000000000000000000000000000000000000000000000000000000000000000000000000
00000000000000000000000000000000000000000000000000000000000000000000000000000000
00000000000000000000000000000000000000000000000000000000000000000000000000000000
00000000000000000000000000000000000000000000000000000000000000000000000000000000
00000000000000000000000000000000000000000000000000000000000000000000000000000000
00000000000000000000000000000000000000000000000000000000000000000000000000000000
00000000000000000000000000000000000000000000000000000000000000000000000000000000
00000000000000000000000000000000000000000000000000000000000000000000000000000000
00000000000000000000000000000000000000000000000000000000000000000000000000000000
00000000000000000000000000000000000000000000000000000000000000000000000000000000
00000000000000000000000000000000000000000000000000000000000000000000000000000000
00000000000000000000000000000000000000000000000000000000000000000000000000000000
00000000000000000000000000000000000000000000000000000000000000000000000000000000
00000000000000000000000000000000000000000000000000000000000000000000000000000000
00000000000000000000000000000000000000000000000000000000000000000000000000000000
00000000000000000000000000000000000000000000000000000000000000000000000000000000
00000000000000000000000000000000000000000000000000000000000000000000000000000000
00000000000000000000000000000000000000000000000000000000000000000000000000000000
00000000000000000000000000000000000000000000000000000000000000000000000000000000
00000000000000000000000000000000000000000000000000000000000000000000000000000000
00000000000000000000000000000000000000000000000000000000000000000000000000000000
00000000000000000000000000000000000000000000000000000000000000000000000000000000
00000000000000000000000000000000000000000000000000000000000000000000000000000000
00000000000000000000000000000000000000000000000000000000000000000000000000000000
00000000000000000000000000000000000000000000000000000000000000000000000000000000
00000000000000000000000000000000000000000000000000000000000000000000000000000000
00000000000000000000000000000000000000000000000000000000000000000000000000000000
00000000000000000000000000000000000000000000000000000000000000000000000000000000
00000000000000000000000000000000000000000000000000000000000000000000000000000000
00000000000000000000000000000000000000000000000000000000000000000000000000000000
00000000000000000000000000000000000000000000000000000000000000000000000000000000
00000000000000000000000000000000000000000000000000000000000000000000000000000000
00000000000000000000000000000000000000000000000000000000000000000000000000000000
00000000000000000000000000000000000000000000000000000000000000000000000000000000
00000000000000000000000000000000000000000000000000000000000000000000000000000000
00000000000000000000000000000000000000000000000000000000000000000000000000000000
00000000000000000000000000000000000000000000000000000000000000000000000000000000
00000000000000000000000000000000000000000000000000000000000000000000000000000000
00000000000000000000000000000000000000000000000000000000000000000000000000000000
00000000000000000000000000000000000000000000000000000000000000000000000000000000
00000000000000000000000000000000000000000000000000000000000000000000000000000000
00000000000000000000000000000000000000000000000000000000000000000000000000000000
00000000000000000000000000000000000000000000000000000000000000000000000000000000
00000000000000000000000000000000000000000000000000000000000000000000000000000000
00000000000000000000000000000000000000000000000000000000000000000000000000000000
00000000000000000000000000000000000000000000000000000000000000000000000000000000
00000000000000000000000000000000000000000000000000000000000000000000000000000000
00000000000000000000000000000000000000000000000000000000000000000000000000000000
00000000000000000000000000000000000000000000000000000000000000000000000000000000
00000000000000000000000000000000000000000000000000000000000000000000000000000000
00000000000000000000000000000000000000000000000000000000000000000000000000000000
00000000000000000000000000000000000000000000000000000000000000000000000000000000
00000000000000000000000000000000000000000000000000000000000000000000000000000000
00000000000000000000000000000000000000000000000000000000000000000000000000000000
00000000000000000000000000000000000000000000000000000000000000000000000000000000
00000000000000000000000000000000000000000000000000000000000000000000000000000000
00000000000000000000000000000000000000000000000000000000000000000000000000000000
00000000000000000000000000000000000000000000000000000000000000000000000000000000
00000000000000000000000000000000000000000000000000000000000000000000000000000000
00000000000000000000000000000000000000000000000000000000000000000000000000000000
00000000000000000000000000000000000000000000000000000000000000000000000000000000
00000000000000000000000000000000000000000000000000000000000000000000000000000000
00000000000000000000000000000000000000000000000000000000000000000000000000000000
00000000000000000000000000000000000000000000000000000000000000000000000000000000
00000000000000000000000000000000000000000000000000000000000000000000000000000000
00000000000000000000000000000000000000000000000000000000000000000000000000000000
00000000000000000000000000000000000000000000000000000000000000000000000000000000
00000000000000000000000000000000000000000000000000000000000000000000000000000000
00000000000000000000000000000000000000000000000000000000000000000000000000000000
00000000000000000000000000000000000000000000000000000000000000000000000000000000
00000000000000000000000000000000000000000000000000000000000000000000000000000000
00000000000000000000000000000000000000000000000000000000000000000000000000000000
00000000000000000000000000000000000000000000000000000000000000000000000000000000
00000000000000000000000000000000000000000000000000000000000000000000000000000000
00000000000000000000000000000000000000000000000000000000000000000000000000000000
00000000000000000000000000000000000000000000000000000000000000000000000000000000
00000000000000000000000000000000000000000000000000000000000000000000000000000000
00000000000000000000000000000000000000000000000000000000000000000000000000000000
00000000000000000000000000000000000000000000000000000000000000000000000000000000
00000000000000000000000000000000000000000000000000000000000000000000000000000000
00000000000000000000000000000000000000000000000000000000000000000000000000000000
00000000000000000000000000000000000000000000000000000000000000000000000000000000
00000000000000000000000000000000000000000000000000000000000000000000000000000000
00000000000000000000000000000000000000000000000000000000000000000000000000000000
00000000000000000000000000000000000000000000000000000000000000000000000000000000
00000000000000000000000000000000000000000000000000000000000000000000000000000000
00000000000000000000000000000000000000000000000000000000000000000000000000000000
00000000000000000000000000000000000000000000000000000000000000000000000000000000
00000000000000000000000000000000000000000000000000000000000000000000000000000000
00000000000000000000000000000000000000000000000000000000000000000000000000000000
00000000000000000000000000000000000000000000000000000000000000000000000000000000
00000000000000000000000000000000000000000000000000000000000000000000000000000000
00000000000000000000000000000000000000000000000000000000000000000000000000000000
00000000000000000000000000000000000000000000000000000000000000000000000000000000
00000000000000000000000000000000000000000000000000000000000000000000000000000000
00000000000000000000000000000000000000000000000000000000000000000000000000000000
00000000000000000000000000000000000000000000000000000000000000000000000000000000
00000000000000000000000000000000000000000000000000000000000000000000000000000000
00000000000000000000000000000000000000000000000000000000000000000000000000000000
00000000000000000000000000000000000000000000000000000000000000000000000000000000
00000000000000000000000000000000000000000000000000000000000000000000000000000000
00000000000000000000000000000000000000000000000000000000000000000000000000000000
00000000000000000000000000000000000000000000000000000000000000000000000000000000
00000000000000000000000000000000000000000000000000000000000000000000000000000000
00000000000000000000000000000000000000000000000000000000000000000000000000000000
00000000000000000000000000000000000000000000000000000000000000000000000000000000
00000000000000000000000000000000000000000000000000000000000000000000000000000000
00000000000000000000000000000000000000000000000000000000000000000000000000000000
00000000000000000000000000000000000000000000000000000000000000000000000000000000
00000000000000000000000000000000000000000000000000000000000000000000000000000000
00000000000000000000000000000000000000000000000000000000000000000000000000000000
00000000000000000000000000000000000000000000000000000000000000000000000000000000
00000000000000000000000000000000000000000000000000000000000000000000000000000000
00000000000000000000000000000000000000000000000000000000000000000000000000000000
00000000000000000000000000000000000000000000000000000000000000000000000000000000
00000000000000000000000000000000000000000000000000000000000000000000000000000000
00000000000000000000000000000000000000000000000000000000000000000000000000000000
00000000000000000000000000000000000000000000000000000000000000000000000000000000
00000000000000000000000000000000000000000000000000000000000000000000000000000000
00000000000000000000000000000000000000000000000000000000000000000000000000000000
00000000000000000000000000000000000000000000000000000000000000000000000000000000
00000000000000000000000000000000000000000000000000000000000000000000000000000000
00000000000000000000000000000000000000000000000000000000000000000000000000000000
00000000000000000000000000000000000000000000000000000000000000000000000000000000
00000000000000000000000000000000000000000000000000000000000000000000000000000000
00000000000000000000000000000000000000000000000000000000000000000000000000000000
00000000000000000000000000000000000000000000000000000000000000000000000000000000
00000000000000000000000000000000000000000000000000000000000000000000000000000000
00000000000000000000000000000000000000000000000000000000000000000000000000000000
00000000000000000000000000000000000000000000000000000000000000000000000000000000
00000000000000000000000000000000000000000000000000000000000000000000000000000000
00000000000000000000000000000000000000000000000000000000000000000000000000000000
00000000000000000000000000000000000000000000000000000000000000000000000000000000
00000000000000000000000000000000000000000000000000000000000000000000000000000000
00000000000000000000000000000000000000000000000000000000000000000000000000000000
00000000000000000000000000000000000000000000000000000000000000000000000000000000
00000000000000000000000000000000000000000000000000000000000000000000000000000000
00000000000000000000000000000000000000000000000000000000000000000000000000000000
00000000000000000000000000000000000000000000000000000000000000000000000000000000
00000000000000000000000000000000000000000000000000000000000000000000000000000000
00000000000000000000000000000000000000000000000000000000000000000000000000000000
00000000000000000000000000000000000000000000000000000000000000000000000000000000
00000000000000000000000000000000000000000000000000000000000000000000000000000000
00000000000000000000000000000000000000000000000000000000000000000000000000000000
00000000000000000000000000000000000000000000000000000000000000000000000000000000
00000000000000000000000000000000000000000000000000000000000000000000000000000000
00000000000000000000000000000000000000000000000000000000000000000000000000000000
00000000000000000000000000000000000000000000000000000000000000000000000000000000
00000000000000000000000000000000000000000000000000000000000000000000000000000000
00000000000000000000000000000000000000000000000000000000000000000000000000000000
00000000000000000000000000000000000000000000000400000113000005940000113400001540
00001462000014690000135700001367000012340000124400001194000011750000107400001127
00001024000010510000086100000984000008980000085100000771000007570000077600000754
00000698000006870000066300000624000006040000056100000587000005410000051600000495
00000473000004400000041400000428000004000000038200000372000003690000037600000347
00000364000003280000032800000324000002780000028500000257000002500000026800000262
00000234000002270000024200000245000002020000021600000197000002100000020200000220
00000219000001700000016800000168000001340000019200000165000001640000017700000143
00000173000001420000016200000173000001340000014700000162000001270000014100000146
00000137000001320000015200000158000001260000015000000152000001530000013900000164
00000165000001630000017400000158000001780000017500000155000001820000016200000169
00000168000001890000018300000192000002230000021400000224000002080000021700000248
00000244000002450000024900000249000002680000026000000270000002850000028300000296
00000287000002930000033400000327000003310000037000000351000004030000039000000411
00000411000004550000045900000491000004550000049500000518000005150000058600000542
00000629000006010000066900000577000006660000071400000734000007580000078800000817
00000822000008790000089100000947000010020000097400001093000010680000109200001169
00001186000012000000122800001307000013200000134200001469000014700000152500001565
00001611000016650000170800001819000017590000182100001877000019630000194400002022
00002080000021900000224500002375000023690000247100002457000026600000263400002765
00002804000028140000289000002900000030450000317200003149000032470000335400003438
00003446000035180000374700003695000037400000371500003886000038670000402400004125
00004105000043730000431600004410000044370000457000004577000046320000475700004819
00004898000049110000512500005088000051880000523300005392000052420000547800005409
00005523000055960000564800005650000057540000572300005852000059780000581800005909
00006117000060730000616600006100000062080000610500006317000062640000623300006220
00006377000064780000638900006415000064320000649300006388000064480000653900006538
00006769000065620000644800006693000066240000669400006493000065450000663300006740
00006656000066230000665200006705000067780000664600006676000065940000682200006652
00006657000065750000662100006594000065810000648400006594000067290000649000006551
00006512000064650000643300006464000063280000627500006449000063410000619900006239
00006314000061970000604800006162000061360000608100005973000060560000588500005936
00006069000059400000578100005899000058310000588000005774000056420000543200005607
00005440000055360000543200005509000054270000530000005307000051690000527200005259
00005229000051250000507400005010000050030000496800004887000047860000478700004857
00004647000046290000464100004596000046670000447600004412000045140000437900004434
00004330000043090000428200004207000042320000409300004150000040520000404800004014
00003784000038910000392800003781000037590000375400003799000036240000358600003611
00003512000034380000341900003485000033510000332300003314000032780000327400003354
00003125000031140000310600003099000030880000288800002976000029830000294700002847
00002859000027560000275500002721000027450000273000002793000025880000261800002645
00002602000025110000254900002537000025170000239500002355000023790000231000002237
00002321000023300000213500002238000021960000210200002157000020950000205500002052
00002062000020870000190800001950000018260000197100001874000018890000183200001817
00001739000018050000167600001674000016540000173800001648000016760000162300001659
00001535000015300000150000001512000015770000147500001494000014200000146700001444
00001408000013910000142000001319000013530000126000001335000013440000125500001266
00001227000012190000128600001162000011870000123800001131000011510000111600001109
00001113000010650000103300001076000010390000103700001003000010060000096400000962
00000978000009550000093600000924000008830000093400000911000009230000086900000849
00000851000008450000087500000813000008020000079400000842000007940000078300000710
00000779000007450000074300000747000006690000072400000683000006600000070800000718
00000683000006590000063700000618000006340000067700000601000006210000061600000570
00000569000006010000054000000577000005550000055900000598000005450000051200000549
00000514000004770000052800000472000004940000047600000523000005050000046600000476
00000453000004430000044400000424000004240000044000000413000004200000045400000440
00000385000004360000038600000379000003820000040200000417000003830000039800000375
00000374000003770000035200000373000003720000036600000320000003560000035600000316
00000343000003310000034300000312000002910000033900000325000003200000032300000300
00000309000003160000029200000317000002610000029400000275000002590000026700000269
00000243000002580000027400000250000002820000024400000253000002150000023900000222
00000265000002450000021000000201000002460000020100000205000002070000021800000222
00000185000002260000020900000200000002000000019600000196000001890000018800000207
00000151000001910000017300000165000001660000019000000159000001700000018700000154
00000159000001750000016600000158000001490000017200000155000001390000016500000147
00000148000001430000013400000147000001380000013600000139000001510000013600000137
00000154000001460000014700000143000001210000015300000114000001230000011900000128
00000121000001010000011200000118000001110000010300000109000001020000010400000113
00000127000001170000009800000114000001090000010600000105000001100000009700000100
00000091000000820000008800000091000001100000010400000084000001000000008600000098
00000091000000900000010000000087000000880000009100000077000000770000009200000072
00000089000000850000008300000091000000790000009100000080000000770000007300000083
00000069000000680000008100000081000000690000006500000069000000670000006400000067
00000072000000560000005400000068000000630000007500000059000000710000005500000066
00000069000000630000004800000047000000630000004900000052000000590000006000000053
00000060000000500000005000000045000000460000005400000050000000490000005700000057
00000047000000500000004300000053000000470000004700000046000000340000006300000048
00000038000000470000004100000055000000440000005600000043000000440000004200000045
00000060000000480000003400000037000000290000004100000035000000340000002400000038
00000029000000340000004400000036000000310000003000000045000000270000002400000032
00000030000000410000002700000040000000300000002600000037000000400000002500000034
00000031000000370000003400000026000000320000002900000025000000280000002200000034
00000024000000340000003500000027000000310000002100000034000000270000002800000027
00000033000000280000001900000023000000200000002100000028000000270000002000000025
00000029000000260000003200000015000000330000002200000026000000200000002400000019
00000022000000220000002400000030000000170000001700000029000000140000003100000021
00000023000000190000002700000027000000220000002500000023000000200000002000000020
00000023000000170000002700000016000000160000002100000026000000160000002400000018
00000018000000190000001600000029000000210000001800000020000000230000002000000016
00000019000000160000002400000017000000190000002000000012000000130000001600000014
00000022000000090000003000000024000000140000001600000012000000170000001700000010
00000014000000130000001400000007000000140000001400000011000000210000001400000015
00000018000000150000001200000016000000120000001200000010000000120000000500000015
00000007000000130000001400000009000000200000001400000012000000110000001600000006
00000012000000120000001100000019000000080000001500000014000000090000001000000013
00000020000000070000001400000011000000140000001100000011000000090000000900000014
00000008000000110000000700000012000000080000000800000002000000060000000800000011
00000003000000050000001300000011000000140000001000000011000000100000000700000012
00000010000000090000001300000008000000100000001100000008000000090000000700000009
00000009000000100000000700000004000000130000000900000010000000080000001200000010
00000009000000100000000700000012000000060000000500000011000000050000001000000006
00000005000000090000000900000008000000080000000400000010000000040000000900000010
00000006000000050000000400000009000000090000000600000010000000070000000600000008
00000005000000090000001200000010000000030000000900000009000000050000000800000002
00000006000000040000000400000006000000100000000300000007000000070000000300000007
00000007000000040000000900000006000000060000000900000004000000070000000600000004
00000006000000070000000000000001000000030000000700000007000000040000001000000005
00000005000000040000000500000007000000030000000500000005000000030000000400000002
00000006000000020000000500000002000000070000000600000005000000040000000500000003
00000005000000030000000300000005000000020000000300000009000000040000000200000008
00000001000000030000000600000005000000100000000100000002000000050000000700000005
00000007000000030000000600000002000000040000000100000004000000060000000600000003
00000005000000030000000300000006000000070000000300000007000000040000000400000006
00000005000000060000000300000004000000040000000200000002000000050000000300000004
00000004000000030000000400000003000000020000000300000005000000040000000000000005
00000002000000040000000200000007000000050000000600000003000000020000000200000002
00000002000000060000000200000000000000010000000500000003000000080000000300000004
00000003000000000000000100000004000000020000000200000006000000050000000200000003
00000001000000000000000300000005000000030000000200000003000000010000000000000002
00000002000000030000000400000003000000010000000400000002000000010000000400000005
00000004000000040000000600000002000000030000000400000002000000020000000200000003
00000002000000030000000400000004000000010000000200000001000000020000000200000002
00000004000000020000000300000003000000010000000200000002000000050000000000000001
00000001000000060000000500000003000000000000000100000004000000020000000100000004
00000001000000030000000800000001000000010000000000000002000000020000000300000002
00000004000000020000000100000002000000020000000500000005000000040000000300000001
00000000000000030000000200000000000000030000000200000002000000050000000200000004
00000001000000000000000200000002000000050000000200000002000000010000000200000001
00000001000000030000000200000004000000030000000200000002000000030000000100000001
00000000000000030000000200000001000000040000000200000004000000050000000200000002
00000005000000000000000300000001000000020000000200000002000000000000000100000002
00000000000000000000000000000001000000040000000300000002000000020000000000000002
00000006000000010000000400000001000000010000000300000002000000010000000000000001
00000001000000030000000200000002000000010000000200000003000000010000000400000001
00000001000000010000000100000002000000030000000000000002000000010000000000000001
00000001000000030000000200000002000000000000000100000001000000030000000200000000
00000001000000030000000000000002000000000000000100000001000000020000000200000001
00000003000000020000000300000000000000000000000100000001000000020000000000000001
00000004000000060000000100000000000000030000000200000001000000000000000000000001
00000003000000020000000200000004000000000000000100000000000000010000000000000004
00000003000000050000000000000000000000010000000100000002000000010000000200000002
00000006000000010000000100000002000000020000000300000001000000030000000100000000
00000002000000000000000100000003000000000000000000000001000000010000000100000001
00000001000000020000000100000001000000020000000400000001000000010000000200000000
00000001000000030000000000000000000000010000000100000000000000010000000200000004
00000002000000010000000100000001000000000000000100000001000000010000000000000001
00000002000000000000000000000003000000020000000400000000000000010000000200000002
00000003000000020000000200000001000000010000000100000001000000030000000400000002
00000001000000030000000100000002000000000000000200000002000000000000000100000001
00000002000000010000000100000000000000010000000200000001000000000000000200000001
00000001000000000000000200000003000000020000000500000003000000010000000100000000
00000000000000000000000000000006000000010000000100000000000000020000000100000003
00000002000000020000000100000002000000020000000100000000000000010000000000000002
00000001000000020000000200000000000000010000000200000001000000000000000300000000
00000002000000000000000300000001000000020000000200000000000000030000000200000002
00000006000000020000000200000004000000010000000100000001000000010000000000000001
00000001000000030000000100000002000000000000000100000002000000010000000200000001
00000001000000010000000200000000000000010000000100000000000000000000000200000000
00000000000000020000000300000002000000000000000000000000000000010000000000000000
00000000000000000000000000000000000000010000000100000000000000020000000200000004
00000002000000000000000000000001000000000000000000000001000000000000000100000001
00000000000000010000000100000002000000000000000000000000000000020000000300000003
00000003000000010000000000000000000000030000000200000002000000000000000000000001
00000000000000010000000100000000000000000000000000000001000000030000000100000000
00000002000000020000000000000001000000010000000000000000000000010000000000000001
00000001000000020000000100000000000000000000000200000001000000020000000000000001
00000000000000000000000100000001000000030000000000000001000000010000000100000001
00000000000000000000000100000000000000020000000000000003000000000000000000000001
00000002000000010000000100000002000000000000000000000001000000000000000100000001
00000001000000010000000100000000000000010000000100000001000000000000000200000000
00000001000000000000000100000000000000000000000200000000000000020000000100000001
00000001000000000000000300000001000000000000000100000001000000000000000100000001
00000001000000000000000200000000000000010000000000000002000000000000000100000000
00000000000000000000000100000001000000020000000100000000000000010000000000000000
00000000000000000000000300000001000000020000000000000001000000000000000100000001
00000001000000010000000000000000000000020000000000000000000000010000000000000001
00000001000000000000000300000000000000010000000100000001000000000000000000000000
00000001000000010000000000000000000000020000000000000002000000010000000000000000
00000001000000020000000200000001000000020000000000000000000000010000000200000000
00000000000000010000000100000001000000020000000000000000000000000000000000000002
00000000000000010000000100000001000000000000000000000001000000010000000000000000
00000001000000010000000000000001000000010000000200000002000000000000000200000002
00000000000000010000000000000000000000010000000000000000000000010000000000000001
00000000000000020000000200000000000000010000000200000002000000010000000200000000
00000000000000010000000200000000000000000000000000000001000000000000000000000000
00000000000000010000000100000000000000000000000100000001000000020000000000000000
00000000000000010000000000000000000000010000000100000000000000020000000100000000
00000001000000010000000000000001000000000000000300000000000000000000000000000001
00000000000000000000000100000003000000000000000000000000000000000000000100000001
00000000000000000000000100000000000000010000000100000000000000000000000100000000
00000003000000010000000100000001000000030000000000000001000000000000000000000000
00000001000000010000000100000002000000010000000200000003000000000000000100000001
00000000000000030000000000000000000000000000000000000001000000010000000000000000
00000001000000000000000000000001000000000000000000000000000000000000000000000000
00000001000000000000000100000000000000000000000100000001000000010000000100000002
00000002000000010000000100000001000000010000000000000000000000010000000100000001
00000000000000000000000000000000000000000000000000000000000000010000000100000001
00000000000000000000000100000000000000000000000000000002000000000000000100000000
00000001000000000000000100000001000000000000000000000001000000000000000000000000
00000000000000010000000000000001000000000000000100000000000000000000000200000000
00000000000000000000000100000000000000010000000100000000000000010000000100000000
00000001000000010000000000000000000000000000000000000000000000000000000000000000
00000000000000000000000000000000000000000000000100000000000000000000000100000000
00000000000000000000000000000001000000000000000000000001000000000000000100000000
00000000000000000000000000000000000000000000000000000001000000000000000000000000
00000001000000000000000000000000000000000000000100000000000000000000000000000001
00000001000000000000000000000000000000000000000100000001000000010000000000000000
00000000000000010000000000000000000000000000000000000000000000000000000000000001
00000001000000000000000000000001000000000000000100000002000000000000000100000000
00000001000000010000000000000000000000000000000200000000000000010000000000000001
00000001000000010000000000000000000000010000000000000000000000000000000000000001
00000000000000020000000200000001000000000000000100000000000000000000000000000001
00000001000000000000000000000001000000000000000100000001000000000000000000000001
00000000000000010000000000000001000000000000000000000000000000010000000000000000
00000000000000000000000000000001000000000000000000000001000000000000000000000000
00000000000000000000000000000001000000000000000000000000000000000000000000000002
00000000000000000000000000000000000000010000000000000000000000010000000100000000
00000000000000020000000000000000000000010000000000000000000000000000000100000001
00000000000000000000000000000000000000000000000000000000000000000000000000000000
00000000000000000000000000000000000000000000000000000000000000000000000000000000
00000000000000000000000000000000000000000000000000000000000000000000000000000000
00000000000000000000000000000000000000000000000000000000000000000000000000000000
00000000000000000000000000000000000000000000000000000000000000000000000000000000
00000000000000000000000000000000000000000000000000000000000000000000000000000000
00000000000000000000000000000000000000000000000000000000000000000000000000000000
00000000000000000000000000000000000000000000000000000000000000000000000000000000
00000000000000000000000000000000000000000000000000000000000000000000000000000000
00000000000000000000000000000000000000000000000000000000000000000000000000000000
00000000000000000000000000000000000000000000000000000000000000000000000000000000
00000000000000000000000000000000000000000000000000000000000000000000000000000000
00000000000000000000000000000000000000000000000000000000000000000000000000000000
00000000000000000000000000000000000000000000000000000000000000000000000000000000
00000000000000000000000000000000000000000000000000000000000000000000000000000000
00000000000000000000000000000000000000000000000000000000000000000000000000000000
00000000000000000000000000000000000000000000000000000000000000000000000000000000
00000000000000000000000000000000000000000000000000000000000000000000000000000000
00000000000000000000000000000000000000000000000000000000000000000000000000000000
00000000000000000000000000000000000000000000000000000000000000000000000000000000
00000000000000000000000000000000000000000000000000000000000000000000000000000000
00000000000000000000000000000000000000000000000000000000000000000000000000000000
00000000000000000000000000000000000000000000000000000000000000000000000000000000
00000000000000000000000000000000000000000000000000000000000000000000000000000000
00000000000000000000000000000000000000000000000000000000000000000000000000000000
000000000000000000000000000000000000000000000000