0  0
1  1
2  0
3  0
4  0
5  0
6  0
7  0
8  0
9  0
10  0
11  0
12  0
13  0
14  0
15  0
16  0
17  0
18  0
19  0
20  0
21  1
22  0
23  0
24  0
25  0
26  0
27  0
28  0
29  0
30  0
31  0
32  0
33  0
34  0
35  0
36  0
37  0
38  0
39  0
40  0
41  0
42  0
43  0
44  0
45  0
46  0
47  0
48  0
49  1
50  0
51  0
52  0
53  1
54  0
55  0
56  0
57  0
58  0
59  0
60  0
61  0
62  0
63  0
64  0
65  0
66  0
67  0
68  0
69  0
70  0
71  0
72  1
73  0
74  0
75  0
76  0
77  0
78  0
79  0
80  0
81  0
82  0
83  0
84  0
85  0
86  0
87  0
88  0
89  0
90  0
91  0
92  0
93  0
94  0
95  0
96  0
97  0
98  0
99  0
100  0
101  0
102  0
103  0
104  0
105  0
106  0
107  0
108  1
109  0
110  0
111  0
112  0
113  0
114  0
115  0
116  0
117  0
118  0
119  0
120  0
121  0
122  0
123  0
124  0
125  0
126  0
127  0
128  0
129  0
130  0
131  0
132  0
133  2
134  0
135  0
136  0
137  0
138  0
139  0
140  0
141  0
142  0
143  0
144  0
145  0
146  0
147  0
148  0
149  0
150  0
151  0
152  0
153  0
154  0
155  0
156  0
157  0
158  1
159  1
160  0
161  0
162  0
163  0
164  0
165  0
166  0
167  0
168  0
169  1
170  0
171  0
172  1
173  1
174  1
175  0
176  0
177  1
178  0
179  1
180  1
181  0
182  0
183  1
184  0
185  2
186  2
187  3
188  1
189  0
190  0
191  1
192  1
193  0
194  0
195  1
196  1
197  0
198  1
199  1
200  2
201  2
202  1
203  3
204  1
205  0
206  0
207  0
208  0
209  0
210  2
211  0
212  0
213  1
214  0
215  1
216  2
217  0
218  2
219  1
220  1
221  0
222  2
223  0
224  0
225  1
226  1
227  1
228  2
229  0
230  2
231  1
232  1
233  0
234  1
235  1
236  2
237  0
238  2
239  1
240  0
241  0
242  3
243  1
244  1
245  2
246  1
247  3
248  3
249  1
250  2
251  0
252  1
253  3
254  1
255  4
256  3
257  3
258  6
259  6
260  1
261  7
262  4
263  1
264  6
265  7
266  8
267  34
268  14
269  28
270  51
271  33
272  66
273  64
274  85
275  104
276  130
277  148
278  171
279  171
280  228
281  237
282  221
283  268
284  289
285  263
286  254
287  281
288  294
289  308
290  260
291  293
292  285
293  315
294  289
295  292
296  301
297  297
298  275
299  288
300  276
301  272
302  295
303  334
304  257
305  284
306  268
307  301
308  271
309  269
310  314
311  300
312  274
313  271
314  282
315  294
316  265
317  294
318  300
319  302
320  269
321  332
322  299
323  280
324  326
325  316
326  283
327  318
328  305
329  345
330  313
331  372
332  326
333  384
334  356
335  382
336  382
337  415
338  390
339  406
340  398
341  435
342  385
343  396
344  398
345  401
346  376
347  397
348  404
349  390
350  405
351  399
352  397
353  401
354  391
355  383
356  398
357  350
358  376
359  345
360  349
361  351
362  355
363  333
364  374
365  377
366  344
367  332
368  387
369  352
370  339
371  324
372  342
373  336
374  345
375  344
376  342
377  328
378  334
379  356
380  305
381  324
382  298
383  357
384  335
385  329
386  288
387  317
388  319
389  299
390  308
391  296
392  299
393  319
394  293
395  288
396  303
397  314
398  326
399  284
400  298
401  287
402  282
403  292
404  289
405  270
406  265
407  272
408  294
409  262
410  302
411  269
412  298
413  292
414  285
415  234
416  231
417  283
418  253
419  272
420  255
421  269
422  259
423  261
424  246
425  238
426  277
427  238
428  231
429  223
430  273
431  222
432  244
433  234
434  222
435  204
436  230
437  220
438  219
439  218
440  239
441  208
442  225
443  213
444  219
445  209
446  209
447  201
448  219
449  202
450  220
451  228
452  188
453  226
454  207
455  221
456  184
457  196
458  172
459  226
460  213
461  203
462  195
463  225
464  213
465  233
466  188
467  223
468  170
469  181
470  187
471  209
472  195
473  203
474  190
475  195
476  187
477  167
478  181
479  211
480  200
481  191
482  203
483  167
484  189
485  188
486  183
487  183
488  178
489  173
490  189
491  178
492  176
493  160
494  184
495  155
496  166
497  161
498  166
499  139
500  186
501  168
502  189
503  159
504  159
505  167
506  166
507  161
508  172
509  157
510  183
511  156
512  160
513  169
514  164
515  178
516  150
517  170
518  152
519  172
520  136
521  157
522  167
523  144
524  155
525  150
526  149
527  142
528  143
529  141
530  149
531  146
532  158
533  136
534  138
535  158
536  127
537  162
538  147
539  156
540  145
541  136
542  153
543  132
544  126
545  144
546  145
547  133
548  135
549  157
550  148
551  132
552  143
553  159
554  134
555  138
556  123
557  124
558  131
559  141
560  136
561  158
562  144
563  120
564  126
565  121
566  133
567  126
568  146
569  102
570  156
571  128
572  121
573  116
574  120
575  134
576  118
577  125
578  129
579  113
580  118
581  115
582  119
583  128
584  131
585  143
586  113
587  133
588  133
589  112
590  124
591  107
592  124
593  121
594  117
595  134
596  113
597  126
598  112
599  97
600  119
601  137
602  119
603  126
604  95
605  109
606  96
607  103
608  116
609  103
610  114
611  108
612  121
613  111
614  121
615  117
616  111
617  99
618  121
619  109
620  94
621  114
622  116
623  116
624  118
625  117
626  116
627  87
628  115
629  96
630  106
631  98
632  116
633  127
634  99
635  101
636  119
637  89
638  83
639  106
640  112
641  89
642  104
643  97
644  93
645  92
646  80
647  83
648  99
649  83
650  93
651  99
652  83
653  87
654  85
655  77
656  84
657  104
658  86
659  85
660  91
661  93
662  73
663  99
664  95
665  74
666  77
667  80
668  77
669  95
670  75
671  96
672  86
673  75
674  80
675  75
676  92
677  79
678  78
679  72
680  74
681  73
682  73
683  66
684  77
685  63
686  65
687  89
688  60
689  57
690  70
691  64
692  80
693  75
694  67
695  76
696  59
697  65
698  61
699  71
700  54
701  54
702  61
703  66
704  57
705  81
706  65
707  63
708  58
709  77
710  60
711  59
712  58
713  66
714  60
715  61
716  57
717  46
718  60
719  78
720  63
721  69
722  77
723  67
724  60
725  60
726  69
727  48
728  61
729  52
730  61
731  45
732  40
733  58
734  67
735  62
736  56
737  45
738  50
739  59
740  60
741  50
742  61
743  45
744  62
745  51
746  51
747  52
748  72
749  48
750  57
751  56
752  58
753  69
754  45
755  58
756  51
757  70
758  54
759  50
760  50
761  42
762  46
763  45
764  59
765  48
766  45
767  55
768  39
769  52
770  40
771  50
772  39
773  55
774  42
775  52
776  55
777  42
778  47
779  54
780  49
781  40
782  44
783  55
784  39
785  44
786  45
787  49
788  39
789  61
790  66
791  55
792  54
793  50
794  41
795  48
796  53
797  40
798  64
799  38
800  45
801  72
802  47
803  56
804  49
805  53
806  49
807  48
808  43
809  56
810  47
811  43
812  52
813  60
814  57
815  43
816  55
817  48
818  47
819  45
820  43
821  42
822  43
823  53
824  64
825  59
826  40
827  42
828  48
829  48
830  42
831  51
832  57
833  46
834  39
835  43
836  54
837  42
838  56
839  52
840  56
841  46
842  54
843  43
844  40
845  47
846  49
847  37
848  31
849  39
850  40
851  47
852  48
853  43
854  34
855  43
856  35
857  50
858  35
859  52
860  53
861  52
862  45
863  35
864  41
865  46
866  39
867  44
868  46
869  45
870  44
871  39
872  42
873  45
874  46
875  45
876  48
877  36
878  42
879  45
880  38
881  43
882  50
883  45
884  47
885  49
886  44
887  52
888  50
889  32
890  36
891  25
892  40
893  44
894  46
895  49
896  43
897  42
898  43
899  58
900  44
901  33
902  48
903  46
904  45
905  39
906  45
907  38
908  41
909  46
910  32
911  42
912  51
913  60
914  52
915  40
916  53
917  45
918  47
919  47
920  43
921  43
922  45
923  39
924  37
925  46
926  46
927  31
928  56
929  45
930  37
931  39
932  44
933  43
934  28
935  43
936  41
937  35
938  39
939  46
940  44
941  42
942  45
943  45
944  50
945  37
946  40
947  38
948  37
949  47
950  46
951  45
952  44
953  38
954  49
955  39
956  56
957  42
958  37
959  56
960  39
961  36
962  54
963  42
964  52
965  49
966  39
967  48
968  36
969  39
970  38
971  45
972  36
973  41
974  33
975  47
976  44
977  38
978  53
979  40
980  39
981  50
982  39
983  49
984  41
985  32
986  37
987  48
988  44
989  49
990  36
991  47
992  38
993  45
994  43
995  38
996  52
997  40
998  48
999  29
1000  35
1001  39
1002  47
1003  46
1004  43
1005  34
1006  52
1007  49
1008  54
1009  45
1010  41
1011  45
1012  31
1013  36
1014  44
1015  47
1016  59
1017  46
1018  44
1019  55
1020  45
1021  34
1022  44
1023  31
1024  48
1025  38
1026  51
1027  43
1028  29
1029  35
1030  45
1031  43
1032  43
1033  32
1034  38
1035  49
1036  44
1037  38
1038  42
1039  36
1040  47
1041  29
1042  36
1043  36
1044  33
1045  42
1046  37
1047  40
1048  49
1049  39
1050  40
1051  56
1052  41
1053  29
1054  49
1055  48
1056  34
1057  43
1058  46
1059  31
1060  40
1061  54
1062  47
1063  37
1064  52
1065  43
1066  59
1067  39
1068  49
1069  53
1070  37
1071  44
1072  44
1073  46
1074  47
1075  41
1076  44
1077  37
1078  46
1079  37
1080  43
1081  41
1082  49
1083  40
1084  43
1085  43
1086  39
1087  45
1088  31
1089  46
1090  39
1091  25
1092  48
1093  32
1094  49
1095  32
1096  41
1097  39
1098  41
1099  42
1100  38
1101  49
1102  49
1103  42
1104  45
1105  40
1106  28
1107  38
1108  25
1109  39
1110  36
1111  49
1112  57
1113  43
1114  49
1115  46
1116  50
1117  46
1118  33
1119  53
1120  31
1121  41
1122  45
1123  50
1124  36
1125  34
1126  48
1127  43
1128  45
1129  38
1130  36
1131  40
1132  39
1133  39
1134  43
1135  41
1136  33
1137  50
1138  49
1139  37
1140  40
1141  36
1142  42
1143  45
1144  42
1145  44
1146  49
1147  42
1148  39
1149  54
1150  44
1151  40
1152  46
1153  42
1154  58
1155  54
1156  43
1157  49
1158  38
1159  37
1160  49
1161  37
1162  35
1163  37
1164  34
1165  44
1166  44
1167  38
1168  32
1169  40
1170  35
1171  33
1172  47
1173  48
1174  49
1175  39
1176  42
1177  47
1178  35
1179  41
1180  45
1181  44
1182  40
1183  50
1184  34
1185  40
1186  26
1187  49
1188  42
1189  43
1190  36
1191  37
1192  45
1193  37
1194  34
1195  39
1196  37
1197  45
1198  55
1199  37
1200  40
1201  47
1202  31
1203  41
1204  39
1205  40
1206  28
1207  37
1208  48
1209  40
1210  47
1211  40
1212  42
1213  44
1214  37
1215  33
1216  34
1217  46
1218  53
1219  44
1220  37
1221  49
1222  50
1223  44
1224  43
1225  34
1226  30
1227  53
1228  39
1229  28
1230  46
1231  41
1232  39
1233  35
1234  44
1235  35
1236  29
1237  35
1238  33
1239  37
1240  38
1241  31
1242  43
1243  26
1244  39
1245  35
1246  36
1247  35
1248  43
1249  26
1250  31
1251  41
1252  21
1253  33
1254  39
1255  47
1256  47
1257  26
1258  34
1259  30
1260  44
1261  49
1262  31
1263  38
1264  40
1265  32
1266  32
1267  36
1268  35
1269  28
1270  34
1271  38
1272  28
1273  46
1274  26
1275  22
1276  42
1277  36
1278  30
1279  33
1280  28
1281  24
1282  37
1283  24
1284  40
1285  21
1286  41
1287  31
1288  31
1289  38
1290  38
1291  28
1292  30
1293  28
1294  33
1295  40
1296  26
1297  34
1298  26
1299  28
1300  34
1301  28
1302  24
1303  28
1304  33
1305  28
1306  18
1307  34
1308  22
1309  36
1310  28
1311  32
1312  30
1313  36
1314  37
1315  35
1316  27
1317  24
1318  26
1319  24
1320  23
1321  27
1322  27
1323  36
1324  20
1325  27
1326  28
1327  22
1328  17
1329  31
1330  27
1331  21
1332  28
1333  23
1334  29
1335  20
1336  26
1337  31
1338  26
1339  17
1340  32
1341  28
1342  16
1343  18
1344  24
1345  25
1346  20
1347  40
1348  26
1349  25
1350  34
1351  26
1352  21
1353  23
1354  28
1355  21
1356  22
1357  14
1358  24
1359  20
1360  25
1361  18
1362  15
1363  26
1364  18
1365  13
1366  18
1367  18
1368  19
1369  25
1370  24
1371  21
1372  26
1373  20
1374  20
1375  22
1376  31
1377  19
1378  16
1379  27
1380  21
1381  18
1382  21
1383  19
1384  24
1385  20
1386  17
1387  19
1388  8
1389  16
1390  26
1391  17
1392  25
1393  18
1394  16
1395  22
1396  25
1397  18
1398  22
1399  24
1400  18
1401  13
1402  20
1403  18
1404  18
1405  28
1406  18
1407  19
1408  16
1409  19
1410  17
1411  30
1412  22
1413  22
1414  18
1415  16
1416  15
1417  21
1418  15
1419  20
1420  17
1421  16
1422  14
1423  22
1424  13
1425  13
1426  15
1427  16
1428  14
1429  19
1430  14
1431  20
1432  13
1433  17
1434  15
1435  18
1436  7
1437  12
1438  20
1439  10
1440  19
1441  12
1442  17
1443  13
1444  14
1445  17
1446  15
1447  19
1448  17
1449  16
1450  19
1451  12
1452  11
1453  19
1454  16
1455  12
1456  10
1457  16
1458  14
1459  12
1460  18
1461  13
1462  7
1463  10
1464  10
1465  17
1466  12
1467  10
1468  11
1469  7
1470  5
1471  12
1472  16
1473  25
1474  9
1475  12
1476  12
1477  5
1478  11
1479  11
1480  7
1481  11
1482  13
1483  15
1484  11
1485  10
1486  6
1487  11
1488  13
1489  14
1490  12
1491  15
1492  10
1493  9
1494  13
1495  8
1496  11
1497  23
1498  8
1499  12
1500  11
1501  16
1502  8
1503  9
1504  10
1505  7
1506  9
1507  6
1508  6
1509  6
1510  15
1511  7
1512  7
1513  4
1514  5
1515  11
1516  15
1517  12
1518  10
1519  8
1520  15
1521  8
1522  9
1523  8
1524  11
1525  7
1526  9
1527  11
1528  8
1529  9
1530  5
1531  9
1532  8
1533  7
1534  5
1535  7
1536  10
1537  11
1538  5
1539  5
1540  10
1541  5
1542  9
1543  5
1544  4
1545  8
1546  5
1547  6
1548  13
1549  9
1550  8
1551  6
1552  8
1553  6
1554  3
1555  8
1556  8
1557  8
1558  10
1559  7
1560  5
1561  9
1562  8
1563  8
1564  6
1565  10
1566  13
1567  5
1568  9
1569  5
1570  6
1571  11
1572  5
1573  3
1574  8
1575  2
1576  8
1577  9
1578  5
1579  9
1580  3
1581  2
1582  6
1583  7
1584  11
1585  3
1586  5
1587  4
1588  5
1589  3
1590  6
1591  3
1592  8
1593  5
1594  5
1595  8
1596  9
1597  6
1598  4
1599  6
1600  8
1601  3
1602  6
1603  7
1604  4
1605  4
1606  5
1607  6
1608  5
1609  6
1610  5
1611  5
1612  4
1613  5
1614  9
1615  2
1616  1
1617  6
1618  2
1619  8
1620  5
1621  9
1622  4
1623  5
1624  7
1625  6
1626  2
1627  4
1628  5
1629  5
1630  6
1631  8
1632  3
1633  7
1634  8
1635  4
1636  3
1637  3
1638  4
1639  3
1640  3
1641  4
1642  5
1643  3
1644  2
1645  2
1646  4
1647  3
1648  4
1649  0
1650  3
1651  5
1652  2
1653  1
1654  3
1655  3
1656  2
1657  9
1658  0
1659  3
1660  3
1661  2
1662  4
1663  3
1664  5
1665  4
1666  2
1667  5
1668  5
1669  0
1670  3
1671  2
1672  3
1673  2
1674  3
1675  4
1676  5
1677  3
1678  9
1679  5
1680  5
1681  3
1682  1
1683  4
1684  3
1685  4
1686  1
1687  1
1688  1
1689  1
1690  5
1691  3
1692  2
1693  1
1694  2
1695  4
1696  2
1697  2
1698  2
1699  5
1700  2
1701  4
1702  1
1703  1
1704  5
1705  1
1706  1
1707  3
1708  2
1709  3
1710  0
1711  4
1712  2
1713  2
1714  6
1715  2
1716  1
1717  2
1718  2
1719  3
1720  1
1721  1
1722  0
1723  0
1724  0
1725  1
1726  2
1727  0
1728  2
1729  3
1730  2
1731  0
1732  2
1733  1
1734  1
1735  0
1736  0
1737  1
1738  1
1739  1
1740  2
1741  7
1742  2
1743  1
1744  0
1745  2
1746  3
1747  1
1748  3
1749  3
1750  2
1751  3
1752  2
1753  1
1754  1
1755  2
1756  0
1757  0
1758  0
1759  1
1760  1
1761  0
1762  1
1763  2
1764  0
1765  2
1766  2
1767  2
1768  3
1769  1
1770  1
1771  1
1772  2
1773  5
1774  3
1775  0
1776  1
1777  2
1778  3
1779  4
1780  3
1781  2
1782  1
1783  2
1784  2
1785  1
1786  1
1787  1
1788  1
1789  1
1790  0
1791  0
1792  1
1793  1
1794  0
1795  0
1796  0
1797  2
1798  1
1799  0
1800  0
1801  1
1802  0
1803  1
1804  1
1805  2
1806  2
1807  2
1808  1
1809  0
1810  0
1811  1
1812  2
1813  1
1814  2
1815  0
1816  3
1817  0
1818  0
1819  0
1820  0
1821  2
1822  0
1823  0
1824  1
1825  1
1826  1
1827  2
1828  1
1829  2
1830  5
1831  0
1832  1
1833  0
1834  0
1835  1
1836  0
1837  0
1838  0
1839  0
1840  1
1841  0
1842  0
1843  0
1844  0
1845  1
1846  1
1847  0
1848  1
1849  0
1850  2
1851  3
1852  0
1853  1
1854  1
1855  0
1856  0
1857  2
1858  1
1859  1
1860  1
1861  3
1862  0
1863  1
1864  1
1865  2
1866  0
1867  0
1868  0
1869  1
1870  0
1871  1
1872  0
1873  0
1874  0
1875  0
1876  0
1877  0
1878  1
1879  0
1880  0
1881  0
1882  1
1883  2
1884  0
1885  1
1886  0
1887  0
1888  0
1889  0
1890  0
1891  0
1892  0
1893  1
1894  2
1895  0
1896  2
1897  0
1898  1
1899  1
1900  0
1901  1
1902  1
1903  0
1904  1
1905  1
1906  2
1907  1
1908  0
1909  1
1910  0
1911  2
1912  1
1913  0
1914  0
1915  1
1916  0
1917  0
1918  1
1919  0
1920  1
1921  0
1922  0
1923  0
1924  0
1925  0
1926  0
1927  0
1928  0
1929  1
1930  0
1931  0
1932  0
1933  0
1934  1
1935  0
1936  0
1937  3
1938  1
1939  0
1940  0
1941  1
1942  0
1943  0
1944  0
1945  0
1946  0
1947  1
1948  1
1949  0
1950  0
1951  0
1952  1
1953  2
1954  1
1955  0
1956  0
1957  0
1958  0
1959  0
1960  0
1961  1
1962  0
1963  0
1964  1
1965  1
1966  0
1967  1
1968  0
1969  0
1970  0
1971  1
1972  1
1973  0
1974  0
1975  0
1976  0
1977  0
1978  1
1979  0
1980  0
1981  0
1982  1
1983  0
1984  0
1985  0
1986  0
1987  0
1988  0
1989  0
1990  0
1991  1
1992  0
1993  0
1994  0
1995  0
1996  0
1997  0
1998  1
1999  0
2000  2
2001  0
2002  0
2003  1
2004  0
2005  1
2006  0
2007  0
2008  0
2009  0
2010  0
2011  0
2012  0
2013  0
2014  0
2015  0
2016  0
2017  0
2018  0
2019  0
2020  1
2021  0
2022  0
2023  0
2024  1
2025  0
2026  0
2027  0
2028  1
2029  0
2030  1
2031  1
2032  0
2033  0
2034  0
2035  1
2036  0
2037  0
2038  0
2039  0
2040  1
2041  0
2042  0
2043  0
2044  1
2045  0
2046  0
2047  0
2048  0
2049  0
2050  0
2051  0
2052  0
2053  0
2054  0
2055  0
2056  0
2057  0
2058  0
2059  0
2060  0
2061  1
2062  0
2063  0
2064  0
2065  1
2066  0
2067  0
2068  0
2069  0
2070  0
2071  0
2072  0
2073  0
2074  0
2075  1
2076  0
2077  0
2078  0
2079  0
2080  1
2081  0
2082  0
2083  1
2084  0
2085  0
2086  1
2087  0
2088  0
2089  2
2090  0
2091  0
2092  0
2093  0
2094  0
2095  0
2096  0
2097  0
2098  0
2099  0
2100  0
2101  0
2102  0
2103  0
2104  0
2105  0
2106  0
2107  0
2108  0
2109  0
2110  0
2111  0
2112  0
2113  0
2114  0
2115  0
2116  0
2117  0
2118  0
2119  0
2120  0
2121  0
2122  0
2123  0
2124  0
2125  0
2126  0
2127  0
2128  0
2129  0
2130  0
2131  0
2132  0
2133  0
2134  0
2135  0
2136  1
2137  0
2138  0
2139  0
2140  0
2141  0
2142  0
2143  0
2144  0
2145  0
2146  0
2147  0
2148  0
2149  0
2150  0
2151  0
2152  0
2153  1
2154  0
2155  0
2156  0
2157  0
2158  0
2159  0
2160  0
2161  0
2162  0
2163  0
2164  0
2165  0
2166  0
2167  0
2168  0
2169  0
2170  0
2171  0
2172  0
2173  0
2174  0
2175  0
2176  0
2177  0
2178  0
2179  0
2180  0
2181  1
2182  0
2183  0
2184  0
2185  0
2186  0
2187  0
2188  0
2189  0
2190  0
2191  0
2192  0
2193  0
2194  0
2195  0
2196  0
2197  0
2198  0
2199  0
2200  0
2201  0
2202  0
2203  0
2204  0
2205  0
2206  0
2207  0
2208  0
2209  1
2210  0
2211  0
2212  0
2213  0
2214  0
2215  0
2216  0
2217  0
2218  0
2219  0
2220  0
2221  0
2222  0
2223  0
2224  0
2225  0
2226  0
2227  0
2228  1
2229  0
2230  0
2231  0
2232  0
2233  0
2234  0
2235  0
2236  0
2237  1
2238  0
2239  0
2240  0
2241  0
2242  0
2243  0
2244  0
2245  0
2246  0
2247  0
2248  1
2249  0
2250  0
2251  0
2252  0
2253  0
2254  0
2255  0
2256  0
2257  0
2258  0
2259  0
2260  0
2261  0
2262  0
2263  0
2264  0
2265  0
2266  0
2267  0
2268  0
2269  0
2270  0
2271  0
2272  0
2273  0
2274  0
2275  0
2276  0
2277  0
2278  0
2279  0
2280  0
2281  0
2282  0
2283  0
2284  0
2285  0
2286  0
2287  0
2288  0
2289  0
2290  0
2291  0
2292  0
2293  0
2294  0
2295  0
2296  0
2297  0
2298  0
2299  0
2300  0
2301  0
2302  0
2303  0
2304  0
2305  0
2306  0
2307  0
2308  0
2309  0
2310  0
2311  0
2312  0
2313  0
2314  0
2315  0
2316  0
2317  0
2318  0
2319  0
2320  0
2321  0
2322  0
2323  0
2324  0
2325  0
2326  0
2327  0
2328  0
2329  0
2330  0
2331  0
2332  0
2333  0
2334  0
2335  0
2336  0
2337  0
2338  0
2339  0
2340  0
2341  0
2342  0
2343  0
2344  0
2345  0
2346  0
2347  0
2348  0
2349  0
2350  0
2351  0
2352  0
2353  0
2354  0
2355  0
2356  0
2357  0
2358  0
2359  0
2360  0
2361  0
2362  0
2363  0
2364  0
2365  0
2366  0
2367  0
2368  0
2369  0
2370  0
2371  0
2372  0
2373  0
2374  0
2375  0
2376  0
2377  0
2378  0
2379  0
2380  0
2381  0
2382  0
2383  0
2384  0
2385  0
2386  0
2387  0
2388  0
2389  0
2390  0
2391  0
2392  0
2393  0
2394  0
2395  0
2396  0
2397  0
2398  0
2399  0
2400  0
2401  0
2402  0
2403  0
2404  0
2405  0
2406  0
2407  0
2408  0
2409  0
2410  0
2411  0
2412  0
2413  0
2414  0
2415  0
2416  0
2417  0
2418  0
2419  0
2420  0
2421  0
2422  0
2423  0
2424  0
2425  0
2426  0
2427  0
2428  0
2429  0
2430  0
2431  0
2432  0
2433  0
2434  0
2435  0
2436  0
2437  0
2438  0
2439  0
2440  0
2441  0
2442  0
2443  0
2444  0
2445  0
2446  0
2447  0
2448  0
2449  0
2450  0
2451  0
2452  0
2453  0
2454  0
2455  0
2456  0
2457  0
2458  0
2459  0
2460  0
2461  0
2462  0
2463  0
2464  0
2465  0
2466  0
2467  0
2468  0
2469  0
2470  0
2471  0
2472  0
2473  0
2474  0
2475  0
2476  0
2477  0
2478  0
2479  0
2480  0
2481  0
2482  0
2483  0
2484  0
2485  0
2486  0
2487  0
2488  0
2489  0
2490  0
2491  0
2492  0
2493  0
2494  0
2495  0
2496  0
2497  0
2498  0
2499  0
2500  0
2501  0
2502  0
2503  0
2504  0
2505  0
2506  0
2507  0
2508  0
2509  0
2510  0
2511  0
2512  0
2513  0
2514  0
2515  0
2516  0
2517  0
2518  0
2519  0
2520  0
2521  0
2522  0
2523  0
2524  0
2525  0
2526  0
2527  0
2528  0
2529  0
2530  0
2531  0
2532  0
2533  0
2534  0
2535  0
2536  0
2537  0
2538  0
2539  0
2540  0
2541  0
2542  0
2543  0
2544  0
2545  0
2546  0
2547  0
2548  0
2549  0
2550  0
2551  0
2552  0
2553  0
2554  0
2555  0
2556  0
2557  0
2558  0
2559  0
2560  0
2561  0
2562  0
2563  0
2564  0
2565  0
2566  0
2567  0
2568  0
2569  0
2570  0
2571  0
2572  0
2573  0
2574  0
2575  0
2576  0
2577  0
2578  0
2579  0
2580  0
2581  0
2582  0
2583  0
2584  0
2585  0
2586  0
2587  0
2588  0
2589  0
2590  0
2591  0
2592  0
2593  0
2594  0
2595  0
2596  0
2597  0
2598  0
2599  0
2600  0
2601  0
2602  0
2603  0
2604  0
2605  0
2606  0
2607  0
2608  0
2609  0
2610  0
2611  0
2612  0
2613  0
2614  0
2615  0
2616  0
2617  0
2618  0
2619  0
2620  0
2621  0
2622  0
2623  0
2624  0
2625  0
2626  0
2627  0
2628  0
2629  0
2630  0
2631  0
2632  0
2633  0
2634  0
2635  0
2636  0
2637  0
2638  0
2639  0
2640  0
2641  0
2642  0
2643  0
2644  0
2645  0
2646  0
2647  0
2648  0
2649  0
2650  0
2651  0
2652  0
2653  0
2654  0
2655  0
2656  0
2657  0
2658  0
2659  0
2660  0
2661  0
2662  0
2663  0
2664  0
2665  0
2666  0
2667  0
2668  0
2669  0
2670  0
2671  0
2672  0
2673  0
2674  0
2675  0
2676  0
2677  0
2678  0
2679  0
2680  0
2681  0
2682  0
2683  0
2684  0
2685  0
2686  0
2687  0
2688  0
2689  0
2690  0
2691  0
2692  0
2693  0
2694  0
2695  0
2696  0
2697  0
2698  0
2699  0
2700  0
2701  0
2702  0
2703  0
2704  0
2705  0
2706  0
2707  0
2708  0
2709  0
2710  0
2711  0
2712  0
2713  0
2714  0
2715  0
2716  0
2717  0
2718  0
2719  0
2720  0
2721  0
2722  0
2723  0
2724  0
2725  0
2726  0
2727  0
2728  0
2729  0
2730  0
2731  0
2732  0
2733  0
2734  0
2735  0
2736  0
2737  0
2738  0
2739  0
2740  0
2741  0
2742  0
2743  0
2744  0
2745  0
2746  0
2747  0
2748  0
2749  0
2750  0
2751  0
2752  0
2753  0
2754  0
2755  0
2756  0
2757  0
2758  0
2759  0
2760  0
2761  0
2762  0
2763  0
2764  0
2765  0
2766  0
2767  0
2768  0
2769  0
2770  0
2771  0
2772  0
2773  0
2774  0
2775  0
2776  0
2777  0
2778  0
2779  0
2780  0
2781  0
2782  0
2783  0
2784  0
2785  0
2786  0
2787  0
2788  0
2789  0
2790  0
2791  0
2792  0
2793  0
2794  0
2795  0
2796  0
2797  0
2798  0
2799  0
2800  0
2801  0
2802  0
2803  0
2804  0
2805  0
2806  0
2807  0
2808  0
2809  0
2810  0
2811  0
2812  0
2813  0
2814  0
2815  0
2816  0
2817  0
2818  0
2819  0
2820  0
2821  0
2822  0
2823  0
2824  0
2825  0
2826  0
2827  0
2828  0
2829  0
2830  0
2831  0
2832  0
2833  0
2834  0
2835  0
2836  0
2837  0
2838  0
2839  0
2840  0
2841  0
2842  0
2843  0
2844  0
2845  0
2846  0
2847  0
2848  0
2849  0
2850  0
2851  0
2852  0
2853  0
2854  0
2855  0
2856  0
2857  0
2858  0
2859  0
2860  0
2861  0
2862  0
2863  0
2864  0
2865  0
2866  0
2867  0
2868  0
2869  0
2870  0
2871  0
2872  0
2873  0
2874  0
2875  0
2876  0
2877  0
2878  0
2879  0
2880  0
2881  0
2882  0
2883  0
2884  0
2885  0
2886  0
2887  0
2888  0
2889  0
2890  0
2891  0
2892  0
2893  0
2894  0
2895  0
2896  0
2897  0
2898  0
2899  0
2900  0
2901  0
2902  0
2903  0
2904  0
2905  0
2906  0
2907  0
2908  0
2909  0
2910  0
2911  0
2912  0
2913  0
2914  0
2915  0
2916  0
2917  0
2918  0
2919  0
2920  0
2921  0
2922  0
2923  0
2924  0
2925  0
2926  0
2927  0
2928  0
2929  0
2930  0
2931  0
2932  0
2933  0
2934  0
2935  0
2936  0
2937  0
2938  0
2939  0
2940  0
2941  0
2942  0
2943  0
2944  0
2945  0
2946  0
2947  0
2948  0
2949  0
2950  0
2951  0
2952  0
2953  0
2954  0
2955  0
2956  0
2957  0
2958  0
2959  0
2960  0
2961  0
2962  0
2963  0
2964  0
2965  0
2966  0
2967  0
2968  0
2969  0
2970  0
2971  0
2972  0
2973  0
2974  0
2975  0
2976  0
2977  0
2978  0
2979  0
2980  0
2981  0
2982  0
2983  0
2984  0
2985  0
2986  0
2987  0
2988  0
2989  0
2990  0
2991  0
2992  0
2993  0
2994  0
2995  0
2996  0
2997  0
2998  0
2999  0
3000  0
3001  0
3002  0
3003  0
3004  0
3005  0
3006  0
3007  0
3008  0
3009  0
3010  0
3011  0
3012  0
3013  0
3014  0
3015  0
3016  0
3017  0
3018  0
3019  0
3020  0
3021  0
3022  0
3023  0
3024  0
3025  0
3026  0
3027  0
3028  0
3029  0
3030  0
3031  0
3032  0
3033  0
3034  0
3035  0
3036  0
3037  0
3038  0
3039  0
3040  0
3041  0
3042  0
3043  0
3044  0
3045  0
3046  0
3047  0
3048  0
3049  0
3050  0
3051  0
3052  0
3053  0
3054  0
3055  0
3056  0
3057  0
3058  0
3059  0
3060  0
3061  0
3062  0
3063  0
3064  0
3065  0
3066  0
3067  0
3068  0
3069  0
3070  0
3071  0
3072  0
3073  0
3074  0
3075  0
3076  0
3077  0
3078  0
3079  0
3080  0
3081  0
3082  0
3083  0
3084  0
3085  0
3086  0
3087  0
3088  0
3089  0
3090  0
3091  0
3092  0
3093  0
3094  0
3095  0
3096  0
3097  0
3098  0
3099  0
3100  0
3101  0
3102  0
3103  0
3104  0
3105  0
3106  0
3107  0
3108  0
3109  0
3110  0
3111  0
3112  0
3113  0
3114  0
3115  0
3116  0
3117  0
3118  0
3119  0
3120  0
3121  0
3122  0
3123  0
3124  0
3125  0
3126  0
3127  0
3128  0
3129  0
3130  0
3131  0
3132  0
3133  0
3134  0
3135  0
3136  0
3137  0
3138  0
3139  0
3140  0
3141  0
3142  0
3143  0
3144  0
3145  0
3146  0
3147  0
3148  0
3149  0
3150  0
3151  0
3152  0
3153  0
3154  0
3155  0
3156  0
3157  0
3158  0
3159  0
3160  0
3161  0
3162  0
3163  0
3164  0
3165  0
3166  0
3167  0
3168  0
3169  0
3170  0
3171  0
3172  0
3173  0
3174  0
3175  0
3176  0
3177  0
3178  0
3179  0
3180  0
3181  0
3182  0
3183  0
3184  0
3185  0
3186  0
3187  0
3188  0
3189  0
3190  0
3191  0
3192  0
3193  0
3194  0
3195  0
3196  0
3197  0
3198  0
3199  0
3200  0
3201  0
3202  0
3203  0
3204  0
3205  0
3206  0
3207  0
3208  0
3209  0
3210  0
3211  0
3212  0
3213  0
3214  0
3215  0
3216  0
3217  0
3218  0
3219  0
3220  0
3221  0
3222  0
3223  0
3224  0
3225  0
3226  0
3227  0
3228  0
3229  0
3230  0
3231  0
3232  0
3233  0
3234  0
3235  0
3236  0
3237  0
3238  0
3239  0
3240  0
3241  0
3242  0
3243  0
3244  0
3245  0
3246  0
3247  0
3248  0
3249  0
3250  0
3251  0
3252  0
3253  0
3254  0
3255  0
3256  0
3257  0
3258  0
3259  0
3260  0
3261  0
3262  0
3263  0
3264  0
3265  0
3266  0
3267  0
3268  0
3269  0
3270  0
3271  0
3272  0
3273  0
3274  0
3275  0
3276  0
3277  0
3278  0
3279  0
3280  0
3281  0
3282  0
3283  0
3284  0
3285  0
3286  0
3287  0
3288  0
3289  0
3290  0
3291  0
3292  0
3293  0
3294  0
3295  0
3296  0
3297  0
3298  0
3299  0
3300  0
3301  0
3302  0
3303  0
3304  0
3305  0
3306  0
3307  0
3308  0
3309  0
3310  0
3311  0
3312  0
3313  0
3314  0
3315  0
3316  0
3317  0
3318  0
3319  0
3320  0
3321  0
3322  0
3323  0
3324  0
3325  0
3326  0
3327  0
3328  0
3329  0
3330  0
3331  0
3332  0
3333  0
3334  0
3335  0
3336  0
3337  0
3338  0
3339  0
3340  0
3341  0
3342  0
3343  0
3344  0
3345  0
3346  0
3347  0
3348  0
3349  0
3350  0
3351  0
3352  0
3353  0
3354  0
3355  0
3356  0
3357  0
3358  0
3359  0
3360  0
3361  0
3362  0
3363  0
3364  0
3365  0
3366  0
3367  0
3368  0
3369  0
3370  0
3371  0
3372  0
3373  0
3374  0
3375  0
3376  0
3377  0
3378  0
3379  0
3380  0
3381  0
3382  0
3383  0
3384  0
3385  0
3386  0
3387  0
3388  0
3389  0
3390  0
3391  0
3392  0
3393  0
3394  0
3395  0
3396  0
3397  0
3398  0
3399  0
3400  0
3401  0
3402  0
3403  0
3404  0
3405  0
3406  0
3407  0
3408  0
3409  0
3410  0
3411  0
3412  0
3413  0
3414  0
3415  0
3416  0
3417  0
3418  0
3419  0
3420  0
3421  0
3422  0
3423  0
3424  0
3425  0
3426  0
3427  0
3428  0
3429  0
3430  0
3431  0
3432  0
3433  0
3434  0
3435  0
3436  0
3437  0
3438  0
3439  0
3440  0
3441  0
3442  0
3443  0
3444  0
3445  0
3446  0
3447  0
3448  0
3449  0
3450  0
3451  0
3452  0
3453  0
3454  0
3455  0
3456  0
3457  0
3458  0
3459  0
3460  0
3461  0
3462  0
3463  0
3464  0
3465  0
3466  0
3467  0
3468  0
3469  0
3470  0
3471  0
3472  0
3473  0
3474  0
3475  0
3476  0
3477  0
3478  0
3479  0
3480  0
3481  0
3482  0
3483  0
3484  0
3485  0
3486  0
3487  0
3488  0
3489  0
3490  0
3491  0
3492  0
3493  0
3494  0
3495  0
3496  0
3497  0
3498  0
3499  0
3500  0
3501  0
3502  0
3503  0
3504  0
3505  0
3506  0
3507  0
3508  0
3509  0
3510  0
3511  0
3512  0
3513  0
3514  0
3515  0
3516  0
3517  0
3518  0
3519  0
3520  0
3521  0
3522  0
3523  0
3524  0
3525  0
3526  0
3527  0
3528  0
3529  0
3530  0
3531  0
3532  0
3533  0
3534  0
3535  0
3536  0
3537  0
3538  0
3539  0
3540  0
3541  0
3542  0
3543  0
3544  0
3545  0
3546  0
3547  0
3548  0
3549  0
3550  0
3551  0
3552  0
3553  0
3554  0
3555  0
3556  0
3557  0
3558  0
3559  0
3560  0
3561  0
3562  0
3563  0
3564  0
3565  0
3566  0
3567  0
3568  0
3569  0
3570  0
3571  0
3572  0
3573  0
3574  0
3575  0
3576  0
3577  0
3578  0
3579  0
3580  0
3581  0
3582  0
3583  0
3584  0
3585  0
3586  0
3587  0
3588  0
3589  0
3590  0
3591  0
3592  0
3593  0
3594  0
3595  0
3596  0
3597  0
3598  0
3599  0
3600  0
3601  0
3602  0
3603  0
3604  0
3605  0
3606  0
3607  0
3608  0
3609  0
3610  0
3611  0
3612  0
3613  0
3614  0
3615  0
3616  0
3617  0
3618  0
3619  0
3620  0
3621  0
3622  0
3623  0
3624  0
3625  0
3626  0
3627  0
3628  0
3629  0
3630  0
3631  0
3632  0
3633  0
3634  0
3635  0
3636  0
3637  0
3638  0
3639  0
3640  0
3641  0
3642  0
3643  0
3644  0
3645  0
3646  0
3647  0
3648  0
3649  0
3650  0
3651  0
3652  0
3653  0
3654  0
3655  0
3656  0
3657  0
3658  0
3659  0
3660  0
3661  0
3662  0
3663  0
3664  0
3665  0
3666  0
3667  0
3668  0
3669  0
3670  0
3671  0
3672  0
3673  0
3674  0
3675  0
3676  0
3677  0
3678  0
3679  0
3680  0
3681  0
3682  0
3683  0
3684  0
3685  0
3686  0
3687  0
3688  0
3689  0
3690  0
3691  0
3692  0
3693  0
3694  0
3695  0
3696  0
3697  0
3698  0
3699  0
3700  0
3701  0
3702  0
3703  0
3704  0
3705  0
3706  0
3707  0
3708  0
3709  0
3710  0
3711  0
3712  0
3713  0
3714  0
3715  0
3716  0
3717  0
3718  0
3719  0
3720  0
3721  0
3722  0
3723  0
3724  0
3725  0
3726  0
3727  0
3728  0
3729  0
3730  0
3731  0
3732  0
3733  0
3734  0
3735  0
3736  0
3737  0
3738  0
3739  0
3740  0
3741  0
3742  0
3743  0
3744  0
3745  0
3746  0
3747  0
3748  0
3749  0
3750  0
3751  0
3752  0
3753  0
3754  0
3755  0
3756  0
3757  0
3758  0
3759  0
3760  0
3761  0
3762  0
3763  0
3764  0
3765  0
3766  0
3767  0
3768  0
3769  0
3770  0
3771  0
3772  0
3773  0
3774  0
3775  0
3776  0
3777  0
3778  0
3779  0
3780  0
3781  0
3782  0
3783  0
3784  0
3785  0
3786  0
3787  0
3788  0
3789  0
3790  0
3791  0
3792  0
3793  0
3794  0
3795  0
3796  0
3797  0
3798  0
3799  0
3800  0
3801  0
3802  0
3803  0
3804  0
3805  0
3806  0
3807  0
3808  0
3809  0
3810  0
3811  0
3812  0
3813  0
3814  0
3815  0
3816  0
3817  0
3818  0
3819  0
3820  0
3821  0
3822  0
3823  0
3824  0
3825  0
3826  0
3827  0
3828  0
3829  0
3830  0
3831  0
3832  0
3833  0
3834  0
3835  0
3836  0
3837  0
3838  0
3839  0
3840  0
3841  0
3842  0
3843  0
3844  0
3845  0
3846  0
3847  0
3848  0
3849  0
3850  0
3851  0
3852  0
3853  0
3854  0
3855  0
3856  0
3857  0
3858  0
3859  0
3860  0
3861  0
3862  0
3863  0
3864  0
3865  0
3866  0
3867  0
3868  0
3869  0
3870  0
3871  0
3872  0
3873  0
3874  0
3875  0
3876  0
3877  0
3878  0
3879  0
3880  0
3881  0
3882  0
3883  0
3884  0
3885  0
3886  0
3887  0
3888  0
3889  0
3890  0
3891  0
3892  0
3893  0
3894  0
3895  0
3896  0
3897  0
3898  0
3899  0
3900  0
3901  0
3902  0
3903  0
3904  0
3905  0
3906  0
3907  0
3908  0
3909  0
3910  0
3911  0
3912  0
3913  0
3914  0
3915  0
3916  0
3917  0
3918  0
3919  0
3920  0
3921  0
3922  0
3923  0
3924  0
3925  0
3926  0
3927  0
3928  0
3929  0
3930  0
3931  0
3932  0
3933  0
3934  0
3935  0
3936  0
3937  0
3938  0
3939  0
3940  0
3941  0
3942  0
3943  0
3944  0
3945  0
3946  0
3947  0
3948  0
3949  0
3950  0
3951  0
3952  0
3953  0
3954  0
3955  0
3956  0
3957  0
3958  0
3959  0
3960  0
3961  0
3962  0
3963  0
3964  0
3965  0
3966  0
3967  0
3968  0
3969  0
3970  0
3971  0
3972  0
3973  0
3974  0
3975  0
3976  0
3977  0
3978  0
3979  0
3980  0
3981  0
3982  0
3983  0
3984  0
3985  0
3986  0
3987  0
3988  0
3989  0
3990  0
3991  0
3992  0
3993  0
3994  0
3995  0
3996  0
3997  0
3998  0
3999  0
4000  0
4001  0
4002  0
4003  0
4004  0
4005  0
4006  0
4007  0
4008  0
4009  0
4010  0
4011  0
4012  0
4013  0
4014  0
4015  0
4016  0
4017  0
4018  0
4019  0
4020  0
4021  0
4022  0
4023  0
4024  0
4025  0
4026  0
4027  0
4028  0
4029  0
4030  0
4031  0
4032  0
4033  0
4034  0
4035  0
4036  0
4037  0
4038  0
4039  0
4040  0
4041  0
4042  0
4043  0
4044  0
4045  0
4046  0
4047  0
4048  0
4049  0
4050  0
4051  0
4052  0
4053  0
4054  0
4055  0
4056  0
4057  0
4058  0
4059  0
4060  0
4061  0
4062  0
4063  0
4064  0
4065  0
4066  0
4067  0
4068  0
4069  0
4070  0
4071  0
4072  0
4073  0
4074  0
4075  0
4076  0
4077  0
4078  0
4079  0
4080  0
4081  0
4082  0
4083  0
4084  0
4085  0
4086  0
4087  0
4088  0
4089  0
4090  0
4091  0
4092  0
4093  0
4094  0
4095  0
