 0006030 0000002 0000000 0004095 1041018 0061443
00000504000005640000068600000833000009440000107500001177000012850000148300001495
00001640000016660000181600001864000017930000191700001871000017580000167300001584
00001471000013280000119500001123000009210000088000000747000006310000052800000473
00000332000003080000020400000164000001360000009100000076000000640000005100000025
00000019000000170000001000000009000000060000000500000004000000000000000000000000
00000001000000000000000100000000000000000000000000000000000000000000000000000000
00000000000000000000000000000000000000000000000000000000000000000000000000000000
00000000000000000000000000000000000000000000000000000000000000000000000000000000
00000000000000000000000000000000000000000000000000000000000000000000000000000000
00000000000000000000000000000000000000000000000200000000000000000000000000000000
00000000000000000000000000000000000000000000000000000000000000000000000000000000
00000000000000000000000000000000000000000000000000000000000000000000000000000000
00000000000000000000000000000000000000000000000000000000000000000000000100000000
00000000000000000000000000000000000000000000000000000000000000000000000000000000
00000000000000000000000000000000000000000000000000000000000000000000000000000000
00000000000000000000000000000000000000000000000000000000000000000000000000000000
00000000000000000000000000000000000000000000000000000000000000000000000000000000
00000000000000010000000000000000000000000000000000000000000000000000000000000000
00000000000000000000000000000000000000010000000000000000000000000000000000000000
00000000000000000000000000000000000000000000000000000000000000000000000100000001
00000000000000010000000100000001000000050000000300000001000000050000000300000005
00000011000000100000000700000009000000100000000900000007000000120000001600000012
00000010000000100000001800000018000000190000001600000016000000110000000700000008
00000016000000090000000600000004000000140000001000000009000000060000000400000008
00000004000000030000000400000008000000040000000500000005000000010000000400000005
00000004000000020000000500000002000000040000000400000006000000010000000200000003
00000005000000030000000000000002000000060000000300000003000000060000000400000005
00000004000000060000000300000000000000000000000400000007000000030000000400000002
00000002000000040000000300000002000000040000000200000008000000020000000100000005
00000003000000030000000500000002000000000000000200000003000000020000000600000002
00000004000000010000000400000005000000030000000400000004000000050000000200000002
00000004000000030000000400000001000000040000000400000002000000040000000100000002
00000001000000020000000400000007000000010000000400000006000000020000000200000002
00000002000000020000000400000002000000040000000000000002000000020000000300000003
00000001000000070000000300000001000000010000000200000001000000010000000300000001
00000001000000050000000300000001000000050000000300000004000000030000000000000000
00000004000000000000000000000006000000040000000000000009000000030000000200000002
00000004000000040000000400000005000000010000000200000002000000030000000200000002
00000003000000030000000600000002000000040000000400000004000000060000000300000005
00000004000000030000000200000002000000010000000400000004000000050000000300000002
00000004000000000000000300000001000000010000000100000002000000050000000600000005
00000005000000020000000300000003000000030000000700000009000000000000000200000003
00000000000000010000000300000003000000040000000400000000000000090000000200000002
00000003000000010000000500000003000000030000000200000001000000020000000300000008
00000003000000030000000300000005000000050000000100000004000000070000000700000006
00000003000000040000000100000002000000050000000100000001000000020000000500000004
00000001000000040000000400000005000000030000000500000001000000000000000600000003
00000001000000000000000300000003000000030000000300000005000000060000000300000005
00000002000000010000000400000005000000050000000500000002000000030000000500000001
00000006000000000000000400000002000000040000000200000005000000050000000000000003
00000002000000040000000600000002000000020000000300000002000000040000000400000005
00000005000000020000000400000000000000050000000500000001000000030000000100000005
00000004000000020000000100000005000000000000000600000007000000020000000100000003
00000005000000010000000400000001000000050000000100000004000000030000000400000003
00000007000000040000000200000004000000050000000400000005000000020000000300000004
00000003000000020000000300000003000000040000000300000004000000020000000600000004
00000001000000050000000400000000000000030000000400000006000000060000000200000003
00000002000000020000000300000003000000020000000300000003000000010000000000000000
00000001000000030000000400000002000000010000000300000001000000040000000100000005
00000004000000070000000200000002000000000000000200000003000000040000000300000005
00000006000000030000000300000004000000010000000600000003000000040000000400000002
00000004000000000000000300000004000000050000000300000004000000040000000000000001
00000005000000020000000100000002000000010000000300000001000000040000000200000004
00000007000000010000000500000004000000030000000100000002000000010000000200000002
00000003000000030000000300000004000000030000000300000001000000050000000800000003
00000007000000040000000200000001000000040000000200000003000000030000000000000003
00000002000000000000000700000002000000010000000300000000000000020000000300000003
00000003000000020000000300000004000000040000000200000003000000040000000400000005
00000006000000020000000500000003000000040000000500000003000000040000000400000001
00000003000000030000000200000006000000020000000300000003000000020000000400000002
00000003000000010000000700000004000000010000000400000002000000000000000000000003
00000003000000020000000200000003000000030000000300000000000000020000000300000004
00000000000000030000000200000001000000030000000100000001000000020000000200000003
00000002000000020000000300000001000000050000000200000001000000020000000200000000
00000001000000040000000500000002000000060000000200000004000000030000000100000001
00000005000000040000000200000001000000040000000100000007000000020000000500000005
00000000000000000000000100000001000000020000000300000002000000010000000200000003
00000003000000020000000200000004000000020000000000000001000000010000000200000001
00000001000000040000000200000002000000050000000300000003000000000000000100000002
00000001000000010000000100000004000000040000000100000000000000050000000200000002
00000006000000020000000400000004000000010000000100000003000000000000000300000002
00000004000000010000000200000002000000020000000300000004000000030000000200000003
00000001000000020000000300000000000000030000000200000003000000000000000100000001
00000001000000040000000200000001000000050000000200000005000000040000000400000002
00000002000000010000000100000000000000040000000200000002000000020000000100000002
00000001000000040000000300000001000000010000000200000003000000020000000100000002
00000001000000010000000100000000000000040000000100000002000000040000000100000001
00000001000000010000000100000000000000010000000000000002000000000000000500000002
00000003000000020000000000000004000000000000000200000004000000020000000000000000
00000003000000000000000100000005000000010000000000000002000000000000000400000001
00000001000000010000000400000001000000000000000100000003000000000000000200000002
00000002000000010000000200000000000000010000000200000001000000010000000100000002
00000003000000010000000200000000000000010000000000000000000000000000000100000002
00000000000000010000000100000001000000010000000000000002000000000000000300000001
00000000000000020000000000000001000000010000000300000002000000010000000000000001
00000003000000010000000100000001000000010000000000000002000000000000000000000003
00000003000000020000000000000001000000010000000200000001000000010000000400000000
00000003000000030000000000000000000000020000000200000001000000010000000200000002
00000001000000010000000100000002000000000000000100000001000000030000000100000000
00000001000000010000000200000002000000000000000200000003000000020000000000000001
00000000000000020000000100000003000000010000000100000000000000010000000100000001
00000002000000010000000000000000000000010000000000000001000000000000000000000000
00000000000000020000000100000004000000030000000000000000000000020000000100000002
00000001000000030000000100000000000000010000000100000000000000010000000100000002
00000003000000010000000000000000000000000000000000000001000000000000000100000001
00000000000000020000000000000000000000010000000100000001000000010000000000000003
00000000000000030000000200000001000000000000000300000000000000010000000000000000
00000000000000000000000100000000000000000000000000000000000000000000000000000002
00000001000000000000000000000000000000010000000000000000000000000000000100000001
00000000000000020000000100000000000000010000000100000001000000000000000100000000
00000000000000000000000200000000000000020000000000000001000000000000000200000000
00000000000000000000000100000000000000010000000000000001000000010000000000000000
00000001000000030000000200000000000000000000000100000001000000000000000000000000
00000001000000010000000000000000000000020000000100000000000000010000000400000000
00000000000000000000000100000002000000010000000000000001000000000000000300000000
00000001000000000000000000000003000000000000000000000001000000020000000100000000
00000001000000000000000100000000000000000000000100000001000000000000000000000003
00000000000000010000000100000001000000030000000200000002000000020000000100000001
00000001000000000000000000000000000000020000000000000001000000000000000100000003
00000000000000010000000000000000000000020000000100000000000000000000000100000001
00000001000000010000000100000000000000000000000300000000000000000000000000000000
00000000000000010000000000000002000000010000000000000002000000010000000200000001
00000000000000040000000400000002000000030000000200000000000000010000000000000001
00000003000000010000000100000000000000000000000000000000000000000000000000000000
00000002000000020000000000000001000000030000000000000002000000020000000000000002
00000003000000020000000100000001000000000000000100000001000000000000000200000002
00000000000000000000000000000000000000000000000300000000000000000000000100000000
00000001000000000000000100000001000000010000000200000000000000000000000200000000
00000000000000000000000200000001000000010000000000000001000000000000000000000000
00000001000000010000000100000001000000000000000000000001000000000000000200000001
00000001000000000000000000000000000000030000000000000000000000020000000100000001
00000001000000000000000000000000000000000000000000000000000000010000000100000001
00000002000000010000000000000000000000010000000000000001000000000000000100000000
00000000000000000000000000000001000000000000000100000001000000000000000100000001
00000001000000000000000000000004000000020000000000000001000000010000000100000003
00000000000000020000000100000001000000020000000300000002000000010000000000000002
00000003000000010000000100000001000000020000000100000001000000030000000000000000
00000001000000000000000200000000000000000000000000000001000000010000000000000000
00000000000000020000000100000000000000020000000000000000000000000000000000000000
00000001000000000000000100000000000000040000000200000001000000020000000200000000
00000000000000010000000300000000000000010000000000000001000000000000000000000001
00000000000000010000000100000001000000020000000100000001000000000000000000000002
00000002000000000000000000000001000000020000000200000000000000010000000000000001
00000000000000010000000200000002000000010000000100000000000000000000000000000000
00000000000000000000000100000001000000000000000200000000000000010000000100000000
00000000000000020000000100000000000000010000000100000004000000010000000200000003
00000000000000010000000000000001000000030000000000000000000000010000000200000001
00000000000000010000000100000000000000020000000000000000000000030000000300000003
00000000000000010000000200000000000000010000000200000002000000020000000200000000
00000001000000030000000100000001000000030000000300000003000000010000000000000002
00000000000000010000000100000002000000040000000000000001000000010000000300000002
00000001000000010000000200000001000000040000000000000000000000020000000100000003
00000000000000000000000200000004000000020000000300000001000000010000000200000003
00000000000000020000000300000004000000000000000100000002000000040000000200000002
00000001000000000000000200000003000000020000000300000001000000020000000200000004
00000001000000020000000100000002000000020000000000000002000000000000000400000000
00000001000000020000000200000004000000030000000400000003000000000000000400000006
00000002000000060000000300000004000000050000000900000011000000100000001800000017
00000017000000220000001800000029000000170000003300000033000000450000003200000041
00000042000000370000004400000058000000320000004200000048000000490000004600000036
00000062000000420000004900000038000000300000002900000041000000330000001300000022
00000032000000240000002600000017000000190000001000000017000000140000001200000008
00000009000000100000000800000008000000070000000700000007000000030000000300000004
00000002000000010000000400000004000000090000000400000001000000020000000400000003
00000008000000020000000400000004000000100000000300000006000000040000000100000003
00000003000000050000000500000003000000050000000700000006000000100000000600000004
00000011000000090000001300000023000000140000003400000020000000220000003400000037
00000042000000530000004800000037000000600000005100000055000000550000007600000060
00000059000000580000005200000070000000560000005600000066000000490000005500000056
00000054000000400000004300000042000000360000004300000035000000330000002600000025
00000032000000260000002000000023000000210000001700000016000000140000001700000013
00000012000000140000002700000012000000130000001300000015000000120000000700000006
00000016000000090000000900000010000000100000001300000014000000120000000700000007
00000011000000040000000700000007000000110000000900000012000000130000000800000004
00000008000000070000000600000009000000040000001000000010000000040000000600000008
00000005000000090000000800000005000000110000000700000007000000100000001300000008
00000009000000090000000900000010000000100000001100000007000000050000000800000009
00000010000000030000001300000007000000090000001000000010000000050000000900000005
00000004000000050000000700000004000000040000000200000008000000050000000500000006
00000002000000030000000300000000000000030000000200000006000000020000000600000002
00000005000000000000000600000000000000000000000200000005000000020000000200000003
00000000000000020000000100000000000000010000000300000001000000030000000200000003
00000001000000030000000300000001000000050000000200000005000000010000000400000002
00000004000000040000000400000003000000030000000500000000000000030000000600000005
00000004000000050000000500000009000000070000000900000007000000120000002100000015
00000011000000080000001400000017000000180000002300000023000000260000001600000029
00000025000000200000002600000018000000220000002700000024000000280000001900000018
00000019000000160000002100000019000000180000001100000016000000060000001100000010
00000014000000080000001600000010000000060000001300000009000000060000000200000007
00000007000000050000000600000006000000060000000600000002000000050000000500000006
00000005000000070000000500000005000000030000000300000000000000040000000600000003
00000004000000010000000100000003000000040000000000000002000000020000000200000001
00000001000000020000000100000004000000070000000300000004000000050000000300000003
00000004000000030000000000000003000000020000000000000003000000010000000100000002
00000003000000040000000600000003000000010000000200000003000000050000000300000002
00000002000000020000000100000000000000020000000200000001000000030000000100000003
00000004000000010000000300000000000000010000000100000003000000000000000500000001
00000002000000010000000000000000000000060000000300000005000000030000000500000001
00000003000000020000000100000004000000010000000100000004000000030000000700000001
00000002000000000000000300000005000000010000000400000002000000000000000200000002
00000003000000020000000500000003000000020000000300000000000000010000000300000005
00000002000000020000000100000006000000060000000700000001000000040000000000000002
00000004000000070000000300000001000000020000000100000001000000080000000000000002
00000003000000040000000200000004000000010000000300000004000000050000000100000003
00000007000000010000000300000004000000020000000300000005000000020000000200000003
00000005000000050000000300000000000000030000000300000002000000020000000200000003
00000002000000020000000000000002000000010000000200000003000000030000000200000001
00000004000000030000000500000004000000010000000300000003000000020000000400000002
00000000000000020000000200000002000000050000000400000005000000030000000000000003
00000001000000030000000500000001000000030000000100000004000000020000000300000004
00000004000000030000000500000005000000020000000400000002000000010000000300000003
00000002000000030000000200000001000000040000000300000008000000050000000500000005
00000002000000010000000000000002000000000000000100000002000000030000000200000000
00000001000000030000000400000003000000020000000400000004000000050000000500000003
00000002000000030000000100000002000000010000000100000003000000050000000600000008
00000001000000020000000400000004000000040000000400000002000000020000000300000002
00000003000000010000000600000003000000020000000300000001000000030000000300000001
00000004000000030000000500000001000000030000000300000002000000040000000200000002
00000004000000030000000200000008000000050000000500000003000000010000000000000003
00000007000000010000000400000002000000050000000200000002000000000000000300000006
00000005000000020000000000000004000000010000000300000000000000020000000300000005
00000003000000020000000400000006000000030000000300000001000000040000000400000004
00000004000000070000000300000003000000050000000400000004000000010000000500000002
00000001000000010000000000000002000000010000000200000007000000010000000500000003
00000002000000020000000500000004000000030000000200000002000000010000000400000001
00000001000000030000000000000003000000030000000100000001000000040000000100000001
00000002000000040000000200000003000000040000000100000003000000090000000200000003
00000003000000060000000300000002000000030000000600000003000000060000000200000000
00000005000000030000000500000002000000020000000000000004000000040000000100000006
00000003000000030000000400000005000000040000000400000003000000080000000300000001
00000004000000030000000100000002000000030000000300000002000000010000000100000003
00000004000000010000000100000002000000010000000200000000000000020000000400000000
00000002000000010000000500000005000000020000000200000002000000050000000200000005
00000004000000010000000300000003000000040000000500000002000000050000000000000000
00000003000000020000000200000002000000040000000200000004000000020000000300000003
00000002000000040000000300000004000000020000000400000001000000030000000300000002
00000004000000030000000600000006000000040000000300000003000000010000000200000004
00000004000000030000000200000004000000000000000500000002000000000000000300000003
00000003000000030000000200000001000000060000000300000000000000080000000500000001
00000003000000050000000100000003000000030000000300000004000000020000000400000002
00000004000000020000000100000007000000000000000200000004000000000000000500000001
00000003000000020000000300000004000000010000000400000003000000010000000100000005
00000001000000040000000100000004000000040000000400000001000000010000000400000007
00000006000000020000000500000002000000050000000100000003000000050000000500000003
00000005000000070000000400000002000000020000000600000004000000010000000000000004
00000004000000000000000200000003000000030000000500000003000000050000000200000002
00000003000000030000000300000004000000010000000400000007000000020000000700000003
00000005000000040000000400000002000000050000000300000004000000060000000000000004
00000002000000030000000100000000000000030000000500000002000000020000000200000004
00000003000000040000000500000006000000000000000200000002000000020000000100000002
00000006000000020000000200000000000000020000000200000002000000020000000200000002
00000005000000040000000500000005000000030000000500000001000000040000000200000002
00000006000000020000000300000005000000010000000200000002000000020000000500000006
00000002000000030000000000000007000000030000000200000004000000050000000300000004
00000002000000000000000300000004000000020000000400000002000000050000000100000004
00000002000000020000000500000002000000040000000400000005000000020000000100000001
00000002000000040000000300000002000000040000000300000002000000020000000500000004
00000002000000030000000300000000000000020000000200000003000000010000000300000001
00000002000000040000000000000005000000010000000300000003000000010000000400000003
00000001000000020000000400000000000000020000000100000003000000000000000100000003
00000002000000000000000200000004000000020000000000000004000000010000000400000004
00000004000000000000000100000006000000040000000100000003000000060000000500000002
00000000000000010000000100000001000000010000000300000004000000010000000400000001
00000002000000020000000400000003000000000000000200000006000000020000000200000000
00000001000000020000000300000002000000010000000500000003000000030000000200000000
00000004000000020000000200000001000000000000000100000005000000040000000600000001
00000003000000020000000400000001000000030000000000000000000000000000000200000002
00000002000000000000000100000001000000020000000300000004000000020000000100000003
00000002000000050000000200000003000000010000000200000002000000020000000100000001
00000002000000010000000300000004000000030000000200000000000000010000000100000001
00000002000000040000000100000000000000020000000100000000000000010000000100000002
00000002000000010000000300000001000000030000000100000001000000030000000300000003
00000001000000010000000200000001000000030000000300000002000000000000000300000001
00000001000000030000000100000002000000030000000100000001000000030000000200000001
00000003000000020000000200000001000000020000000100000003000000000000000100000002
00000002000000040000000100000000000000000000000200000002000000020000000100000001
00000001000000000000000400000000000000010000000200000001000000010000000300000002
00000002000000020000000200000003000000020000000300000001000000020000000300000002
00000000000000010000000200000001000000020000000100000002000000040000000100000003
00000005000000010000000100000003000000030000000000000001000000010000000200000000
00000001000000010000000200000004000000020000000100000002000000010000000100000001
00000000000000000000000100000000000000000000000000000002000000020000000200000001
00000001000000020000000200000003000000000000000100000003000000030000000300000003
00000001000000000000000100000004000000030000000100000001000000040000000400000001
00000001000000020000000200000001000000030000000000000001000000000000000200000001
00000001000000000000000300000001000000010000000000000002000000010000000200000001
00000002000000010000000200000001000000000000000000000001000000000000000200000001
00000000000000010000000000000003000000050000000000000001000000000000000100000000
00000000000000010000000300000000000000030000000200000002000000020000000100000001
00000000000000000000000400000002000000000000000000000001000000000000000100000000
00000000000000010000000200000001000000020000000000000000000000010000000200000001
00000001000000000000000200000001000000010000000200000000000000000000000000000000
00000000000000000000000100000000000000010000000000000001000000020000000100000000
00000000000000010000000200000000000000000000000200000001000000000000000500000001
00000000000000020000000100000002000000010000000000000001000000000000000000000000
00000000000000010000000000000004000000000000000000000000000000000000000000000000
00000000000000020000000200000001000000010000000000000001000000030000000100000000
00000001000000030000000000000001000000010000000000000000000000000000000000000001
00000000000000000000000000000001000000020000000000000000000000050000000000000004
00000000000000000000000000000001000000000000000100000000000000020000000100000000
00000000000000000000000100000001000000000000000200000000000000000000000200000001
00000002000000020000000100000002000000000000000000000002000000000000000100000003
00000004000000010000000200000000000000010000000000000000000000000000000000000003
00000000000000000000000200000000000000010000000000000000000000020000000200000003
00000002000000000000000100000002000000000000000100000001000000000000000100000001
00000001000000010000000100000002000000000000000000000001000000020000000100000002
00000001000000010000000100000001000000000000000000000000000000000000000100000000
00000003000000000000000100000001000000010000000100000002000000000000000100000000
00000002000000020000000100000002000000000000000000000000000000000000000100000000
00000000000000000000000000000000000000010000000000000001000000020000000000000000
00000000000000010000000100000000000000010000000000000001000000010000000200000000
00000001000000000000000100000000000000010000000000000000000000020000000000000000
00000000000000040000000100000001000000020000000200000000000000000000000300000001
00000002000000010000000200000001000000020000000000000001000000020000000100000002
00000000000000010000000100000001000000010000000000000001000000000000000400000000
00000002000000020000000200000001000000000000000100000004000000000000000200000001
00000001000000000000000200000001000000000000000100000002000000000000000500000000
00000001000000000000000000000002000000010000000100000003000000010000000000000002
00000001000000000000000100000001000000000000000000000000000000020000000100000000
00000002000000000000000000000000000000000000000100000000000000020000000200000000
00000001000000010000000000000001000000000000000000000000000000000000000100000002
00000000000000010000000200000000000000000000000100000002000000010000000000000000
00000002000000010000000100000000000000010000000000000001000000010000000000000001
00000000000000020000000100000001000000000000000300000001000000020000000100000002
00000002000000020000000000000001000000020000000100000001000000030000000000000002
00000002000000010000000100000000000000030000000200000001000000010000000200000003
00000000000000010000000300000002000000000000000100000000000000010000000400000001
00000002000000000000000000000001000000010000000100000000000000020000000100000001
00000001000000000000000200000002000000030000000000000000000000030000000200000000
00000002000000030000000300000002000000000000000000000000000000010000000300000000
00000002000000020000000000000002000000000000000000000000000000020000000100000001
00000002000000020000000100000002000000020000000000000000000000040000000100000003
00000002000000030000000000000003000000000000000000000001000000000000000000000001
00000004000000010000000300000001000000020000000200000001000000020000000000000001
00000003000000030000000000000001000000000000000000000002000000010000000100000001
00000003000000000000000000000000000000010000000100000001000000000000000000000002
00000002000000040000000000000000000000010000000400000001000000000000000200000000
00000001000000000000000300000002000000010000000100000001000000030000000300000002
00000002000000010000000100000002000000020000000200000002000000000000000100000002
00000001000000020000000100000001000000000000000200000002000000010000000100000001
00000002000000030000000000000001000000000000000200000002000000030000000200000002
00000002000000030000000200000004000000020000000600000003000000000000000200000002
00000001000000010000000000000000000000000000000100000001000000000000000100000001
00000000000000010000000300000003000000010000000400000003000000030000000200000002
00000004000000020000000100000004000000020000000100000002000000020000000400000001
00000003000000030000000300000007000000030000000800000005000000090000001300000012
00000015000000150000001000000018000000210000002800000025000000320000002400000038
00000039000000420000003600000041000000390000004200000041000000460000004700000051
00000057000000560000004200000044000000430000003000000035000000250000003200000035
00000023000000200000001500000021000000170000001800000021000000170000001400000007
00000012000000150000000500000008000000100000000700000010000000100000000200000007
00000005000000060000000600000004000000040000000800000005000000060000000400000007
00000006000000020000000400000003000000030000000700000003000000050000000600000003
00000005000000030000000300000008000000010000000300000012000000100000000600000007
00000007000000150000000500000014000000100000002000000019000000200000002700000032
00000035000000380000004400000043000000450000004100000040000000530000005700000058
00000058000000500000006700000060000000630000005000000057000000530000005900000060
00000042000000480000004200000051000000510000004000000031000000250000003900000028
00000019000000280000002900000021000000170000001800000015000000190000002600000012
00000018000000160000000900000013000000150000001100000017000000080000001100000012
00000010000000130000001200000012000000170000001200000004000000090000001000000007
00000007000000110000001100000005000000040000000800000007000000100000000500000008
00000012000000100000000500000012000000090000000600000006000000120000000600000007
00000008000000110000001200000004000000050000000400000006000000060000000900000008
00000004000000100000001300000008000000100000000900000009000000090000001100000004
00000008000000050000000800000011000000050000001000000003000000090000000900000004
00000006000000060000000800000004000000070000000600000007000000040000000800000005
00000002000000050000000400000006000000040000000700000002000000030000000000000001
00000003000000030000001000000000000000030000000300000004000000010000000300000004
00000002000000030000000300000003000000020000000300000003000000000000000500000003
00000004000000010000000300000006000000020000000200000002000000010000000400000003
00000002000000030000000600000003000000020000000400000000000000030000000500000005
00000007000000020000000300000004000000070000000800000008000000060000001100000005
00000014000000140000001100000016000000160000002200000017000000260000001700000020
00000024000000210000003200000021000000290000002400000021000000250000003000000023
00000015000000210000001500000020000000140000001200000019000000110000001000000013
00000009000000150000001400000006000000080000000900000007000000040000000200000010
00000015000000060000001200000009000000080000001000000006000000070000000600000004
00000002000000060000000300000004000000040000000600000005000000020000000200000002
00000003000000020000000100000005000000060000000200000004000000030000000400000002
00000002000000050000000500000006000000040000000400000001000000040000000100000006
00000009000000010000000100000000000000010000000300000002000000000000000300000002
00000003000000020000000200000001000000040000000200000003000000010000000300000001
00000002000000050000000100000001000000000000000100000005000000060000000100000001
00000000000000000000000000000000000000000000000000000000000000000000000000000000
00000000000000000000000000000000000000000000000000000000000000000000000000000000
00000000000000000000000000000000000000000000000000000000000000000000000000000000
00000000000000000000000000000000000000000000000000000000000000000000000000000000
00000000000000000000000000000000000000000000000000000000000000000000000000000000
00000000000000000000000000000000000000000000000000000000000000000000000000000000
00000000000000000000000000000000000000000000000000000000000000000000000000000000
00000000000000000000000000000000000000000000000000000000000000000000000000000000
00000000000000000000000000000000000000000000000000000000000000000000000000000000
00000000000000000000000000000000000000000000000000000000000000000000000000000000
00000000000000000000000000000000000000000000000000000000000000000000000000000000
00000000000000000000000000000000000000000000000000000000000000000000000000000000
00000000000000000000000000000000000000000000000000000000000000000000000000000000
00000000000000000000000000000000000000000000000000000000000000000000000000000000
00000000000000000000000000000000000000000000000000000000000000000000000000000000
00000000000000000000000000000000000000000000000000000000000000000000000000000000
00000000000000000000000000000000000000000000000000000000000000000000000000000000
00000000000000000000000000000000000000000000000000000000000000000000000000000000
00000000000000000000000000000000000000000000000000000000000000000000000000000000
00000000000000000000000000000000000000000000000000000000000000000000000000000000
00000000000000000000000000000000000000000000000000000000000000000000000000000000
00000000000000000000000000000000000000000000000000000000000000000000000000000000
00000000000000000000000000000000000000000000000000000000000000000000000000000000
00000000000000000000000000000000000000000000000000000000000000000000000000000000
00000000000000000000000000000000000000000000000000000000000000000000000000000000
000000000000000000000000000000000000000000000000