 0006030 0000031 0000000 0004095 1041018 0061443
00000000000000000000000000000000000000000000000000000000000000000000000000000000
00000000000000000000000000000000000000000000000000000000000000000000000000000000
00000000000000000000000000000000000000000000000000000000000000000000000000000000
00000000000000000000000000000000000000000000000000000000000000000000000000000000
00000000000000000000000000000000000000000000000000000000000000000000000000000000
00000000000000000000000000000000000000000000000000000000000000000000000000000000
00000000000000000000000000000000000000000000000000000000000000000000000000000000
00000000000000000000000000000000000000000000000000000000000000000000000000000000
00000000000000000000000000000000000000000000000000000000000000000000000000000000
00000000000000000000000000000000000000000000000000000000000000000000000000000000
00000000000000000000000000000000000000000000000000000000000000000000000000000000
00000000000000000000000000000000000000000000000000000000000000000000000000000000
00000000000000000000000000000000000000000000000000000000000000000000000000000000
00000000000000000000000000000000000000000000000000000000000000000000000000000000
00000000000000000000000000000000000000000000000000000000000000000000000000000000
00000000000000000000000000000000000000000000000000000000000000000000000000000000
00000000000000000000000000000000000000000000000000000000000000000000000000000000
00000000000000000000000000000000000000000000000000000000000000000000000000000000
00000000000000000000000000000000000000000000000000000000000000000000000000000000
00000000000000000000000000000000000000000000000000000000000000000000000000000000
00000000000000000000000000000000000000000000000000000000000000000000000000000000
00000000000000000000000000000000000000000000000000000000000000000000000000000000
00000000000000000000000000000000000000000000000000000000000000000000000000000000
00000000000000000000000000000000000000000000000000000000000000000000000000000000
00000000000000000000000000000000000000000000000000000000000000000000000000000000
00000000000000000000000000000000000000000000000000000000000000000000000000000000
00000000000000000000000000000000000000000000000000000000000000000000000000000000
00000000000000000000000000000000000000000000000000000000000000000000000000000000
00000000000000000000000000000000000000000000000000000000000000000000000000000000
00000000000000000000000000000000000000000000000000000000000000000000000000000000
00000000000000000000000000000000000000000000000000000000000000000000000000000000
00000000000000000000000000000000000000000000000000000000000000000000000000000000
00000000000000000000000000000000000000000000000000000000000000000000000000000000
00000000000000000000000000000000000000000000000000000000000000000000000000000000
00000000000000000000000000000000000000000000000000000000000000000000000000000000
00000000000000000000000000000000000000000000000000000000000000000000000000000000
00000000000000000000000000000000000000000000000000000000000000000000000000000000
00000000000000000000000000000000000000000000000000000000000000000000000000000000
00000000000000000000000000000000000000000000000000000000000000000000000000000000
00000000000000000000000000000000000000000000000000000000000000000000000000000000
00000000000000000000000000000000000000000000000000000000000000000000000000000000
00000000000000000000000000000000000000000000000000000000000000000000000000000000
00000000000000000000000000000000000000000000000000000000000000000000000000000000
00000000000000000000000000000000000000000000000000000000000000000000000000000000
00000000000000000000000000000000000000000000000000000000000000000000000000000000
00000000000000000000000000000000000000000000000000000000000000000000000000000000
00000000000000000000000000000000000000000000000000000000000000000000000000000000
00000000000000000000000000000000000000000000000000000000000000000000000000000000
00000000000000000000000000000000000000000000000000000000000000000000000000000000
00000000000000000000000000000000000000000000000000000000000000000000000000000000
00000000000000000000000000000000000000000000000000000000000000000000000000000000
00000000000000000000000000000000000000000000000000000000000000000000000000000000
00000000000000000000000000000000000000000000000000000000000000000000000000000000
00000000000000000000000000000000000000000000000000000000000000000000000000000000
00000000000000000000000000000000000000000000000000000000000000000000000000000000
00000000000000000000000000000000000000000000000000000000000000000000000000000000
00000000000000000000000000000000000000000000000000000000000000000000000000000000
00000000000000000000000000000000000000000000000000000000000000000000000000000000
00000000000000000000000000000000000000000000000000000000000000000000000000000000
00000000000000000000000000000000000000000000000000000000000000000000000000000000
00000000000000000000000000000000000000000000000000000000000000000000000000000000
00000000000000000000000000000000000000000000000000000000000000000000000000000000
00000000000000000000000000000000000000000000000000000000000000000000000000000000
00000000000000000000000000000000000000000000000000000000000000000000000000000000
00000000000000000000000000000000000000000000000000000000000000000000000000000000
00000000000000000000000000000000000000000000000000000000000000000000000000000000
00000000000000000000000000000000000000000000000000000000000000000000000000000000
00000000000000000000000000000000000000000000000000000000000000000000000000000000
00000000000000000000000000000000000000000000000000000000000000000000000000000000
00000000000000000000000000000000000000000000000000000000000000000000000000000000
00000000000000000000000000000000000000000000000000000000000000000000000000000000
00000000000000000000000000000000000000000000000000000000000000000000000000000000
00000000000000000000000000000000000000000000000000000000000000000000000000000000
00000000000000000000000000000000000000000000000000000000000000000000000000000000
00000000000000000000000000000000000000000000000000000000000000000000000000000000
00000000000000000000000000000000000000000000000000000000000000000000000000000000
00000000000000000000000000000000000000000000000000000000000000000000000000000000
00000000000000000000000000000000000000000000000000000000000000000000000000000000
00000000000000000000000000000000000000000000000000000000000000000000000000000000
00000000000000000000000000000000000000000000000000000000000000000000000000000000
00000000000000000000000000000000000000000000000000000000000000000000000000000000
00000000000000000000000000000000000000000000000000000000000000000000000000000000
00000000000000000000000000000000000000000000000000000000000000000000000000000000
00000000000000000000000000000000000000000000000000000000000000000000000000000000
00000000000000000000000000000000000000000000000000000000000000000000000000000000
00000000000000000000000000000000000000000000000000000000000000000000000000000000
00000000000000000000000000000000000000000000000000000000000000000000000000000000
00000000000000000000000000000000000000000000000000000000000000000000000000000000
00000000000000000000000000000000000000000000000000000000000000000000000000000000
00000000000000000000000000000000000000000000000000000000000000000000000000000000
00000000000000000000000000000000000000000000000000000000000000000000000000000000
00000000000000000000000000000000000000000000000000000000000000000000000000000000
00000000000000000000000000000000000000000000000000000000000000000000000000000000
00000000000000000000000000000000000000000000000000000000000000000000000000000000
00000000000000000000000000000000000000000000000000000000000000000000000000000000
00000000000000000000000000000000000000000000000000000000000000000000000000000000
00000000000000000000000000000000000000000000000000000000000000000000000000000000
00000000000000000000000000000000000000000000000000000000000000000000000000000000
00000000000000000000000000000000000000000000000000000000000000000000000000000000
00000000000000000000000000000000000000000000000000000000000000000000000000000000
00000000000000000000000000000000000000000000000000000000000000000000000000000000
00000000000000000000000000000000000000000000000000000000000000000000000000000000
00000000000000000000000000000000000000000000000000000000000000000000000000000000
00000000000000000000000000000000000000000000000000000000000000000000000000000000
00000000000000000000000000000000000000000000000000000000000000000000000000000000
00000000000000000000000000000000000000000000000000000000000000000000000000000000
00000000000000000000000000000000000000000000000000000000000000000000000000000000
00000000000000000000000000000000000000000000000000000000000000000000000000000000
00000000000000000000000000000000000000000000000000000000000000000000000000000000
00000000000000000000000000000000000000000000000000000000000000000000000000000000
00000000000000000000000000000000000000000000000000000000000000000000000000000000
00000000000000000000000000000000000000000000000000000000000000000000000000000000
00000000000000000000000000000000000000000000000000000000000000000000000000000000
00000000000000000000000000000000000000000000000000000000000000000000000000000000
00000000000000000000000000000000000000000000000000000000000000000000000000000000
00000000000000000000000000000000000000000000000000000000000000000000000000000000
00000000000000000000000000000000000000000000000000000000000000000000000000000000
00000000000000000000000000000000000000000000000000000000000000000000000000000000
00000000000000000000000000000000000000000000000000000000000000000000000000000000
00000000000000000000000000000000000000000000000000000000000000000000000000000000
00000000000000000000000000000000000000000000000000000000000000000000000000000000
00000000000000000000000000000000000000000000000000000000000000000000000000000000
00000000000000000000000000000000000000000000000000000000000000000000000000000000
00000000000000000000000000000000000000000000000000000000000000000000000000000000
00000000000000000000000000000000000000000000000000000000000000000000000000000000
00000000000000000000000000000000000000000000000000000000000000000000000000000000
00000000000000000000000000000000000000000000000000000000000000000000000000000000
00000000000000000000000000000000000000000000000000000000000000000000000000000000
00000000000000000000000000000000000000000000000000000000000000000000000000000000
00000000000000000000000000000000000000000000000000000000000000000000000000000000
00000000000000000000000000000000000000000000000000000000000000000000000000000000
00000000000000000000000000000000000000000000000000000000000000000000000000000000
00000000000000000000000000000000000000000000000000000000000000000000000000000000
00000000000000000000000000000000000000000000000000000000000000000000000000000000
00000000000000000000000000000000000000000000000000000000000000000000000000000000
00000000000000000000000000000000000000000000000000000000000000000000000000000000
00000000000000000000000000000000000000000000000000000000000000000000000000000000
00000000000000000000000000000000000000000000000000000000000000000000000000000000
00000000000000000000000000000000000000000000000000000000000000000000000000000000
00000000000000000000000000000000000000000000000000000000000000000000000000000000
00000000000000000000000000000000000000000000000000000000000000000000000000000000
00000000000000000000000000000000000000000000000000000000000000000000000000000000
00000000000000000000000000000000000000000000000000000000000000000000000000000000
00000000000000000000000000000000000000000000000000000000000000000000000000000000
00000000000000000000000000000000000000000000000000000000000000000000000000000000
00000000000000000000000000000000000000000000000000000000000000000000000000000000
00000000000000000000000000000000000000000000000000000000000000000000000000000000
00000000000000000000000000000000000000000000000000000000000000000000000000000000
00000000000000000000000000000000000000000000000000000000000000000000000000000000
00000000000000000000000000000000000000000000000000000000000000000000000000000000
00000000000000000000000000000000000000000000000000000000000000000000000000000000
00000000000000000000000000000000000000000000000000000000000000000000000000000000
00000000000000000000000000000000000000000000000000000000000000000000000000000000
00000000000000000000000000000000000000000000000000000000000000000000000000000000
00000000000000000000000000000000000000000000000000000000000000000000000000000000
00000000000000000000000000000000000000000000000000000000000000000000000000000000
00000000000000000000000000000000000000000000000000000000000000000000000000000000
00000000000000000000000000000000000000000000000000000000000000000000000000000000
00000000000000000000000000000000000000000000000000000000000000000000000000000000
00000000000000000000000000000000000000000000000000000001000000010000001400000042
00000166000005330000158200003956000068820000917100010932000115910001213200012207
00012392000128120001298200013059000134980001331900013213000137230001365600013202
00013364000132730001331400013147000129880001301500012852000125910001223800012219
00011907000113600001140800010869000109380001040000009984000095890000936900009105
00008863000084260000823300008057000074520000717300007070000067020000646500006175
00005782000056580000541800005073000049470000470600004530000043340000411500003964
00003829000035710000339600003360000031740000297700002997000027660000260700002484
00002443000022730000219000002026000019170000189500001840000018140000170200001516
00001529000014320000143500001354000013410000115800001266000011250000116700001072
00000966000009140000088900000848000008240000079500000820000007430000069600000723
00000716000006800000063400000564000006130000056200000567000005610000050800000476
00000481000004350000044300000468000003760000037100000392000003660000036100000340
00000302000003340000030100000269000002650000029300000309000002950000027800000245
00000255000002870000021600000206000002260000021100000235000002090000019300000193
00000166000001790000017400000175000001760000018100000154000001620000016800000148
00000171000001350000016000000149000001310000011300000123000001300000011900000153
00000138000001410000011000000149000001210000011000000112000001320000012200000129
00000125000001120000012300000110000001140000010700000117000000980000010100000109
00000105000001200000012700000105000001080000008600000110000001000000011000000103
00000110000001020000009700000101000001100000012700000130000000900000010900000114
00000096000001140000011500000110000001160000010600000111000001160000011100000123
00000132000001240000012900000129000001280000013700000114000001280000013700000123
00000137000001280000016700000150000001220000014400000143000001720000014000000159
00000157000001730000018000000150000001580000014300000179000001680000018100000167
00000182000001640000017700000216000001970000018700000199000002120000023600000208
00000199000002090000020500000218000002450000023600000233000002290000025400000226
00000223000002500000025000000273000002260000028600000254000002800000028100000301
00000305000002920000028600000285000003010000031500000311000003290000033900000341
00000290000003350000033800000334000003530000033200000318000003450000031800000353
00000367000003530000033300000351000003720000039500000406000004260000041800000399
00000407000003970000043000000422000004280000043600000436000004450000044300000451
00000435000004390000044700000452000004000000045200000465000005300000047500000490
00000490000005230000050400000508000004850000050900000517000005080000052200000545
00000515000005380000055600000523000005630000051100000573000005520000054100000588
00000565000005870000057200000571000005630000056100000560000006030000058300000545
00000575000005540000056800000556000006370000059500000629000006100000058500000613
00000602000006170000060000000610000006450000059700000619000006040000060300000628
00000593000006170000064000000671000006510000065000000657000006410000063800000695
00000605000006310000065200000642000006630000065300000648000006010000066100000654
00000653000006910000063200000674000006880000064000000645000006210000064000000614
00000637000006440000063800000670000006320000068800000651000006800000069100000610
00000640000006510000064900000635000006660000066200000643000006550000061000000642
00000649000007120000065100000657000006180000065600000677000006520000063500000622
00000632000006470000065500000602000006480000060400000626000006530000063700000599
00000659000006330000062900000607000006240000063000000633000005970000060500000625
00000645000006210000058400000576000006130000058700000553000006250000060700000594
00000633000005640000058200000602000005840000060900000568000005840000056600000633
00000536000005980000060500000590000005580000060100000539000006170000057600000576
00000543000005860000054500000594000005490000056100000570000005220000052000000528
00000583000005670000055300000506000005180000052600000521000005300000051600000510
00000522000004980000055400000501000004980000049800000518000005000000049100000506
00000473000004810000050900000485000005350000045700000486000004910000048000000455
00000469000004320000046500000433000004590000046900000484000004400000044900000444
00000453000004510000044800000481000004250000042300000459000004590000044200000431
00000452000004290000042600000433000004240000045600000392000003920000040900000430
00000456000004150000040100000406000003960000043300000377000004290000035800000457
00000399000003980000035400000385000003870000036900000392000003720000039200000358
00000369000003620000039200000385000003860000035900000342000003560000036900000376
00000351000003190000038100000382000003380000033400000366000003480000035000000292
00000349000003180000033900000343000003380000035600000311000003340000033100000310
00000327000003210000033500000318000003090000029200000305000002780000031500000322
00000292000002880000029600000271000003080000029500000311000003120000031300000278
00000301000002910000027200000282000002860000026300000271000002770000028300000268
00000263000002920000025600000259000002750000031000000269000002450000026200000248
00000256000002510000026400000273000002230000025400000229000002300000024400000213
00000234000002190000022500000254000002450000024700000217000002120000021000000223
00000229000002370000022700000224000002150000021000000209000002110000021100000201
00000202000002110000020800000205000001910000022100000212000001850000018300000195
00000221000001910000017100000189000002050000020200000184000001690000018800000174
00000191000001600000017500000188000001840000021300000204000001820000017000000157
00000165000001730000019600000184000001700000018700000179000001720000017000000131
00000175000001600000017900000156000001530000017300000144000001570000016400000173
00000147000001470000016600000162000001390000015500000163000001550000014900000146
00000145000001620000015400000150000001580000015600000125000001450000013400000156
00000131000001390000012200000149000001360000013400000140000001160000014800000134
00000123000001270000013800000144000001260000010500000116000001120000013700000140
00000130000001320000012400000115000001140000012700000120000001200000009300000123
00000130000001150000010500000118000001070000012700000109000001200000009100000111
00000111000001060000014400000115000001110000010300000107000000950000010400000103
00000096000001030000009000000115000001010000010400000104000001100000008800000124
00000097000000810000009900000103000000880000011100000085000000890000009400000086
00000111000000960000008200000103000000870000009000000084000000880000009200000095
00000080000000970000007800000096000000780000009700000091000000880000006900000086
00000081000000840000007500000074000000780000007400000077000001150000009400000098
00000077000000830000008800000095000000890000008800000066000000830000008200000073
00000075000000650000005100000073000000710000007500000065000000740000008000000063
00000078000000820000007100000063000000780000008000000072000000670000006700000064
00000065000000690000007700000066000000600000006700000047000000600000005800000063
00000073000000640000007100000058000000630000006200000063000000670000005500000053
00000065000000590000007200000063000000810000005900000059000000490000005400000055
00000072000000620000004400000055000000640000005900000058000000580000006100000057
00000042000000660000005800000069000000530000004900000066000000510000005800000061
00000065000000410000006200000052000000470000005200000057000000620000005700000065
00000059000000400000005700000050000000390000004900000052000000420000004800000051
00000050000000540000003700000047000000370000005500000041000000510000004900000048
00000042000000580000004000000050000000540000004500000043000000410000003700000052
00000051000000410000004300000038000000380000004100000059000000490000004300000043
00000043000000560000004900000039000000500000004300000036000000400000004000000042
00000048000000370000004000000045000000350000004000000046000000400000003800000042
00000044000000330000003800000035000000400000004100000045000000430000002900000044
00000039000000370000002900000035000000210000003700000044000000330000002800000043
00000029000000290000002900000030000000390000003500000035000000280000004100000035
00000042000000390000003900000027000000300000003000000036000000380000003500000030
00000035000000320000003100000039000000230000003300000030000000290000002600000031
00000025000000330000002900000031000000280000003500000040000000330000003000000030
00000039000000240000003300000030000000250000003200000038000000310000002000000049
00000036000000260000002900000030000000280000002900000034000000250000002300000024
00000028000000310000002700000029000000290000002600000029000000320000002900000029
00000039000000350000002000000031000000210000002800000031000000340000003200000029
00000025000000380000004100000031000000260000002500000028000000190000002300000020
00000031000000260000002800000028000000300000002100000039000000230000002500000031
00000022000000230000002600000022000000170000002900000026000000170000002000000026
00000024000000210000001700000023000000350000002100000016000000140000002700000021
00000027000000300000002700000015000000270000002000000017000000260000002500000017
00000027000000170000001800000022000000290000002200000025000000280000002600000019
00000019000000200000001600000025000000230000001800000016000000180000002000000025
00000021000000180000001500000017000000230000001800000026000000210000002200000021
00000022000000190000001700000016000000130000001800000015000000310000001600000022
00000020000000160000001600000022000000200000002300000026000000140000001300000016
00000019000000240000001700000017000000200000001800000019000000210000001200000021
00000021000000160000002000000012000000180000001800000011000000170000000900000018
00000025000000270000001500000010000000150000001200000022000000190000001300000027
00000017000000120000001400000019000000170000001000000024000000200000000900000005
00000015000000230000001800000021000000170000002100000013000000200000002300000015
00000019000000110000001700000011000000180000001700000016000000120000002200000020
00000014000000120000001500000020000000200000001500000019000000140000001700000010
00000015000000210000001800000020000000100000001500000017000000180000001100000019
00000013000000180000001300000015000000130000002100000013000000100000001900000014
00000009000000200000002300000010000000160000001900000015000000130000001000000012
00000010000000180000001000000014000000170000001300000018000000110000001100000017
00000013000000180000001300000016000000170000001200000017000000200000001400000017
00000020000000140000000900000014000000170000001300000015000000150000001800000020
00000011000000160000001300000017000000170000000800000009000000100000001200000012
00000012000000210000001000000018000000190000001300000011000000150000001300000011
00000010000000090000000800000017000000080000002100000009000000080000001400000019
00000014000000130000001400000015000000090000000800000012000000110000001500000014
00000014000000140000000800000009000000110000001600000016000000080000001300000012
00000016000000140000001000000012000000120000000900000017000000140000000800000014
00000009000000110000000900000009000000120000001100000006000000170000001200000013
00000006000000200000001400000005000000090000001600000015000000110000000900000013
00000014000000070000001500000011000000090000000900000011000000110000001100000016
00000004000000090000000800000014000000040000001000000012000000050000001000000018
00000012000000110000001500000010000000100000001700000010000000050000000800000012
00000009000000140000000700000014000000130000001400000007000000150000001100000014
00000016000000110000000900000008000000070000000800000010000000130000001000000010
00000014000000130000001100000007000000100000000700000007000000110000000500000008
00000008000000110000000900000011000000090000000600000011000000110000000600000009
00000009000000060000001200000005000000100000001000000010000000090000000400000010
00000013000000110000001400000009000000080000000800000010000000110000000800000011
00000014000000060000000700000011000000050000001000000007000000050000000700000008
00000006000000110000000900000012000000080000000800000006000000110000000900000012
00000009000000080000000900000011000000060000001000000005000000110000000800000011
00000009000000080000000900000016000000100000001300000008000000080000001100000009
00000012000000090000001100000008000000050000000500000008000000080000000800000009
00000009000000060000000700000008000000060000000600000006000000070000000900000009
00000005000000090000000600000013000000060000001000000008000000060000000700000012
00000009000000080000000800000007000000090000000800000006000000120000000600000015
00000013000000080000000500000012000000070000001000000004000000100000000500000004
00000007000000090000000900000008000000020000001200000005000000050000000500000011
00000009000000120000001000000007000000080000000700000013000000080000001100000011
00000007000000050000000800000006000000080000001000000007000000080000001200000011
00000006000000080000000700000005000000080000001000000005000000060000000900000008
00000006000000040000000600000006000000100000000800000009000000040000000500000006
00000008000000090000001100000007000000070000001100000008000000070000000400000008
00000004000000050000000800000009000000030000001200000006000000110000000600000006
00000012000000100000000300000011000000080000000800000007000000110000000400000002
00000006000000080000001000000011000000060000000800000009000000050000000500000005
00000006000000080000000600000008000000070000000600000002000000090000000700000006
00000005000000050000000600000008000000060000000400000005000000090000000400000008
00000005000000080000000700000002000000040000000600000005000000070000000200000007
00000010000000050000000600000008000000070000000500000007000000060000000500000011
00000010000000040000000600000005000000060000001200000005000000050000000900000007
00000010000000050000000500000006000000130000000500000006000000050000000700000001
00000006000000070000000300000005000000100000000800000006000000030000001400000005
00000008000000050000000700000006000000040000000800000011000000080000000500000009
00000007000000110000000400000005000000050000000200000005000000080000000600000008
00000007000000050000000700000004000000060000000700000003000000100000000800000006
00000006000000070000000700000006000000050000000400000009000000070000000500000005
00000003000000040000000500000002000000070000000600000004000000050000000300000005
00000007000000030000000600000004000000010000000500000008000000060000001300000004
00000006000000060000001200000005000000020000000100000005000000030000000600000003
00000002000000050000000300000009000000040000000400000008000000030000000600000005
00000011000000050000000600000004000000050000000400000007000000060000000700000006
00000004000000040000000200000008000000000000000800000004000000100000000400000003
00000006000000030000000700000003000000060000000800000006000000020000000900000005
00000002000000050000000200000001000000050000000400000006000000030000000600000007
00000005000000080000000400000007000000070000000400000005000000020000000500000005
00000005000000030000000300000004000000070000000300000004000000040000000400000004
00000006000000070000000400000005000000050000000700000002000000030000000800000002
00000007000000030000000400000006000000020000000900000005000000080000000400000008
00000004000000060000000300000007000000050000000400000004000000060000000400000007
00000002000000050000000300000013000000030000000700000002000000070000000100000005
00000003000000090000000300000004000000080000000200000005000000040000000400000007
00000004000000030000000600000004000000070000000600000005000000070000000200000005
00000002000000060000000400000005000000020000000400000003000000030000000600000004
00000004000000060000000300000007000000030000000400000006000000040000000300000004
00000001000000070000000600000004000000050000000100000006000000020000000300000005
00000004000000080000000400000007000000030000000500000005000000050000000500000004
00000002000000070000000500000003000000080000000300000008000000050000000400000001
00000002000000050000000300000005000000030000000400000010000000060000000600000006
00000003000000040000000300000005000000030000000800000003000000050000000200000007
00000004000000050000001100000006000000050000000900000005000000040000000400000002
00000003000000040000000400000002000000070000000400000005000000020000000500000002
00000004000000050000000400000007000000070000000400000006000000020000000500000003
00000004000000050000000700000006000000070000000100000005000000090000000500000004
00000009000000070000000400000004000000030000000400000007000000040000000100000003
00000005000000050000000200000003000000030000000400000000000000020000000200000004
00000005000000050000000400000002000000060000000300000003000000060000000300000004
00000003000000060000000200000005000000050000000300000003000000040000000600000005
00000005000000040000000700000003000000010000000500000006000000070000000400000006
00000005000000060000000300000007000000040000000600000006000000040000000300000004
00000002000000020000000500000005000000020000000100000002000000040000000300000003
00000001000000020000000600000002000000010000000300000003000000030000000100000003
00000007000000050000000200000003000000020000000600000007000000030000000100000006
00000009000000040000000500000002000000050000000900000005000000040000000600000007
00000004000000010000000600000006000000050000000400000005000000020000000300000004
00000002000000060000000500000004000000030000000300000003000000040000000400000001
00000001000000020000000200000004000000010000000500000001000000020000000400000004
00000004000000090000000100000005000000040000000200000005000000030000000300000000
00000003000000040000000400000003000000040000000500000001000000080000000500000002
00000003000000040000000200000005000000020000000500000002000000030000000500000002
00000005000000040000000600000002000000020000000600000004000000050000000000000003
00000001000000030000000500000000000000050000000500000005000000030000000200000005
00000002000000030000000500000003000000030000000000000002000000020000000400000005
00000000000000000000000000000000000000000000000000000000000000000000000000000000
00000000000000000000000000000000000000000000000000000000000000000000000000000000
00000000000000000000000000000000000000000000000000000000000000000000000000000000
00000000000000000000000000000000000000000000000000000000000000000000000000000000
00000000000000000000000000000000000000000000000000000000000000000000000000000000
00000000000000000000000000000000000000000000000000000000000000000000000000000000
00000000000000000000000000000000000000000000000000000000000000000000000000000000
00000000000000000000000000000000000000000000000000000000000000000000000000000000
00000000000000000000000000000000000000000000000000000000000000000000000000000000
00000000000000000000000000000000000000000000000000000000000000000000000000000000
00000000000000000000000000000000000000000000000000000000000000000000000000000000
00000000000000000000000000000000000000000000000000000000000000000000000000000000
00000000000000000000000000000000000000000000000000000000000000000000000000000000
00000000000000000000000000000000000000000000000000000000000000000000000000000000
00000000000000000000000000000000000000000000000000000000000000000000000000000000
00000000000000000000000000000000000000000000000000000000000000000000000000000000
00000000000000000000000000000000000000000000000000000000000000000000000000000000
00000000000000000000000000000000000000000000000000000000000000000000000000000000
00000000000000000000000000000000000000000000000000000000000000000000000000000000
00000000000000000000000000000000000000000000000000000000000000000000000000000000
00000000000000000000000000000000000000000000000000000000000000000000000000000000
00000000000000000000000000000000000000000000000000000000000000000000000000000000
00000000000000000000000000000000000000000000000000000000000000000000000000000000
00000000000000000000000000000000000000000000000000000000000000000000000000000000
00000000000000000000000000000000000000000000000000000000000000000000000000000000
000000000000000000000000000000000000000000000000