 0006030 0000012 0000000 0004095 1041018 0061443
00000631000007700000093900001073000012330000136600001559000017710000187100001989
00002144000023640000240900002543000025380000245200002472000023950000231000002224
00002019000019390000178200001514000014160000116200001074000008870000075900000626
00000497000003910000037000000269000002240000016600000122000000830000007000000063
00000034000000220000002400000017000000050000000500000004000000040000000200000001
00000001000000000000000000000001000000000000000000000000000000000000000000000001
00000001000000000000000000000000000000000000000000000000000000000000000000000000
00000000000000000000000000000000000000000000000000000000000000000000000000000000
00000000000000000000000100000000000000000000000000000001000000000000000000000000
00000000000000000000000000000000000000000000000100000000000000000000000100000000
00000001000000000000000000000000000000000000000000000000000000000000000000000000
00000000000000000000000100000000000000000000000000000000000000000000000000000000
00000000000000000000000000000000000000000000000000000000000000000000000000000000
00000000000000000000000000000000000000000000000000000000000000000000000000000000
00000000000000000000000000000000000000000000000000000000000000000000000000000000
00000000000000000000000000000000000000000000000000000000000000000000000000000000
00000000000000000000000000000000000000000000000000000000000000000000000000000000
00000000000000000000000000000000000000000000000000000001000000000000000000000000
00000001000000000000000000000001000000000000000000000001000000050000000600000001
00000003000000040000000400000010000000170000001900000031000000430000004900000058
00000077000001130000010100000140000001480000019700000222000002380000027500000312
00000348000003900000038300000430000004660000054000000523000005630000056300000582
00000605000005280000054900000561000005230000051300000490000004890000044100000406
00000334000003660000034100000303000002800000024700000229000001730000018200000170
00000187000001470000018400000135000001410000013000000138000001290000011300000145
00000129000001330000012900000105000001180000011100000116000001040000011400000121
00000127000001150000012400000093000001270000013600000130000001530000012000000099
00000137000001430000010500000123000001100000011300000130000001320000013800000095
00000113000001270000011600000119000001370000014100000114000001260000012900000148
00000128000001280000013100000141000001170000013700000126000001190000012700000106
00000146000001380000012700000132000001390000013300000129000001380000011800000137
00000121000001310000011000000132000001330000012400000113000001190000012500000124
00000122000001300000010000000147000001080000015000000112000001400000012400000137
00000127000001150000014000000128000001340000010800000135000001320000013700000112
00000115000001340000011500000125000001250000012700000130000001280000011900000113
00000129000001380000013300000123000001180000013800000135000001300000013900000131
00000139000001200000015400000135000001250000011700000114000001300000010600000126
00000104000001360000012700000132000001180000013800000136000001530000014500000137
00000135000001170000013300000130000001260000012400000115000001220000013900000131
00000125000001370000015700000130000001280000012300000135000001220000015000000127
00000122000001460000015300000146000001230000011800000127000001530000013500000143
00000137000001280000015100000104000001290000013400000130000001330000014000000134
00000145000001310000012400000133000001290000012400000135000001240000010900000133
00000130000001460000014300000125000001340000014000000123000001290000014300000107
00000133000001120000016000000114000001390000014300000114000001310000013000000135
00000135000001320000012200000137000001400000012800000124000001250000013800000142
00000129000001190000014700000130000001330000013500000125000001480000010300000131
00000153000001520000012800000113000001350000013800000155000001370000014200000141
00000126000001410000013400000137000001370000013400000133000001640000012700000131
00000157000001390000014200000130000001230000012800000149000001230000014900000127
00000141000001400000015500000137000001420000013900000133000001310000015300000130
00000122000001290000012800000116000001300000014200000157000001440000014200000142
00000144000001400000013800000133000001120000012100000136000001300000012500000146
00000144000001480000015000000145000001470000013000000137000001230000015300000138
00000133000001370000013100000139000001510000013300000130000001300000014700000130
00000166000001220000012400000144000001250000015700000143000001350000015300000112
00000134000001170000013200000121000001540000014200000125000001390000013800000138
00000142000001160000012700000128000001240000012200000141000001380000015600000120
00000150000001260000014600000123000001450000014500000137000001260000012800000129
00000119000001210000014000000147000001300000012500000120000001270000013500000130
00000131000001490000014000000128000001580000012500000132000001160000013600000136
00000150000001130000013200000128000001510000012900000138000001280000013300000122
00000148000001220000012000000114000001340000011800000108000001070000011600000143
00000112000001160000012100000132000001260000012600000124000001380000012200000141
00000110000001110000011600000130000001190000011000000129000001240000011400000126
00000125000001100000012800000132000001370000013100000137000001340000012300000105
00000122000001280000012800000126000001170000013900000141000001450000012300000108
00000123000001410000012200000128000001180000012000000142000001150000012800000113
00000133000001190000010800000127000001420000012800000137000001250000011800000140
00000127000001340000009600000114000001160000013600000138000001230000013300000124
00000130000001050000012600000101000001300000009800000104000001280000011000000121
00000120000001100000012700000119000001030000012100000117000001250000011400000102
00000097000001030000011300000116000000940000010300000125000000940000012700000111
00000116000001230000011800000123000001140000010300000117000001360000012300000116
00000108000001050000010000000126000001220000010400000102000001160000009500000117
00000124000001140000009600000123000001090000011100000097000001100000011700000119
00000105000001160000011400000140000001220000008900000100000001160000012900000097
00000108000001230000009100000102000000920000009200000106000001140000011200000098
00000098000001080000008700000105000001020000010200000094000000780000010800000096
00000114000000850000009300000104000000830000008600000089000000790000009600000115
00000091000001030000009800000092000001200000010800000091000001070000010200000076
00000090000000830000009800000107000000950000010200000085000000930000010500000085
00000092000000870000009000000071000000850000010500000094000000780000008400000091
00000088000000930000008400000089000000840000008600000084000000950000009300000085
00000091000000840000010200000087000000960000007800000085000000980000007800000082
00000099000000680000008400000088000001020000009400000097000001090000008400000082
00000094000000750000011200000074000000720000006800000097000000900000008500000080
00000083000000870000009600000081000000740000006800000091000000900000009000000075
00000066000000750000009000000071000000880000008000000086000000620000006700000068
00000076000000600000007400000090000000690000008000000067000000960000007600000068
00000071000000710000006500000072000000740000007400000077000000680000007600000066
00000064000000720000006700000065000000690000006800000075000000610000005900000063
00000051000000610000006000000060000000680000005400000054000000630000006600000063
00000073000000650000006800000064000000710000005800000073000000710000006100000056
00000047000000540000005700000058000000590000004500000074000000520000004500000063
00000064000000650000005900000048000000570000004700000040000000460000005000000046
00000048000000530000004400000042000000360000005000000037000000540000004700000049
00000059000000550000003900000045000000460000004600000046000000420000003900000045
00000038000000360000004700000047000000520000004300000047000000460000004700000046
00000032000000380000003300000029000000370000004500000043000000460000004900000046
00000047000000280000004700000044000000340000003800000042000000340000003100000038
00000035000000290000003300000044000000450000003100000041000000350000003900000037
00000027000000360000003100000032000000380000003200000031000000420000003000000025
00000034000000320000002500000042000000230000004000000038000000300000003600000034
00000027000000280000003000000040000000350000002600000037000000350000003400000031
00000033000000310000002200000032000000270000003700000026000000390000003900000037
00000037000000200000003600000029000000280000003800000028000000250000003100000030
00000040000000360000002400000039000000370000005600000039000000320000002700000031
00000039000000370000002900000034000000410000004800000034000000350000003000000032
00000037000000290000003800000025000000260000002500000028000000300000003300000031
00000033000000290000002700000030000000390000002200000033000000240000002500000031
00000028000000310000003100000028000000390000002800000030000000320000003500000028
00000026000000410000002600000024000000270000002900000036000000240000003100000033
00000032000000270000002900000033000000370000003700000037000000450000003200000034
00000029000000300000002800000036000000370000003200000038000000290000003500000034
00000040000000330000003900000034000000450000003600000029000000340000002300000042
00000025000000200000002400000025000000320000002400000022000000220000002400000029
00000037000000410000002700000025000000330000002700000016000000260000002500000026
00000026000000250000001900000031000000270000003400000024000000260000003000000019
00000028000000250000002300000019000000160000002900000021000000180000003200000024
00000024000000210000003200000017000000310000002500000026000000260000002200000023
00000025000000250000003000000016000000320000002300000026000000240000001900000028
00000024000000270000001900000021000000150000002700000034000000260000002900000024
00000016000000230000002700000030000000240000002400000025000000260000003200000020
00000029000000260000002500000028000000280000003200000028000000190000003400000025
00000022000000330000001500000019000000340000003300000027000000230000002400000029
00000020000000250000002000000026000000280000002500000022000000260000002600000031
00000025000000250000002300000023000000210000001900000032000000130000003000000026
00000031000000210000003200000029000000290000003500000025000000270000002500000019
00000032000000330000003000000022000000300000003000000034000000320000002800000038
00000016000000290000003200000021000000400000002700000035000000310000002900000038
00000037000000360000003100000029000000350000003000000024000000320000003800000034
00000029000000270000003400000036000000340000002300000035000000410000002700000028
00000029000000400000002600000038000000260000003500000034000000380000002000000030
00000030000000270000003200000032000000340000003100000035000000280000002700000027
00000034000000360000003200000045000000410000001800000042000000470000002700000037
00000041000000330000003100000022000000310000003000000041000000340000003000000037
00000039000000390000003700000029000000340000003500000039000000370000003100000038
00000038000000290000003400000033000000320000004400000054000000420000003800000031
00000043000000390000003400000040000000380000003500000057000000370000003400000036
00000037000000420000004100000029000000320000004200000039000000450000005200000033
00000038000000500000004300000030000000470000003500000048000000410000004900000038
00000044000000470000005300000044000000370000002900000043000000380000004300000056
00000041000000440000003200000045000000400000004800000035000000350000004000000044
00000056000000430000004200000043000000310000004200000036000000480000004500000045
00000037000000380000003300000036000000430000005600000050000000440000004400000048
00000044000000510000005800000048000000550000004300000050000000380000003900000040
00000034000000430000005300000040000000490000005500000038000000450000005000000050
00000059000000430000005300000062000000400000004500000047000000520000004200000049
00000041000000460000003800000051000000430000005400000042000000410000004300000052
00000047000000520000005300000059000000550000005600000062000000430000004700000044
00000057000000580000005600000055000000420000004400000050000000530000006200000052
00000053000000640000004000000038000000560000006100000057000000530000005200000043
00000058000000500000004500000051000000560000007000000052000000530000005800000055
00000048000000550000006300000053000000520000004800000053000000620000005400000053
00000062000000530000005100000050000000520000006000000078000000510000005300000056
00000054000000410000006000000055000000580000005900000054000000680000006200000050
00000048000000520000004700000068000000560000006400000056000000540000006100000072
00000049000000670000006800000062000000650000006100000053000000470000008300000064
00000068000000500000006300000073000000610000005600000056000000600000006300000078
00000072000000600000006800000057000000570000006300000075000000750000007400000064
00000070000000690000006900000055000000620000006200000067000000640000007200000059
00000069000000640000005900000078000000580000005200000070000000620000008300000078
00000079000000710000006900000078000000660000007700000070000000750000007700000094
00000077000000780000009200000073000000830000007900000093000000780000009000000078
00000079000000890000010600000097000001000000009200000113000000950000011800000129
00000118000001280000014600000136000001460000019000000225000002280000028400000291
00000328000004100000045700000494000005930000070200000738000008290000088900000996
00001194000013010000132600001479000015980000169400001840000017790000179300001877
00001853000019540000196200001907000017640000179200001769000016980000157400001502
00001495000013580000130700001140000011030000099800000938000008400000073700000702
00000659000006080000056600000511000005070000043000000410000003810000034500000349
00000322000002590000025500000250000002470000023700000223000002180000022100000191
00000170000001470000014500000153000001350000012300000133000001340000012500000133
00000113000001270000011600000108000001030000007200000094000000920000009400000097
00000084000000960000008500000081000000850000008700000056000000820000009700000102
00000089000000950000009300000080000000750000007300000075000000940000008300000074
00000088000000700000006500000089000000810000007500000081000000870000008100000081
00000075000000930000008100000087000000770000008600000078000000700000006400000083
00000068000000770000007100000084000000760000009200000087000000830000007700000081
00000102000000840000009600000084000000890000007900000076000000750000008400000111
00000085000000780000007600000075000000930000010200000081000000850000008300000080
00000085000000890000008800000093000000950000009700000102000000810000008300000088
00000089000001020000009000000088000000780000010700000081000000920000007800000088
00000086000001010000007900000090000001100000010400000109000000920000008300000094
00000091000000890000007800000079000001100000008900000104000001120000009800000107
00000102000000850000009600000080000000760000009500000090000000850000008900000100
00000089000000990000009600000087000001000000010800000092000000890000009900000103
00000094000000770000010500000101000001130000010500000092000000730000008200000089
00000101000000970000010100000100000001020000009800000103000000940000011000000091
00000082000000950000008600000094000000930000009200000097000000910000009800000088
00000092000001000000010000000096000000950000010500000102000001020000011000000104
00000095000001000000010400000112000001140000009300000121000001070000009100000106
00000102000000980000008600000094000001140000008400000087000000860000008600000100
00000108000000970000010600000108000000970000010600000101000000920000010300000091
00000127000001190000009900000137000001070000008600000097000001010000008800000126
00000104000001090000010700000107000001010000011200000113000001110000010200000107
00000105000000910000009900000116000001090000011100000104000001020000011800000113
00000098000001050000011000000095000001010000010700000108000001040000012000000096
00000110000001140000010900000104000001080000010600000095000001200000010200000114
00000111000000950000012600000094000001280000011600000123000001190000011000000106
00000126000000950000010600000120000000900000009900000115000001210000012500000102
00000121000001250000013200000116000001280000010200000099000001150000012000000099
00000113000001290000013000000115000000980000012300000125000001040000012600000109
00000137000001350000012500000122000001300000013700000129000001000000012100000126
00000120000001340000011500000113000001250000008900000106000001220000012400000107
00000093000001200000009400000099000001260000012600000114000001170000010400000124
00000120000001200000011300000120000001440000011400000116000001230000012200000112
00000115000001200000011100000126000001340000013500000122000001310000012100000111
00000118000001260000010900000116000001130000012800000113000001250000011300000118
00000139000001050000011400000121000001260000013400000126000001190000010400000132
00000116000001110000015300000116000001240000011200000120000001310000011600000110
00000106000001240000012600000108000001240000013800000119000001320000013400000126
00000134000001230000013700000133000001110000010600000110000001310000011600000120
00000107000001170000013600000119000001040000010500000118000001040000011400000132
00000112000001470000011200000110000001200000012900000126000000970000012700000118
00000137000001440000012300000097000001280000013200000137000001120000012300000109
00000134000001340000013000000130000001090000011800000129000001330000011300000130
00000123000001110000011700000119000001260000013500000106000001120000011500000138
00000129000001320000010000000121000001100000013200000140000001190000011900000144
00000130000001130000013900000151000001260000013500000123000001210000012600000104
00000115000001200000012000000131000001280000013300000128000001090000011900000127
00000142000001490000014100000110000001360000012100000132000001170000013000000130
00000130000001090000011000000135000001200000010900000150000001130000011800000162
00000122000001450000012800000119000001140000011100000137000001150000015300000122
00000127000001480000014600000138000001120000014000000137000001550000013400000134
00000128000001200000013600000127000001470000012800000134000001190000012500000127
00000127000001260000011900000128000001390000014100000112000001390000013600000144
00000138000001220000013400000115000001340000014300000133000001270000014700000132
00000119000001360000011600000134000001230000011100000110000001090000013400000124
00000128000001290000014800000136000001380000012300000113000001210000009500000105
00000138000001300000015000000131000001220000010600000140000001230000014700000134
00000135000001260000013200000123000001340000015700000142000001290000012000000114
00000134000001410000012000000125000001170000015500000127000001260000013100000130
00000138000001360000012300000168000001460000015500000128000001370000012200000132
00000139000001220000015400000138000001360000013800000143000001280000015400000124
00000133000001500000013900000149000001390000015700000122000001570000013100000146
00000126000001340000014000000148000001420000013700000148000001500000012200000127
00000141000001250000013300000162000001270000011700000121000001450000013400000144
00000134000001410000015500000134000001370000013200000133000001350000014700000142
00000138000001310000014600000144000001340000015900000120000001150000014500000147
00000151000001330000013800000132000001520000012900000151000001110000014400000124
00000120000001330000012600000129000001560000011000000125000001410000012800000141
00000137000001380000014500000135000001220000011000000144000001350000013300000129
00000136000001220000012900000106000001160000013600000151000001480000013900000129
00000121000001320000014100000115000001410000012300000128000001560000011900000143
00000112000001400000014300000155000001240000013200000144000001200000013600000132
00000115000001230000013000000134000001280000014000000151000001490000013500000139
00000139000001160000013100000124000001260000014000000128000001240000015800000118
00000114000001280000012100000130000001540000011500000133000001330000012900000152
00000102000001200000015600000128000001250000014400000128000001240000012000000108
00000139000001570000010900000122000001350000013000000144000001340000014200000130
00000151000001320000015700000137000001320000013100000135000001200000013400000119
00000129000001270000012800000126000001190000011700000153000001380000014900000113
00000124000001220000012400000123000001210000013500000114000001110000012000000146
00000141000001480000013000000132000001470000012700000116000001290000013500000110
00000129000001120000011400000121000001050000012800000107000001070000012300000114
00000121000001260000012300000136000001010000012100000140000001270000010600000111
00000117000001290000010600000120000001210000010800000126000001130000012600000112
00000126000001210000011600000099000001230000013200000125000001080000012600000125
00000126000001170000011300000117000001130000010200000110000001010000010300000129
00000118000001100000012900000112000001290000011700000118000001050000013600000095
00000119000001110000010300000110000000990000010400000138000001070000011300000126
00000111000001020000012900000100000001050000009400000122000001140000011800000085
00000099000001030000009000000089000001000000010700000112000000970000012300000108
00000113000001030000009200000092000001120000012300000091000000950000010300000095
00000102000000890000008600000091000001020000008700000097000000870000009100000107
00000108000001190000009600000098000000850000010400000098000001120000010900000093
00000090000000910000008100000101000000800000010400000081000000900000009500000119
00000086000000740000010200000097000000820000010700000101000000930000009200000095
00000108000001070000009900000113000000980000009500000093000001030000008700000078
00000087000000960000006800000088000000870000009900000091000000890000008800000084
00000101000000780000008400000072000000850000009300000092000000890000007000000092
00000079000000910000009000000092000000880000008500000093000000830000009000000079
00000074000000750000008200000090000000690000007300000093000000800000009000000092
00000068000000850000008400000066000000900000008600000082000000700000008500000074
00000070000000840000008800000088000000840000008000000081000000840000009100000076
00000085000000660000009800000077000000820000008600000067000000660000007700000067
00000071000000680000006000000068000000780000006700000074000000700000005700000075
00000083000000880000007400000063000000650000008000000060000000570000007100000066
00000068000000560000007300000076000000570000006600000082000000610000006500000057
00000071000000690000005800000041000000590000005900000062000000510000006600000047
00000050000000560000006200000052000000450000004400000047000000540000005700000046
00000043000000540000006000000038000000510000006900000052000000550000004300000043
00000052000000470000004700000051000000590000004700000045000000420000004600000054
00000049000000590000003900000048000000420000004300000041000000400000005500000053
00000045000000520000004800000048000000330000003900000034000000540000005300000039
00000042000000430000004400000035000000400000004300000045000000550000004400000044
00000037000000410000004100000040000000430000003600000040000000300000004000000032
00000035000000390000002600000037000000410000002900000033000000390000004100000039
00000039000000380000004100000028000000400000003400000034000000350000002400000023
00000042000000440000003400000034000000380000003400000033000000360000002900000029
00000034000000240000003900000026000000370000001900000027000000430000002200000038
00000040000000280000003800000041000000310000002900000045000000300000002800000033
00000027000000260000003600000037000000280000003100000026000000280000002700000034
00000023000000270000003400000043000000460000003500000032000000360000003500000029
00000030000000340000002800000032000000340000003800000030000000290000003300000028
00000029000000400000002700000029000000270000003900000033000000340000004300000028
00000023000000390000002800000028000000280000003200000026000000320000003100000033
00000033000000340000002000000030000000350000002700000024000000250000002300000031
00000027000000360000003200000034000000290000003100000030000000240000004100000030
00000030000000180000003600000034000000300000003300000029000000300000003100000036
00000032000000290000003100000028000000220000002600000038000000280000002900000023
00000043000000390000002800000038000000270000003100000031000000290000003000000027
00000033000000330000003200000038000000260000002800000018000000220000002900000026
00000030000000210000002700000036000000150000002900000033000000240000002200000018
00000020000000310000002200000026000000280000002700000027000000230000003000000028
00000027000000210000002800000026000000210000002800000033000000250000002800000020
00000020000000290000002500000021000000260000002800000027000000220000002800000022
00000021000000240000002200000024000000260000002500000025000000230000002700000021
00000028000000150000002600000021000000290000002100000025000000220000002600000019
00000027000000190000002100000021000000270000003400000022000000250000001600000023
00000023000000280000002800000029000000310000002600000021000000250000001800000022
00000032000000270000003100000027000000220000001800000025000000320000003300000018
00000016000000330000002500000024000000250000002700000022000000230000003500000029
00000020000000210000002100000037000000360000002700000018000000390000003000000023
00000025000000240000003000000027000000250000003200000030000000310000003000000028
00000031000000210000002800000031000000220000003500000045000000230000002000000038
00000031000000220000003100000034000000340000002800000025000000230000003100000028
00000024000000350000003300000029000000390000002500000023000000270000001900000024
00000034000000280000002900000027000000200000004000000026000000380000002400000029
00000019000000300000003700000035000000360000003700000025000000280000002600000024
00000036000000220000003700000032000000300000002800000032000000410000003200000042
00000029000000210000004000000035000000340000003500000026000000210000003000000039
00000040000000330000003000000036000000310000004100000038000000460000003500000046
00000035000000300000004400000032000000300000003800000026000000360000002800000034
00000030000000420000003500000038000000270000003300000041000000320000002600000037
00000034000000310000004100000034000000370000003900000034000000450000003800000039
00000035000000400000004500000036000000390000004200000040000000420000003500000042
00000032000000410000002900000034000000470000004700000031000000330000004900000040
00000033000000380000003500000042000000410000005600000051000000480000004300000045
00000039000000350000004000000054000000400000004200000033000000520000004800000043
00000036000000310000003600000041000000360000004300000051000000410000004200000044
00000046000000400000004700000036000000380000004600000038000000410000004200000033
00000050000000610000003400000049000000430000004900000045000000450000005400000045
00000046000000440000004100000034000000470000005700000051000000430000003600000045
00000051000000400000004500000035000000460000003300000058000000230000004800000048
00000054000000530000004500000044000000460000006400000048000000500000004200000056
00000048000000490000004300000044000000480000005700000058000000660000005400000045
00000048000000510000004700000055000000490000004700000055000000450000005300000044
00000048000000620000007100000064000000460000005200000061000000630000004700000047
00000032000000560000006400000048000000660000005100000040000000530000005700000047
00000048000000560000006100000051000000460000004800000064000000380000005400000045
00000052000000630000005600000054000000530000006000000043000000460000006000000051
00000069000000490000006500000055000000520000006500000059000000510000005400000065
00000065000000540000006100000051000000530000006000000061000000560000005200000067
00000057000000470000005600000078000000690000005100000046000000540000005800000060
00000056000000530000006400000062000000720000007300000075000000710000005000000058
00000057000000580000007100000062000000620000005700000064000000600000006000000077
00000065000000660000007300000064000000690000006400000071000000570000007000000061
00000065000000690000005900000075000000610000006200000072000000600000006400000070
00000067000000690000008100000062000000680000007400000072000000740000007100000067
00000069000000860000008200000082000000980000007900000089000000800000008200000088
00000082000000920000008900000097000000820000008900000098000000960000010600000087
00000101000001150000012700000119000001350000016000000155000001730000021600000222
00000295000003360000032700000436000004510000050400000610000006450000069900000840
00000908000010320000112300001234000013840000146100001556000016330000171000001743
00001786000018190000184200001827000018720000183600001826000018220000171500001624
00001558000015360000140800001262000012110000112800001095000010160000091200000800
00000764000006770000066600000609000005690000054900000481000004130000041200000379
00000338000002970000028600000303000002740000023500000223000002380000023800000202
00000176000002040000018100000183000001500000016800000145000001220000012700000153
00000130000000960000011800000113000000990000010100000085000000970000009400000112
00000089000000870000008700000085000001040000010800000094000000860000008100000094
00000095000000860000008400000096000000820000007000000090000000800000010200000093
00000071000000920000007500000080000000870000009000000081000000810000006700000072
00000094000000820000007500000076000000740000009800000090000000900000006500000078
00000080000000970000009200000089000000780000009200000073000000850000009500000088
00000078000000810000008600000084000000830000008600000086000000810000009400000085
00000083000000920000007600000082000000850000009200000082000000880000009100000089
00000084000000800000008000000090000000870000007700000090000000910000008500000088
00000079000000840000010900000082000000810000009600000073000000980000010100000082
00000075000001040000009200000087000000820000009500000093000000900000008800000087
00000089000001070000009700000096000001000000008800000094000000870000009500000088
00000100000001050000010300000111000001040000009400000096000000740000008600000086
00000097000001200000009900000116000000850000009100000076000000950000010200000086
00000093000000860000006300000117000000850000009300000097000000930000009900000090
00000097000000880000008300000092000001000000010900000089000001000000009300000106
00000109000001050000009100000097000001040000009500000096000000910000009800000113
00000095000000850000009600000082000000970000009700000091000001110000009700000104
00000114000001070000009500000100000001030000009900000098000001020000010400000088
00000105000001090000008500000107000001270000011000000105000001000000009600000104
00000094000001020000011400000092000000870000011200000094000001130000011200000094
00000112000001080000009800000106000001120000010300000093000001030000011800000110
00000000000000000000000000000000000000000000000000000000000000000000000000000000
00000000000000000000000000000000000000000000000000000000000000000000000000000000
00000000000000000000000000000000000000000000000000000000000000000000000000000000
00000000000000000000000000000000000000000000000000000000000000000000000000000000
00000000000000000000000000000000000000000000000000000000000000000000000000000000
00000000000000000000000000000000000000000000000000000000000000000000000000000000
00000000000000000000000000000000000000000000000000000000000000000000000000000000
00000000000000000000000000000000000000000000000000000000000000000000000000000000
00000000000000000000000000000000000000000000000000000000000000000000000000000000
00000000000000000000000000000000000000000000000000000000000000000000000000000000
00000000000000000000000000000000000000000000000000000000000000000000000000000000
00000000000000000000000000000000000000000000000000000000000000000000000000000000
00000000000000000000000000000000000000000000000000000000000000000000000000000000
00000000000000000000000000000000000000000000000000000000000000000000000000000000
00000000000000000000000000000000000000000000000000000000000000000000000000000000
00000000000000000000000000000000000000000000000000000000000000000000000000000000
00000000000000000000000000000000000000000000000000000000000000000000000000000000
00000000000000000000000000000000000000000000000000000000000000000000000000000000
00000000000000000000000000000000000000000000000000000000000000000000000000000000
00000000000000000000000000000000000000000000000000000000000000000000000000000000
00000000000000000000000000000000000000000000000000000000000000000000000000000000
00000000000000000000000000000000000000000000000000000000000000000000000000000000
00000000000000000000000000000000000000000000000000000000000000000000000000000000
00000000000000000000000000000000000000000000000000000000000000000000000000000000
00000000000000000000000000000000000000000000000000000000000000000000000000000000
000000000000000000000000000000000000000000000000