 0006030 0000001 0000000 0004095 1041018 0061443
00000000000000000000000000000000000000000000000000000000000000000000000000000000
00000000000000000000000000000000000000000000000000000000000000000000000000000000
00000000000000000000000000000000000000000000000000000000000000000000000000000000
00000000000000000000000000000000000000000000000000000000000000000000000000000000
00000000000000000000000000000000000000000000000000000000000000000000000000000000
00000000000000000000000000000000000000000000000000000000000000000000000000000000
00000000000000000000000000000000000000000000000000000000000000000000000000000000
00000000000000000000000000000000000000000000000000000000000000000000000000000000
00000000000000000000000000000000000000000000000000000000000000000000000000000000
00000000000000000000000000000000000000000000000000000000000000000000000000000000
00000000000000000000000000000000000000000000000000000000000000000000000000000000
00000000000000000000000000000000000000000000000000000000000000000000000000000000
00000000000000000000000000000000000000000000000000000000000000000000000000000000
00000000000000000000000000000000000000000000000000000000000000000000000000000000
00000000000000000000000000000000000000000000000000000000000000000000000000000000
00000000000000000000000000000000000000000000000000000000000000000000000000000000
00000000000000000000000000000000000000000000000000000000000000000000000000000000
00000000000000000000000000000000000000000000000000000000000000000000000000000000
00000000000000000000000000000000000000000000000000000000000000000000000000000000
00000000000000000000000000000000000000000000000000000000000000000000000000000000
00000000000000000000000000000000000000000000000000000000000000000000000000000000
00000000000000000000000000000000000000000000000000000000000000000000000000000000
00000000000000000000000000000000000000000000000000000000000000000000000000000000
00000000000000000000000000000000000000000000000000000000000000000000000000000000
00000000000000000000000000000000000000000000000000000000000000000000000000000000
00000000000000000000000000000000000000000000000000000000000000000000000000000000
00000000000000000000000000000000000000000000000000000000000000000000000000000000
00000000000000000000000000000000000000000000000000000000000000000000000000000000
00000000000000000000000000000000000000000000000000000000000000000000000000000000
00000000000000000000000000000000000000000000000000000000000000000000000000000000
00000000000000000000000000000000000000000000000000000000000000000000000000000000
00000000000000000000000000000000000000000000000000000000000000000000000000000000
00000000000000000000000000000000000000000000000000000000000000000000000000000000
00000000000000000000000000000000000000000000000000000000000000000000000000000000
00000000000000000000000000000000000000000000000000000000000000000000000000000000
00000000000000000000000000000000000000000000000000000000000000000000000000000000
00000000000000000000000000000000000000000000000000000000000000000000000000000000
00000000000000000000000000000000000000000000000000000000000000000000000000000000
00000000000000000000000000000000000000000000000000000000000000000000000000000000
00000000000000000000000000000000000000000000000000000000000000000000000000000000
00000000000000000000000000000000000000000000000000000000000000000000000000000000
00000000000000000000000000000000000000000000000000000000000000000000000000000000
00000000000000000000000000000000000000000000000000000000000000000000000000000000
00000000000000000000000000000000000000000000000000000000000000000000000000000000
00000000000000000000000000000000000000000000000000000000000000000000000000000000
00000000000000000000000000000000000000000000000000000000000000000000000000000000
00000000000000000000000000000000000000000000000000000000000000000000000000000000
00000000000000000000000000000000000000000000000000000000000000000000000000000000
00000000000000000000000000000000000000000000000000000000000000000000000000000000
00000000000000000000000000000000000000000000000000000000000000000000000000000000
00000000000000000000000000000000000000000000000000000000000000000000000000000000
00000000000000000000000000000000000000000000000000000000000000000000000000000000
00000000000000000000000000000000000000000000000000000000000000000000000000000000
00000000000000000000000000000000000000000000000000000000000000000000000000000000
00000000000000000000000000000000000000000000000000000000000000000000000000000000
00000000000000000000000000000000000000000000000000000000000000000000000000000000
00000000000000000000000000000000000000000000000000000000000000000000000000000000
00000000000000000000000000000000000000000000000000000000000000000000000000000000
00000000000000000000000000000000000000000000000000000000000000000000000000000000
00000000000000000000000000000000000000000000000000000000000000000000000000000000
00000000000000000000000000000000000000000000000000000000000000000000000000000000
00000000000000000000000000000000000000000000000000000000000000000000000000000000
00000000000000000000000000000000000000000000000000000000000000000000000000000000
00000000000000000000000000000000000000000000000000000000000000000000000000000000
00000000000000000000000000000000000000000000000000000000000000000000000000000000
00000000000000000000000000000000000000000000000000000000000000000000000000000000
00000000000000000000000000000000000000000000000000000000000000000000000000000000
00000000000000000000000000000000000000000000000000000000000000000000000000000000
00000000000000000000000000000000000000000000000000000000000000000000000000000000
00000000000000000000000000000000000000000000000000000000000000000000000000000000
00000000000000000000000000000000000000000000000000000000000000000000000000000000
00000000000000000000000000000000000000000000000000000000000000000000000000000000
00000000000000000000000000000000000000000000000000000000000000000000000000000000
00000000000000000000000000000000000000000000000000000000000000000000000000000000
00000000000000000000000000000000000000000000000000000000000000000000000000000000
00000000000000000000000000000000000000000000000000000000000000000000000000000000
00000000000000000000000000000000000000000000000000000000000000000000000000000000
00000000000000000000000000000000000000000000000000000000000000000000000000000000
00000000000000000000000000000000000000000000000000000000000000000000000000000000
00000000000000000000000000000000000000000000000000000000000000000000000000000000
00000000000000000000000000000000000000000000000000000000000000000000000000000000
00000000000000000000000000000000000000000000000000000000000000000000000000000000
00000000000000000000000000000000000000000000000000000000000000000000000000000000
00000000000000000000000000000000000000000000000000000000000000000000000000000000
00000000000000000000000000000000000000000000000000000000000000000000000000000000
00000000000000000000000000000000000000000000000000000000000000000000000000000000
00000000000000000000000000000000000000000000000000000000000000000000000000000000
00000000000000000000000000000000000000000000000000000000000000000000000000000000
00000000000000000000000000000000000000000000000000000000000000000000000000000000
00000000000000000000000000000000000000000000000000000000000000000000000000000000
00000000000000000000000000000000000000000000000000000000000000000000000000000000
00000000000000000000000000000000000000000000000000000000000000000000000000000000
00000000000000000000000000000000000000000000000000000000000000000000000000000000
00000000000000000000000000000000000000000000000000000000000000000000000000000000
00000000000000000000000000000000000000000000000000000000000000000000000000000000
00000000000000000000000000000000000000000000000000000000000000000000000000000000
00000000000000000000000000000000000000000000000000000000000000000000000000000000
00000000000000000000000000000000000000000000000000000000000000000000000000000000
00000000000000000000000000000000000000000000000000000000000000000000000000000000
00000000000000000000000000000000000000000000000000000000000000000000000000000000
00000000000000000000000000000000000000000000000000000000000000000000000000000000
00000000000000000000000000000000000000000000000000000000000000000000000000000000
00000000000000000000000000000000000000000000000000000000000000000000000000000000
00000000000000000000000000000000000000000000000000000000000000000000000000000000
00000000000000000000000000000000000000000000000000000000000000000000000000000000
00000000000000000000000000000000000000000000000000000000000000000000000000000000
00000000000000000000000000000000000000000000000000000000000000000000000000000000
00000000000000000000000000000000000000000000000000000000000000000000000000000000
00000000000000000000000000000000000000000000000000000000000000000000000000000000
00000000000000000000000000000000000000000000000000000000000000000000000000000000
00000000000000000000000000000000000000000000000000000000000000000000000000000000
00000000000000000000000000000000000000000000000000000000000000000000000000000000
00000000000000000000000000000000000000000000000000000000000000000000000000000000
00000000000000000000000000000000000000000000000000000000000000000000000000000000
00000000000000000000000000000000000000000000000000000000000000000000000000000000
00000000000000000000000000000000000000000000000000000000000000000000000000000000
00000000000000000000000000000000000000000000000000000000000000000000000000000000
00000000000000000000000000000000000000000000000000000000000000000000000000000000
00000000000000000000000000000000000000000000000000000000000000000000000000000000
00000000000000000000000000000000000000000000000000000000000000000000000000000000
00000000000000000000000000000000000000000000000000000000000000000000000000000000
00000000000000000000000000000000000000000000000000000000000000000000000000000000
00000000000000000000000000000000000000000000000000000000000000000000000000000000
00000000000000000000000000000000000000000000000000000000000000000000000000000000
00000000000000000000000000000000000000000000000000000000000000000000000000000000
00000000000000000000000000000000000000000000000000000000000000000000000000000000
00000000000000000000000000000000000000000000000000000000000000000000000000000000
00000000000000000000000000000000000000000000000000000000000000000000000000000000
00000000000000000000000000000000000000000000000000000000000000000000000000000000
00000000000000000000000000000000000000000000000000000000000000000000000000000000
00000000000000000000000000000000000000000000000000000000000000000000000000000000
00000000000000000000000000000000000000000000000000000000000000000000000000000000
00000000000000000000000000000000000000000000000000000000000000000000000000000000
00000000000000000000000000000000000000000000000000000000000000000000000000000000
00000000000000000000000000000000000000000000000000000000000000000000000000000000
00000000000000000000000000000000000000000000000000000000000000000000000000000000
00000000000000000000000000000000000000000000000000000000000000000000000000000000
00000000000000000000000000000000000000000000000000000000000000000000000000000000
00000000000000000000000000000000000000000000000000000000000000000000000000000000
00000000000000000000000000000000000000000000000000000000000000000000000000000000
00000000000000000000000000000000000000000000000000000000000000000000000000000000
00000000000000000000000000000000000000000000000000000000000000000000000000000000
00000000000000000000000000000000000000000000000000000000000000000000000000000000
00000000000000000000000000000000000000000000000000000000000000000000000000000000
00000000000000000000000000000000000000000000000000000000000000000000000000000000
00000000000000000000000000000000000000000000000000000000000000000000000000000000
00000000000000000000000000000000000000000000000000000000000000000000000000000000
00000000000000000000000000000000000000000000000000000000000000000000000000000000
00000000000000000000000000000000000000000000000000000000000000000000000000000000
00000000000000000000000000000000000000000000000000000000000000000000000000000000
00000000000000000000000000000000000000000000000000000000000000000000000000000000
00000000000000000000000000000000000000000000000000000000000000000000000000000000
00000000000000000000000000000000000000000000000000000000000000000000000000000000
00000000000000000000000000000000000000000000000000000000000000000000000000000000
00000000000000000000000000000000000000000000000000000000000000000000000000000000
00000000000000000000000000000000000000000000000000000000000000000000000000000000
00000000000000000000000000000000000000000000000000000000000000000000000000000000
00000000000000000000000000000000000000000000000000000000000000000000000000000000
00000000000000000000000000000000000000000000000000000000000000000000000000000000
00000000000000000000000000000000000000000000000000000000000000000000000100000001
00000006000000240000004800000162000003190000048100000590000007510000069900000732
00000713000007330000073000000694000007000000070200000674000007050000066200000677
00000701000006600000062900000589000006260000063000000597000006260000059500000570
00000529000005110000049700000506000005500000046900000476000004380000042700000422
00000426000003940000038700000376000003680000035500000391000003260000029600000316
00000272000003060000024700000269000002700000022600000222000002650000024000000198
00000202000001810000017300000194000001640000018100000160000001470000014700000138
00000170000001250000012200000119000001080000011800000105000001260000010700000112
00000086000000810000009200000082000000760000006700000072000000670000006500000059
00000070000000600000005200000058000000480000003800000047000000440000004700000056
00000050000000460000004700000046000000260000004100000037000000340000003200000028
00000035000000310000003400000021000000240000002500000022000000230000002700000028
00000026000000300000002300000026000000220000001900000027000000140000002400000022
00000019000000220000001600000020000000220000000600000015000000250000001100000016
00000020000000190000001600000015000000180000001500000013000000100000001400000022
00000009000000150000002000000014000000130000000700000014000000200000001400000011
00000019000000170000001500000012000000190000001300000012000000090000001300000007
00000018000000110000001500000015000000160000001300000019000000160000002100000013
00000015000000120000001000000020000000120000001800000022000000150000001500000017
00000019000000090000001500000008000000110000001700000012000000150000001900000019
00000011000000200000001300000018000000250000002200000011000000130000002000000011
00000021000000160000002100000023000000160000001700000022000000170000001800000026
00000011000000150000002200000016000000200000001500000020000000140000002300000018
00000026000000170000003100000026000000280000002100000016000000230000002000000022
00000022000000280000001700000029000000400000002800000029000000260000003600000032
00000034000000200000002800000029000000340000004100000035000000320000003900000029
00000030000000370000002700000041000000260000003900000044000000280000003900000034
00000029000000480000003700000046000000470000003700000028000000440000004000000043
00000049000000580000004200000032000000390000005300000042000000470000004600000040
00000056000000430000004700000054000000490000004700000052000000460000004800000044
00000062000000410000005100000040000000590000004300000054000000450000004700000054
00000063000000430000004800000047000000610000005100000048000000490000005900000064
00000049000000610000006200000069000000560000006200000057000000620000006200000051
00000060000000740000005600000069000000510000006100000066000000580000005200000055
00000065000000510000004900000063000000550000005200000059000000650000005600000063
00000062000000690000006900000073000000620000006200000060000000630000005800000059
00000062000000490000005500000062000000690000005100000045000000620000005900000036
00000062000000630000006600000059000000570000006700000066000000640000006400000058
00000076000000650000006000000063000000690000007700000052000000650000006600000084
00000053000000530000005100000055000000590000006500000062000000580000006700000047
00000060000000620000006500000067000000610000006400000056000000660000004700000052
00000060000000530000004400000064000000540000006600000053000000630000006300000056
00000056000000460000006100000051000000580000005700000049000000440000005100000057
00000056000000600000005700000045000000520000007700000068000000580000004400000060
00000046000000490000005600000042000000550000004500000048000000530000004200000036
00000045000000530000005600000054000000520000005600000043000000450000004600000055
00000051000000510000004000000043000000360000003700000051000000500000003700000040
00000044000000360000005800000042000000400000002900000033000000530000003600000043
00000042000000410000004200000043000000370000003600000040000000360000003500000045
00000026000000460000003500000044000000360000003200000034000000380000003700000029
00000035000000400000004100000037000000390000003900000044000000330000004400000038
00000038000000330000003300000034000000350000002800000029000000280000002800000040
00000036000000320000003200000030000000280000001800000032000000360000002500000035
00000027000000300000003300000028000000330000003100000037000000350000003300000032
00000030000000320000003900000034000000470000003200000025000000180000002800000020
00000030000000240000003000000026000000210000003300000025000000280000002600000030
00000029000000320000002400000027000000250000003500000029000000170000003400000032
00000019000000230000002900000030000000280000003000000021000000210000003400000025
00000021000000280000002700000024000000270000002000000021000000200000001700000030
00000021000000180000002300000017000000240000001600000026000000290000002400000025
00000022000000150000001800000026000000200000002200000026000000200000003400000015
00000014000000200000002000000015000000130000002100000024000000220000002300000019
00000019000000180000001500000025000000210000001400000019000000170000002500000024
00000012000000150000001600000017000000200000002300000022000000150000001900000013
00000015000000070000001700000020000000230000001300000020000000140000001900000019
00000019000000170000002100000015000000160000001200000012000000150000001900000022
00000019000000130000001500000017000000140000001200000026000000170000002000000012
00000015000000160000001300000012000000110000001400000016000000070000001200000013
00000010000000110000002000000005000000110000001500000010000000100000000800000010
00000010000000130000001000000007000000060000000600000016000000110000001200000010
00000010000000140000000800000016000000100000001000000010000000130000000900000006
00000005000000120000000700000010000000120000001000000010000000100000001000000010
00000018000000080000001300000010000000070000000800000011000000130000001300000006
00000006000000150000000600000012000000100000000800000010000000040000000800000004
00000013000000060000001100000009000000050000000500000009000000120000000900000006
00000008000000100000000600000012000000080000000800000010000000100000000300000004
00000004000000080000000500000010000000040000001100000004000000100000000100000009
00000002000000030000000400000006000000120000001000000007000000090000000700000008
00000008000000060000000800000005000000070000000600000005000000050000000800000009
00000003000000100000000600000000000000050000000700000006000000080000000600000002
00000006000000040000000600000005000000040000000300000012000000020000000800000009
00000005000000070000000700000009000000040000000600000010000000020000000600000004
00000004000000020000000700000002000000080000000500000005000000050000000500000005
00000006000000070000000400000008000000040000000400000005000000000000000300000002
00000005000000040000000600000005000000050000000300000003000000030000000400000004
00000005000000090000000800000003000000080000000400000004000000040000000200000003
00000007000000020000000300000005000000080000000200000007000000080000000000000004
00000004000000020000000000000002000000030000000300000006000000030000000500000003
00000003000000050000000900000006000000070000000200000009000000030000000100000003
00000005000000030000000500000000000000000000000400000005000000020000000400000003
00000003000000030000000500000004000000050000000400000001000000010000000200000000
00000002000000030000000800000004000000030000000300000004000000020000000300000006
00000004000000010000000200000000000000030000000200000002000000060000000200000003
00000003000000000000000000000002000000040000000300000001000000030000000200000001
00000003000000050000000200000003000000040000000400000003000000040000000200000003
00000006000000030000000000000006000000040000000100000004000000020000000200000002
00000001000000040000000300000000000000040000000400000002000000050000000400000003
00000006000000010000000200000002000000010000000300000001000000030000000200000003
00000003000000030000000300000000000000020000000000000001000000050000000000000002
00000000000000050000000100000002000000030000000500000001000000060000000300000000
00000000000000020000000400000001000000010000000300000005000000000000000400000003
00000003000000030000000100000004000000020000000200000000000000020000000200000004
00000001000000000000000000000002000000020000000100000001000000000000000300000002
00000003000000000000000200000001000000030000000100000002000000010000000200000005
00000001000000010000000400000001000000010000000300000002000000010000000200000002
00000002000000010000000200000003000000000000000400000002000000020000000100000000
00000001000000000000000100000002000000020000000000000001000000020000000000000002
00000003000000010000000000000001000000030000000000000001000000000000000200000001
00000001000000020000000100000002000000010000000300000001000000020000000100000002
00000000000000000000000000000000000000010000000100000002000000020000000200000000
00000001000000010000000300000001000000010000000000000000000000020000000000000002
00000004000000020000000000000000000000020000000100000003000000020000000100000004
00000000000000020000000000000001000000010000000000000002000000010000000100000006
00000003000000010000000300000001000000020000000000000001000000010000000200000004
00000002000000000000000200000001000000020000000200000001000000020000000000000001
00000001000000020000000100000001000000010000000000000002000000000000000100000002
00000001000000000000000100000001000000010000000000000001000000000000000200000002
00000000000000010000000200000002000000000000000200000001000000000000000200000001
00000001000000010000000100000001000000020000000200000002000000000000000200000001
00000000000000010000000300000000000000010000000100000000000000010000000100000000
00000002000000000000000100000001000000010000000100000001000000000000000000000002
00000000000000010000000100000001000000000000000200000002000000010000000000000002
00000002000000010000000100000001000000000000000000000001000000020000000000000001
00000000000000000000000300000001000000010000000000000002000000010000000000000000
00000000000000000000000000000002000000010000000000000001000000000000000000000003
00000001000000020000000000000000000000000000000100000001000000000000000100000002
00000002000000000000000000000003000000000000000000000001000000010000000000000000
00000000000000000000000100000000000000020000000000000000000000030000000000000000
00000001000000010000000000000000000000010000000000000001000000010000000100000001
00000001000000010000000000000001000000000000000000000001000000010000000100000000
00000000000000000000000100000001000000010000000400000001000000010000000200000001
00000001000000020000000200000001000000000000000000000001000000010000000000000001
00000000000000000000000000000002000000000000000000000001000000020000000000000000
00000000000000000000000100000000000000000000000000000000000000010000000000000001
00000000000000000000000000000001000000010000000000000001000000000000000000000000
00000001000000000000000100000000000000010000000000000000000000010000000100000000
00000000000000000000000000000004000000010000000100000000000000000000000000000000
00000003000000020000000000000001000000000000000000000001000000000000000000000000
00000000000000030000000000000000000000010000000000000003000000000000000100000001
00000002000000000000000000000002000000000000000000000000000000020000000100000002
00000000000000000000000000000001000000010000000000000001000000010000000100000000
00000000000000000000000000000001000000020000000000000000000000000000000000000001
00000001000000000000000000000000000000010000000100000001000000010000000000000001
00000003000000010000000100000001000000000000000000000000000000000000000000000000
00000001000000010000000200000001000000000000000000000000000000000000000100000001
00000001000000000000000200000001000000010000000000000002000000000000000000000001
00000000000000000000000300000003000000000000000200000000000000000000000100000000
00000002000000000000000000000001000000030000000100000000000000010000000000000000
00000000000000010000000000000001000000000000000000000000000000020000000100000000
00000000000000000000000100000001000000000000000000000000000000000000000100000000
00000001000000000000000000000001000000020000000100000001000000000000000200000000
00000002000000000000000100000000000000000000000000000000000000010000000000000002
00000002000000000000000100000000000000000000000000000002000000000000000000000000
00000001000000000000000000000001000000010000000100000000000000010000000000000000
00000001000000000000000000000000000000000000000000000001000000000000000000000000
00000002000000000000000000000000000000030000000000000000000000000000000000000000
00000000000000010000000000000000000000020000000100000000000000000000000100000001
00000001000000010000000100000001000000010000000000000001000000000000000000000001
00000000000000010000000000000000000000010000000000000002000000000000000000000001
00000000000000010000000000000001000000010000000000000000000000010000000100000001
00000001000000010000000000000000000000000000000000000001000000000000000100000000
00000000000000010000000000000000000000000000000000000000000000010000000000000000
00000000000000010000000100000000000000000000000000000000000000000000000100000000
00000001000000020000000000000000000000020000000100000000000000000000000000000000
00000000000000000000000100000000000000010000000000000001000000000000000000000002
00000000000000000000000200000000000000000000000000000001000000010000000100000001
00000000000000010000000000000000000000000000000000000000000000000000000000000001
00000000000000000000000000000000000000000000000100000000000000000000000100000003
00000000000000000000000100000000000000010000000100000000000000010000000000000000
00000000000000000000000000000000000000000000000000000000000000000000000000000000
00000000000000000000000100000000000000000000000100000001000000000000000000000000
00000000000000000000000100000000000000000000000000000000000000000000000000000000
00000001000000000000000000000001000000000000000000000000000000000000000000000000
00000000000000000000000000000001000000010000000000000000000000000000000000000000
00000000000000010000000000000000000000000000000000000000000000000000000100000000
00000000000000000000000000000000000000020000000100000000000000000000000000000000
00000000000000000000000100000001000000000000000000000001000000010000000000000000
00000000000000010000000000000000000000010000000000000000000000000000000000000000
00000002000000000000000000000000000000010000000000000000000000000000000000000000
00000000000000000000000000000000000000010000000000000000000000000000000000000000
00000000000000010000000100000000000000000000000000000001000000000000000000000000
00000000000000000000000200000000000000020000000100000001000000000000000000000000
00000001000000000000000000000000000000000000000000000000000000000000000000000000
00000000000000000000000000000001000000010000000000000000000000010000000000000000
00000000000000000000000000000000000000020000000100000001000000000000000100000001
00000001000000000000000000000000000000000000000100000000000000010000000100000000
00000000000000000000000000000000000000000000000200000000000000000000000000000000
00000000000000020000000000000000000000000000000100000001000000000000000000000000
00000000000000010000000200000000000000010000000000000001000000000000000000000000
00000000000000010000000000000000000000000000000100000000000000000000000100000001
00000001000000000000000200000000000000000000000000000000000000000000000000000000
00000000000000010000000000000002000000000000000100000000000000000000000000000000
00000000000000000000000100000000000000000000000000000000000000000000000000000000
00000000000000010000000000000000000000000000000000000000000000000000000100000000
00000000000000000000000000000000000000000000000000000000000000000000000000000000
00000001000000000000000000000000000000000000000100000002000000000000000000000000
00000001000000000000000000000001000000000000000000000000000000010000000300000000
00000000000000010000000000000000000000000000000100000001000000000000000100000000
00000001000000000000000000000001000000010000000100000001000000000000000100000001
00000000000000000000000000000000000000000000000000000000000000020000000000000000
00000000000000000000000000000000000000000000000100000000000000000000000100000000
00000000000000000000000000000000000000000000000000000001000000000000000000000000
00000000000000000000000000000000000000010000000100000000000000000000000000000000
00000000000000000000000000000001000000010000000000000001000000030000000000000000
00000000000000000000000100000000000000010000000000000000000000010000000000000003
00000000000000010000000000000000000000000000000000000001000000000000000000000000
00000000000000000000000100000000000000000000000100000000000000000000000100000000
00000000000000010000000000000000000000010000000000000000000000000000000000000000
00000003000000000000000200000001000000010000000100000000000000000000000000000000
00000002000000000000000000000000000000000000000000000000000000010000000000000000
00000001000000000000000000000000000000000000000000000000000000020000000000000000
00000000000000000000000100000000000000000000000100000000000000010000000100000000
00000000000000000000000000000000000000000000000000000000000000010000000000000000
00000001000000000000000000000000000000000000000000000000000000010000000000000001
00000000000000000000000000000000000000000000000000000000000000000000000000000000
00000000000000000000000100000000000000010000000000000001000000000000000000000001
00000001000000000000000000000001000000000000000000000001000000000000000000000000
00000001000000000000000000000000000000000000000000000000000000000000000100000000
00000000000000000000000000000001000000000000000000000000000000020000000000000001
00000000000000000000000000000000000000000000000000000000000000000000000100000001
00000000000000000000000000000000000000020000000000000001000000010000000000000001
00000000000000010000000000000000000000010000000000000001000000000000000100000000
00000000000000010000000000000000000000000000000100000000000000000000000000000001
00000001000000000000000000000000000000000000000100000000000000000000000100000000
00000000000000000000000000000000000000000000000000000000000000000000000000000000
00000000000000000000000000000000000000000000000000000000000000000000000000000000
00000000000000000000000000000000000000000000000000000000000000000000000000000000
00000000000000000000000000000000000000000000000000000000000000000000000000000000
00000000000000000000000000000000000000000000000000000000000000000000000000000000
00000000000000000000000000000000000000000000000000000000000000000000000000000000
00000000000000000000000000000000000000000000000000000000000000000000000000000000
00000000000000000000000000000000000000000000000000000000000000000000000000000000
00000000000000000000000000000000000000000000000000000000000000000000000000000000
00000000000000000000000000000000000000000000000000000000000000000000000000000000
00000000000000000000000000000000000000000000000000000000000000000000000000000000
00000000000000000000000000000000000000000000000000000000000000000000000000000000
00000000000000000000000000000000000000000000000000000000000000000000000000000000
00000000000000000000000000000000000000000000000000000000000000000000000000000000
00000000000000000000000000000000000000000000000000000000000000000000000000000000
00000000000000000000000000000000000000000000000000000000000000000000000000000000
00000000000000000000000000000000000000000000000000000000000000000000000000000000
00000000000000000000000000000000000000000000000000000000000000000000000000000000
00000000000000000000000000000000000000000000000000000000000000000000000000000000
00000000000000000000000000000000000000000000000000000000000000000000000000000000
00000000000000000000000000000000000000000000000000000000000000000000000000000000
00000000000000000000000000000000000000000000000000000000000000000000000000000000
00000000000000000000000000000000000000000000000000000000000000000000000000000000
00000000000000000000000000000000000000000000000000000000000000000000000000000000
00000000000000000000000000000000000000000000000000000000000000000000000000000000
000000000000000000000000000000000000000000000000