 0006030 0000041 0000000 0004095 1041018 0061444
00000000000000000000000000000000000000000000000000000000000000000000000000000000
00000000000000000000000000000000000000000000000000000000000000000000000000000000
00000000000000000000000000000000000000000000000000000000000000000000000000000000
00000000000000000000000000000000000000000000000000000000000000000000000000000000
00000000000000000000000000000000000000000000000000000000000000000000000000000000
00000000000000000000000000000000000000000000000000000000000000000000000000000000
00000000000000000000000000000000000000000000000000000000000000000000000000000000
00000000000000000000000000000000000000000000000000000000000000000000000000000000
00000000000000000000000000000000000000000000000000000000000000000000000000000000
00000000000000000000000000000000000000000000000000000000000000000000000000000000
00000000000000000000000000000000000000000000000000000000000000000000000000000000
00000000000000000000000000000000000000000000000000000000000000000000000000000000
00000000000000000000000000000000000000000000000000000000000000000000000000000000
00000000000000000000000000000000000000000000000000000000000000000000000000000000
00000000000000000000000000000000000000000000000000000000000000000000000000000000
00000000000000000000000000000000000000000000000000000000000000000000000000000000
00000000000000000000000000000000000000000000000000000000000000000000000000000000
00000000000000000000000000000000000000000000000000000000000000000000000000000000
00000000000000000000000000000000000000000000000000000000000000000000000000000000
00000000000000000000000000000000000000000000000000000000000000000000000000000000
00000000000000000000000000000000000000000000000000000000000000000000000000000000
00000000000000000000000000000000000000000000000000000000000000000000000000000000
00000000000000000000000000000000000000000000000000000000000000000000000000000000
00000000000000000000000000000000000000000000000000000000000000000000000000000000
00000000000000000000000000000000000000000000000000000000000000000000000000000000
00000000000000000000000000000000000000000000000000000000000000000000000000000000
00000000000000000000000000000000000000000000000000000000000000000000000000000000
00000000000000000000000000000000000000000000000000000000000000000000000000000000
00000000000000000000000000000000000000000000000000000000000000000000000000000000
00000000000000000000000000000000000000000000000000000000000000000000000000000000
00000000000000000000000000000000000000000000000000000000000000000000000000000000
00000000000000000000000000000000000000000000000000000000000000000000000000000000
00000000000000000000000000000000000000000000000000000000000000000000000000000000
00000000000000000000000000000000000000000000000000000000000000000000000000000000
00000000000000000000000000000000000000000000000000000000000000000000000000000000
00000000000000000000000000000000000000000000000000000000000000000000000000000000
00000000000000000000000000000000000000000000000000000000000000000000000000000000
00000000000000000000000000000000000000000000000000000000000000000000000000000000
00000000000000000000000000000000000000000000000000000000000000000000000000000000
00000000000000000000000000000000000000000000000000000000000000000000000000000000
00000000000000000000000000000000000000000000000000000000000000000000000000000000
00000000000000000000000000000000000000000000000000000000000000000000000000000000
00000000000000000000000000000000000000000000000000000000000000000000000000000000
00000000000000000000000000000000000000000000000000000000000000000000000000000000
00000000000000000000000000000000000000000000000000000000000000000000000000000000
00000000000000000000000000000000000000000000000000000000000000000000000000000000
00000000000000000000000000000000000000000000000000000000000000000000000000000000
00000000000000000000000000000000000000000000000000000000000000000000000000000000
00000000000000000000000000000000000000000000000000000000000000000000000000000000
00000000000000000000000000000000000000000000000000000000000000000000000000000000
00000000000000000000000000000000000000000000000000000000000000000000000000000000
00000000000000000000000000000000000000000000000000000000000000000000000000000000
00000000000000000000000000000000000000000000000000000000000000000000000000000000
00000000000000000000000000000000000000000000000000000000000000000000000000000000
00000000000000000000000000000000000000000000000000000000000000000000000000000000
00000000000000000000000000000000000000000000000000000000000000000000000000000000
00000000000000000000000000000000000000000000000000000000000000000000000000000000
00000000000000000000000000000000000000000000000000000000000000000000000000000000
00000000000000000000000000000000000000000000000000000000000000000000000000000000
00000000000000000000000000000000000000000000000000000000000000000000000000000000
00000000000000000000000000000000000000000000000000000000000000000000000000000000
00000000000000000000000000000000000000000000000000000000000000000000000000000000
00000000000000000000000000000000000000000000000000000000000000000000000000000000
00000000000000000000000000000000000000000000000000000000000000000000000000000000
00000000000000000000000000000000000000000000000000000000000000000000000000000000
00000000000000000000000000000000000000000000000000000000000000000000000000000000
00000000000000000000000000000000000000000000000000000000000000000000000000000000
00000000000000000000000000000000000000000000000000000000000000000000000000000000
00000000000000000000000000000000000000000000000000000000000000000000000000000000
00000000000000000000000000000000000000000000000000000000000000000000000000000000
00000000000000000000000000000000000000000000000000000000000000000000000000000000
00000000000000000000000000000000000000000000000000000000000000000000000000000000
00000000000000000000000000000000000000000000000000000000000000000000000000000000
00000000000000000000000000000000000000000000000000000000000000000000000000000000
00000000000000000000000000000000000000000000000000000000000000000000000000000000
00000000000000000000000000000000000000000000000000000000000000000000000000000000
00000000000000000000000000000000000000000000000000000000000000000000000000000000
00000000000000000000000000000000000000000000000000000000000000000000000000000000
00000000000000000000000000000000000000000000000000000000000000000000000000000000
00000000000000000000000000000000000000000000000000000000000000000000000000000000
00000000000000000000000000000000000000000000000000000000000000000000000000000000
00000000000000000000000000000000000000000000000000000000000000000000000000000000
00000000000000000000000000000000000000000000000000000000000000000000000000000000
00000000000000000000000000000000000000000000000000000000000000000000000000000000
00000000000000000000000000000000000000000000000000000000000000000000000000000000
00000000000000000000000000000000000000000000000000000000000000000000000000000000
00000000000000000000000000000000000000000000000000000000000000000000000000000000
00000000000000000000000000000000000000000000000000000000000000000000000000000000
00000000000000000000000000000000000000000000000000000000000000000000000000000000
00000000000000000000000000000000000000000000000000000000000000000000000000000000
00000000000000000000000000000000000000000000000000000000000000000000000000000000
00000000000000000000000000000000000000000000000000000000000000000000000000000000
00000000000000000000000000000000000000000000000000000000000000000000000000000000
00000000000000000000000000000000000000000000000000000000000000000000000000000000
00000000000000000000000000000000000000000000000000000000000000000000000000000000
00000000000000000000000000000000000000000000000000000000000000000000000000000000
00000000000000000000000000000000000000000000000000000000000000000000000000000000
00000000000000000000000000000000000000000000000000000000000000000000000000000000
00000000000000000000000000000000000000000000000000000000000000000000000000000000
00000000000000000000000000000000000000000000000000000000000000000000000000000000
00000000000000000000000000000000000000000000000000000000000000000000000000000000
00000000000000000000000000000000000000000000000000000000000000000000000000000000
00000000000000000000000000000000000000000000000000000000000000000000000000000000
00000000000000000000000000000000000000000000000000000000000000000000000000000000
00000000000000000000000000000000000000000000000000000000000000000000000000000000
00000000000000000000000000000000000000000000000000000000000000000000000000000000
00000000000000000000000000000000000000000000000000000000000000000000000000000000
00000000000000000000000000000000000000000000000000000000000000000000000000000000
00000000000000000000000000000000000000000000000000000000000000000000000000000000
00000000000000000000000000000000000000000000000000000000000000000000000000000000
00000000000000000000000000000000000000000000000000000000000000000000000000000000
00000000000000000000000000000000000000000000000000000000000000000000000000000000
00000000000000000000000000000000000000000000000000000000000000000000000000000000
00000000000000000000000000000000000000000000000000000000000000000000000000000000
00000000000000000000000000000000000000000000000000000000000000000000000000000000
00000000000000000000000000000000000000000000000000000000000000000000000000000000
00000000000000000000000000000000000000000000000000000000000000000000000000000000
00000000000000000000000000000000000000000000000000000000000000000000000000000000
00000000000000000000000000000000000000000000000000000000000000000000000000000000
00000000000000000000000000000000000000000000000000000000000000000000000000000000
00000000000000000000000000000000000000000000000000000000000000000000000000000000
00000000000000000000000000000000000000000000000000000000000000000000000000000000
00000000000000000000000000000000000000000000000000000000000000000000000000000000
00000000000000000000000000000000000000000000000000000000000000000000000000000000
00000000000000000000000000000000000000000000000000000000000000000000000000000000
00000000000000000000000000000000000000000000000000000000000000000000000000000000
00000000000000000000000000000000000000000000000000000000000000000000000000000000
00000000000000000000000000000000000000000000000000000000000000000000000000000000
00000000000000000000000000000000000000000000000000000000000000000000000000000000
00000000000000000000000000000000000000000000000000000000000000000000000000000000
00000000000000000000000000000000000000000000000000000000000000000000000000000000
00000000000000000000000000000000000000000000000000000000000000000000000000000000
00000000000000000000000000000000000000000000000000000000000000000000000000000000
00000000000000000000000000000000000000000000000000000000000000000000000000000000
00000000000000000000000000000000000000000000000000000000000000000000000000000000
00000000000000000000000000000000000000000000000000000000000000000000000000000000
00000000000000000000000000000000000000000000000000000000000000000000000000000000
00000000000000000000000000000000000000000000000000000000000000000000000000000000
00000000000000000000000000000000000000000000000000000000000000000000000000000000
00000000000000000000000000000000000000000000000000000000000000000000000000000000
00000000000000000000000000000000000000000000000000000000000000000000000000000000
00000000000000000000000000000000000000000000000000000000000000000000000000000000
00000000000000000000000000000000000000000000000000000000000000000000000000000000
00000000000000000000000000000000000000000000000000000000000000000000000000000000
00000000000000000000000000000000000000000000000000000000000000000000000000000000
00000000000000000000000000000000000000000000000000000000000000000000000000000000
00000000000000000000000000000000000000000000000000000000000000000000000000000000
00000000000000000000000000000000000000000000000000000000000000000000000000000000
00000000000000000000000000000000000000000000000000000000000000000000000000000000
00000000000000000000000000000000000000000000000000000000000000000000000000000000
00000000000000000000000000000000000000000000000000000000000000000000000000000000
00000000000000000000000000000000000000000000000000000000000000000000000000000000
00000000000000000000000000000000000000000000000000000000000000000000000000000000
00000000000000000000000000000000000000000000000000000000000000000000000000000000
00000000000000000000000000000000000000000000000000000000000000000000000000000000
00000000000000000000000000000000000000000000000000000000000000000000000000000000
00000000000000000000000000000000000000000000000000000000000000000000000000000000
00000000000000000000000000000000000000000000000000000000000000000000000000000000
00000000000000000000000000000000000000000000000000000000000000000000000000000000
00000000000000000000000000000000000000000000000100000002000000020000001600000039
00000149000005140000158400003779000064560000862600009310000096480000952800009441
00009247000086170000853800008542000080950000795300007786000073920000711400006903
00006432000065020000616800005991000057840000567300005477000052890000519300004901
00004745000046340000443100004336000041310000390500003799000036980000350400003456
00003329000032800000322400002986000028690000278200002671000025470000250400002388
00002379000023200000223000002288000020970000202100002012000019370000184200001780
00001848000017750000169500001590000015790000145400001479000014790000141100001401
00001373000012870000120300001311000012480000116200001211000011740000116400001113
00001065000010510000103900000981000009570000099500000879000009200000090600000856
00000858000008310000083900000838000008140000075000000702000007710000067800000676
00000686000006520000061300000641000006530000060400000593000006200000063100000567
00000531000005610000051600000558000005440000047900000474000004730000042900000475
00000413000004520000043600000446000004350000039800000383000003800000043000000328
00000394000003770000038900000349000003660000032800000349000003540000033000000326
00000307000003240000031200000280000002660000025100000270000002460000024000000280
00000263000002490000024600000273000002220000023700000229000002400000024500000218
00000215000001990000018700000221000002040000020200000179000001970000017900000173
00000191000001970000018000000160000001640000016800000177000001510000015300000170
00000130000001530000015100000140000001440000013800000111000001460000013700000130
00000135000001380000013600000135000001350000011500000115000001240000010800000126
00000129000001190000012400000122000001150000009900000128000001000000010100000107
00000103000000930000012100000100000001020000009300000105000001000000010800000094
00000094000001030000009800000122000000960000009700000083000000990000009400000088
00000073000001020000008900000110000001040000009800000104000000990000011000000094
00000083000000840000010700000112000000940000010000000108000001010000010500000110
00000092000001030000009700000109000000970000010600000108000000950000011300000115
00000126000000980000012300000103000000980000012800000121000001500000012100000144
00000149000001280000016500000141000001490000013600000138000001530000015900000156
00000188000001980000018200000199000001670000016400000173000001620000018200000203
00000185000001850000020800000197000002200000020600000221000002150000021100000219
00000238000002540000028100000257000002550000025700000248000002610000022600000256
00000297000002810000029300000300000002550000028400000301000003380000027200000302
00000312000003050000033000000332000003350000032500000379000003470000034100000338
00000336000003570000040300000406000003940000037100000406000004250000037900000394
00000379000003880000037900000438000004190000037900000416000003740000043800000402
00000410000004460000047000000382000004460000042600000443000004530000043700000446
00000414000004290000038100000477000004770000045300000422000005050000044200000494
00000467000004560000045600000461000004500000044400000478000004540000044100000458
00000460000004570000042000000505000004530000048700000443000004890000047000000477
00000452000004350000045500000442000004620000043500000454000004690000046600000443
00000452000004600000044500000471000004400000046800000440000004260000047900000437
00000444000004490000046000000432000004620000043000000456000004350000043600000432
00000438000004100000046400000442000004330000046300000412000004350000043300000398
00000425000004150000041200000407000004450000043200000412000004090000039300000440
00000409000004310000044600000371000004130000039900000427000003850000042200000420
00000382000004320000040100000383000004050000037200000425000003250000038900000410
00000351000003630000038500000388000003650000036700000386000003470000039700000382
00000380000003720000037900000346000003550000035200000347000003550000032000000331
00000372000003620000033200000362000003380000035900000373000003340000034300000353
00000351000003550000033200000327000003210000032600000317000003290000031800000312
00000332000003290000034100000325000003220000032200000355000002960000029800000311
00000316000002850000032300000307000003210000030900000309000003040000026400000305
00000286000003000000028100000293000002650000029000000269000002840000027600000268
00000290000002910000026800000283000002990000030000000284000002850000026100000280
00000292000002740000027600000294000002630000026900000286000002690000025700000232
00000259000002540000028600000257000002470000025900000252000002420000027100000248
00000257000002640000024200000241000002470000021500000239000002350000024100000208
00000235000002190000022900000242000002490000024400000211000002230000022100000232
00000217000002230000020400000244000002370000020600000223000002250000021900000231
00000235000002400000019900000224000002000000020900000211000001940000021500000201
00000191000002060000020100000196000002110000020800000194000002080000019500000225
00000180000001690000020100000194000001950000019700000183000002030000021200000199
00000191000001700000018500000159000002040000017500000174000001980000015500000188
00000187000001670000018400000152000001840000015400000162000001420000017500000170
00000169000001880000017800000175000001810000014500000154000001670000015100000158
00000184000001470000016000000157000001500000016400000166000001620000017500000143
00000141000001430000012300000164000001290000013900000147000001530000013700000160
00000136000001400000014100000132000001370000014100000134000001230000013400000136
00000110000001230000013500000133000001230000013200000115000001440000013900000130
00000162000001420000010200000132000001310000013000000129000001160000013400000121
00000127000001280000011900000104000001170000011900000111000001220000011500000121
00000104000001350000011400000096000001280000012300000142000001200000013300000117
00000101000001150000009800000133000000980000009500000106000001020000011100000104
00000112000001120000010900000079000001190000010400000106000001000000010400000101
00000106000001020000010600000109000000830000009700000111000000820000008500000104
00000114000000900000009200000090000000890000009900000087000000910000009200000091
00000090000000880000008400000078000001030000009800000090000000740000008400000083
00000082000000780000009400000076000000850000009700000081000000990000008800000088
00000114000000770000009400000087000000770000008400000093000000680000008100000087
00000077000000650000008500000077000000580000006200000089000000850000007400000070
00000071000000790000008600000074000000740000005400000055000000790000006800000070
00000055000000840000007600000061000000470000007000000068000000730000006600000063
00000065000000700000007100000076000000620000006300000061000000550000006400000070
00000054000000610000006100000070000000690000006100000070000000620000006900000064
00000057000000580000006400000072000000610000006700000070000000670000007000000061
00000053000000700000007300000068000000460000005500000068000000690000006100000052
00000060000000490000006000000048000000520000005000000045000000620000004700000048
00000057000000470000004800000055000000410000005100000065000000540000004800000042
00000059000000410000005000000044000000580000004800000048000000700000005400000041
00000052000000510000004400000045000000490000005300000044000000480000005400000053
00000051000000420000005100000051000000450000004800000034000000600000005600000043
00000032000000460000005300000040000000440000004000000047000000500000004000000043
00000049000000430000003800000037000000400000004200000046000000380000004100000036
00000043000000390000002900000049000000420000003900000062000000390000004600000042
00000046000000430000004200000042000000360000003900000035000000390000004600000050
00000037000000310000004100000049000000370000004400000038000000430000004100000039
00000032000000290000004100000038000000370000003300000038000000340000003200000034
00000035000000290000003800000038000000340000004300000033000000400000003600000030
00000036000000280000003600000026000000350000003900000031000000300000002600000042
00000026000000280000003200000031000000290000002900000024000000300000002600000028
00000035000000260000002800000035000000230000003800000028000000370000002300000028
00000026000000230000003000000030000000290000003200000026000000280000003400000026
00000026000000210000002900000026000000210000002200000033000000330000003500000030
00000033000000410000004000000024000000310000002200000016000000260000002800000018
00000032000000350000002500000026000000210000001900000037000000260000003500000032
00000022000000290000002200000022000000180000003500000023000000240000002200000024
00000029000000190000002400000021000000210000002000000031000000250000002900000016
00000032000000200000002600000022000000180000001300000024000000230000001700000017
00000019000000240000001900000024000000180000001500000027000000260000002000000019
00000011000000290000002100000024000000190000001500000015000000230000001900000023
00000017000000160000002100000017000000190000001600000012000000150000001500000013
00000011000000240000001800000027000000160000002000000023000000170000001700000021
00000021000000110000002900000020000000190000001900000024000000200000002000000009
00000016000000170000001800000012000000150000002100000018000000120000001500000010
00000017000000190000001800000012000000250000001800000014000000170000001800000015
00000016000000160000001600000016000000120000001900000026000000150000001500000016
00000019000000180000001600000016000000150000001500000016000000190000002200000017
00000010000000120000001800000011000000170000001500000015000000120000001100000013
00000011000000180000002200000013000000190000001900000015000000180000001400000010
00000009000000170000001500000010000000100000001800000010000000150000001200000008
00000016000000130000001300000014000000120000001600000015000000110000001600000014
00000013000000100000001000000014000000100000001600000007000000120000001300000010
00000016000000080000000900000010000000110000001600000023000000200000001200000011
00000014000000090000000600000011000000100000001100000011000000140000000800000012
00000013000000110000001100000013000000180000000500000011000000100000001000000011
00000013000000120000001200000011000000140000000900000006000000130000000500000012
00000007000000120000000900000007000000210000000900000010000000130000001000000009
00000006000000050000001400000007000000170000001000000013000000100000000500000012
00000008000000110000000800000012000000030000000900000013000000070000001100000006
00000011000000100000000800000010000000100000000900000011000000100000001100000006
00000005000000060000001000000006000000100000000700000005000000050000001000000010
00000012000000050000001200000009000000170000001400000003000000060000001100000013
00000012000000100000000800000005000000080000001100000013000000110000000500000006
00000005000000180000000600000015000000140000000800000011000000090000000300000014
00000009000000080000000200000007000000130000000800000006000000080000000800000011
00000006000000070000001300000007000000080000001000000015000000080000000900000006
00000009000000100000001000000008000000030000000700000005000000050000001300000008
00000007000000070000000700000012000000100000000300000007000000140000000800000008
00000012000000060000000200000005000000060000000900000011000000050000000600000005
00000008000000040000000600000009000000030000001300000010000000100000000300000008
00000008000000150000000500000006000000040000001600000009000000080000000800000009
00000010000000030000000500000008000000060000000600000007000000070000000900000005
00000003000000040000000600000007000000040000000500000002000000060000000400000010
00000005000000070000001000000004000000040000001000000007000000080000000600000005
00000004000000090000000500000009000000090000000800000008000000070000000200000011
00000008000000050000000400000006000000120000000600000005000000050000000700000005
00000007000000120000000300000003000000060000000700000006000000060000000600000005
00000007000000080000000700000007000000110000000200000003000000060000000300000002
00000004000000060000000600000006000000050000000200000005000000090000000600000006
00000001000000020000000200000010000000050000000300000007000000060000000400000003
00000007000000050000001000000003000000040000000400000006000000030000000600000007
00000003000000050000000300000002000000060000000400000007000000060000000600000004
00000002000000050000000400000006000000080000000500000007000000090000000600000003
00000005000000040000000700000006000000080000000500000004000000060000000700000002
00000004000000040000000600000003000000040000000400000004000000090000000500000005
00000001000000050000000400000008000000090000000600000008000000030000000800000005
00000008000000040000000400000007000000080000000600000002000000040000000500000004
00000001000000050000000300000006000000060000000200000006000000030000000400000003
00000004000000020000000600000002000000070000000100000002000000060000000900000007
00000004000000080000000100000010000000070000000500000005000000040000000500000004
00000005000000060000000300000002000000070000000800000002000000060000000400000003
00000005000000080000000700000009000000050000000400000007000000020000000700000007
00000002000000090000001000000004000000020000000400000006000000040000000800000010
00000004000000020000000800000004000000080000000100000003000000060000000600000005
00000004000000070000000400000005000000040000000500000008000000020000000300000004
00000002000000060000000600000003000000040000001000000002000000040000000100000003
00000004000000050000000500000003000000040000000700000005000000020000000400000005
00000003000000060000000500000006000000060000000100000003000000030000000300000006
00000004000000040000000400000002000000020000000100000005000000020000000400000002
00000004000000030000000200000003000000090000000300000007000000020000000700000005
00000002000000030000000200000002000000040000000300000001000000060000000300000001
00000009000000030000000200000006000000040000000200000007000000030000000200000007
00000002000000020000000100000004000000070000000600000006000000060000000600000007
00000000000000010000000900000002000000010000000400000004000000060000000400000002
00000002000000090000000300000003000000090000000400000005000000040000000400000001
00000002000000070000000400000001000000050000000500000003000000060000000100000001
00000004000000040000000800000001000000050000000100000004000000030000000500000007
00000001000000020000000300000005000000060000000200000003000000030000000400000003
00000003000000030000000400000003000000020000000500000003000000020000000700000002
00000007000000040000000500000002000000040000000500000007000000040000000100000004
00000002000000060000000200000001000000060000000400000005000000040000000400000003
00000003000000080000000500000005000000070000000400000003000000040000000400000004
00000004000000030000000100000002000000040000000500000005000000010000000400000002
00000007000000030000000200000004000000070000000600000005000000010000000700000007
00000005000000040000000100000000000000040000000200000000000000070000000300000003
00000002000000030000000300000004000000010000000400000003000000040000000100000003
00000001000000030000000300000005000000060000000500000002000000010000000400000001
00000004000000030000000200000003000000020000000400000005000000030000000300000000
00000000000000050000000500000006000000030000000300000001000000050000000400000005
00000002000000020000000700000004000000070000000500000005000000030000000500000006
00000001000000030000000100000002000000050000000600000001000000050000000400000008
00000005000000030000000500000002000000060000000400000001000000020000000200000005
00000007000000040000000600000001000000040000000400000003000000020000000100000009
00000003000000060000000200000008000000010000000400000004000000030000000100000002
00000001000000060000000200000007000000040000000200000005000000040000000400000005
00000001000000090000000100000002000000040000000400000003000000050000000300000003
00000002000000020000000600000001000000040000000700000007000000020000000200000006
00000003000000030000000500000005000000040000000600000002000000030000000200000005
00000004000000060000000400000003000000030000000200000001000000070000000300000002
00000003000000020000000600000005000000050000000100000004000000090000000700000003
00000002000000010000000100000006000000040000000400000002000000050000000500000002
00000001000000060000000500000005000000030000000300000003000000090000000500000002
00000004000000060000000200000005000000070000000200000000000000020000000300000005
00000006000000060000000300000002000000070000000300000006000000040000000600000009
00000006000000050000000400000002000000030000000400000001000000040000000300000000
00000005000000050000000100000005000000030000000200000004000000050000000300000003
00000005000000040000000400000006000000040000000900000006000000010000000400000005
00000007000000030000000100000004000000050000000500000005000000010000000600000000
00000003000000050000000200000001000000080000000600000001000000050000000900000008
00000003000000040000000400000007000000040000000400000008000000040000000800000005
00000006000000060000000300000002000000040000000000000005000000030000000100000002
00000008000000080000000400000005000000030000000600000008000000040000000400000007
00000001000000030000000300000005000000040000000200000005000000050000000400000002
00000006000000040000000100000002000000050000000500000003000000070000000300000004
00000012000000030000000400000005000000050000000100000005000000040000000400000006
00000002000000050000000800000005000000030000000100000002000000020000000400000001
00000004000000060000000500000002000000040000000300000006000000070000000300000004
00000004000000040000000300000005000000040000000400000005000000030000000500000001
00000004000000070000000300000002000000050000000200000007000000020000000400000002
00000005000000080000000600000002000000050000000400000004000000090000000700000005
00000001000000040000000300000003000000020000000600000003000000040000000500000003
00000002000000030000000500000006000000050000000000000008000000040000000300000003
00000005000000060000000700000006000000050000000400000003000000040000000800000003
00000004000000010000000300000003000000010000000700000003000000030000000600000009
00000000000000000000000000000000000000000000000000000000000000000000000000000000
00000000000000000000000000000000000000000000000000000000000000000000000000000000
00000000000000000000000000000000000000000000000000000000000000000000000000000000
00000000000000000000000000000000000000000000000000000000000000000000000000000000
00000000000000000000000000000000000000000000000000000000000000000000000000000000
00000000000000000000000000000000000000000000000000000000000000000000000000000000
00000000000000000000000000000000000000000000000000000000000000000000000000000000
00000000000000000000000000000000000000000000000000000000000000000000000000000000
00000000000000000000000000000000000000000000000000000000000000000000000000000000
00000000000000000000000000000000000000000000000000000000000000000000000000000000
00000000000000000000000000000000000000000000000000000000000000000000000000000000
00000000000000000000000000000000000000000000000000000000000000000000000000000000
00000000000000000000000000000000000000000000000000000000000000000000000000000000
00000000000000000000000000000000000000000000000000000000000000000000000000000000
00000000000000000000000000000000000000000000000000000000000000000000000000000000
00000000000000000000000000000000000000000000000000000000000000000000000000000000
00000000000000000000000000000000000000000000000000000000000000000000000000000000
00000000000000000000000000000000000000000000000000000000000000000000000000000000
00000000000000000000000000000000000000000000000000000000000000000000000000000000
00000000000000000000000000000000000000000000000000000000000000000000000000000000
00000000000000000000000000000000000000000000000000000000000000000000000000000000
00000000000000000000000000000000000000000000000000000000000000000000000000000000
00000000000000000000000000000000000000000000000000000000000000000000000000000000
00000000000000000000000000000000000000000000000000000000000000000000000000000000
00000000000000000000000000000000000000000000000000000000000000000000000000000000
000000000000000000000000000000000000000000000000