 0000105 0000053 0000000 0004095 1040720 0182347
00000000000000000000000000000000000000000000000000000000000000000000000000000000
00000000000000000000000000000000000000000000000000000000000000000000000000000000
00000000000000000000000000000000000000000000000000000000000000000000000000000000
00000000000000000000000000000000000000000000000000000000000000000000000000000000
00000000000000000000000000000000000000000000000000000000000000000000000000000000
00000000000000000000000000000000000000000000000000000000000000000000000000000000
00000000000000000000000000000000000000000000000000000000000000000000000000000000
00000000000000000000000000000000000000000000000000000000000000000000000000000000
00000000000000000000000000000000000000000000000000000000000000000000000000000000
00000000000000000000000000000000000000000000000000000000000000000000000000000000
00000000000000000000000000000000000000000000000000000000000000000000000000000000
00000000000000000000000000000000000000000000000000000000000000000000000000000000
00000000000000000000000000000000000000000000000000000000000000000000000000000000
00000000000000000000000000000000000000000000000000000000000000000000000000000000
00000000000000000000000000000000000000000000000000000000000000000000000000000000
00000000000000000000000000000000000000000000000000000000000000000000000000000000
00000000000000000000000000000000000000010000000000000001000000000000000000000000
00000001000000000000000100000001000000010000000100000002000000010000000600000004
00000005000000030000000200000005000000060000000200000004000000060000000400000006
00000006000000040000000400000005000000020000000400000001000000050000000500000001
00000004000000080000000200000007000000190000001300000023000000410000007000000107
00000195000002230000030100000418000005060000063900000753000008460000091900000981
00001034000010640000100500001023000009920000098100000962000009520000096300000999
00000979000009750000095200000865000008820000095200000921000009140000089500000869
00000984000009480000096200000956000009520000105000001050000010040000105500001077
00001121000010960000108700001069000010140000099600000989000010200000097200001011
00001065000009640000092900000929000009090000091500000943000009670000093900000903
00000849000008720000084500000863000008750000085900000962000008400000088400000861
00000815000008420000075200000797000008330000086100000789000007640000081500000767
00000768000007950000081100000776000007260000075000000704000007130000072700000763
00000733000007290000072000000708000007160000071500000698000007520000069800000675
00000707000006570000064900000654000006720000069200000666000006470000069100000622
00000646000006570000062800000644000006630000066700000641000006080000063300000665
00000650000006040000061500000652000006140000063500000617000005890000057300000618
00000597000005540000055700000555000005710000056900000582000006200000054400000538
00000553000005770000051000000536000005670000054800000542000005340000054100000501
00000509000004560000049300000525000005060000050100000527000005230000051100000536
00000448000005490000048000000520000004660000048100000512000005110000050200000441
00000434000004950000050000000415000004550000043900000457000005040000044600000441
00000468000004370000046800000491000004570000047700000497000004350000038800000485
00000428000004440000043400000450000004310000043500000423000003970000042000000416
00000392000004210000045500000433000003810000041500000438000003770000039100000408
00000430000004070000043800000418000003720000035000000389000004010000038500000401
00000385000003750000036300000379000004190000038300000366000003890000035300000392
00000366000003710000038700000389000003840000036200000404000003850000033800000328
00000373000003670000036300000380000003370000036200000343000003570000037600000368
00000352000003610000038600000360000003390000037000000350000003440000036800000325
00000330000003930000035200000361000003560000037300000365000003610000036200000355
00000332000003300000032900000339000003340000033100000332000003280000030300000345
00000340000003710000037000000347000003320000034000000321000003420000032000000301
00000368000003320000033300000331000003540000031300000369000003380000028700000318
00000336000003340000035200000346000003430000029000000319000003510000033100000290
00000316000003040000029100000329000003320000030400000320000003240000033000000327
00000282000002870000031700000291000002870000030000000302000003050000029300000306
00000301000003000000031900000313000002970000027700000317000002950000029100000301
00000308000003150000026500000285000002650000031000000314000003420000029800000275
00000307000002710000032700000304000002970000032700000263000003130000027300000290
00000310000002930000029900000288000002960000025100000280000003410000027700000287
00000288000002920000032500000271000002950000030300000336000002880000027300000296
00000294000002900000029100000298000002740000031100000303000002630000029800000264
00000286000002960000027500000310000003030000028500000266000002900000025900000300
00000248000002940000029100000299000002680000026300000281000002780000028600000275
00000265000002880000028700000273000002770000028300000299000002880000029700000285
00000291000002660000026600000261000002640000030100000266000002470000027100000291
00000269000002530000024200000281000003030000023900000266000002550000028700000281
00000282000002770000026800000242000002590000026300000243000002560000025400000268
00000278000002650000024700000264000002570000023700000248000002410000026000000258
00000230000002240000026500000239000002450000023800000249000002610000024900000247
00000216000002600000021100000238000002350000022800000243000002250000025600000253
00000252000002590000021400000226000002310000023500000213000002590000021800000241
00000265000002410000021800000221000002290000022500000210000002470000022500000224
00000249000002470000023200000217000002090000022500000223000002330000023100000227
00000236000002370000021400000219000002310000020000000210000002400000021000000214
00000222000002290000021100000229000002200000022400000217000002230000021000000221
00000188000002010000021400000209000002000000019800000185000002230000021100000229
00000217000002120000019700000203000002040000020200000214000002000000020100000222
00000214000002110000022100000214000001890000018000000194000002220000019200000201
00000201000002300000020900000176000001850000020600000206000001770000019200000163
00000183000001990000018600000178000001820000018700000179000002040000016600000195
00000183000001820000018000000156000001850000015100000167000001710000018200000153
00000143000001540000016600000132000001610000016500000150000001780000014500000149
00000139000001590000013800000162000001420000015400000136000001390000011100000146
00000152000001420000012200000127000001400000010900000121000001170000011500000116
00000108000001030000010000000096000001210000012700000091000001140000010100000102
00000097000000800000010400000080000000730000007300000075000000730000010100000086
00000086000000660000009300000079000000650000007600000063000000580000007500000054
00000058000000660000006900000072000000580000006100000054000000480000005500000059
00000052000000460000006000000044000000430000003800000038000000490000002900000046
00000039000000290000004300000054000000400000003900000041000000410000002500000043
00000027000000360000004200000034000000300000002300000034000000210000002600000033
00000023000000210000002800000031000000210000003600000022000000300000002900000028
00000020000000300000002300000024000000320000002300000031000000240000002600000022
00000026000000170000002700000035000000270000002600000023000000260000002400000024
00000021000000290000002100000021000000200000002200000019000000180000001600000016
00000022000000200000002000000025000000200000001900000020000000280000003300000021
00000016000000390000002900000027000000180000001700000030000000310000001600000022
00000017000000180000001400000018000000240000001600000020000000180000001100000022
00000021000000110000001800000012000000210000001700000024000000150000001800000014
00000021000000160000001900000015000000240000001400000014000000190000001500000012
00000018000000190000001800000017000000140000001500000012000000210000001900000012
00000013000000130000001300000013000000120000001200000013000000140000001600000020
00000010000000110000001400000016000000120000001200000015000000170000001200000015
00000012000000140000001300000018000000170000001400000012000000140000000800000005
00000009000000100000000600000007000000080000001200000005000000060000000400000018
00000005000000130000000400000010000000070000001100000015000000040000001000000013
00000006000000100000000700000010000000110000000700000003000000090000001000000008
00000006000000060000001400000009000000060000000100000006000000080000000600000007
00000008000000070000000500000006000000040000000300000007000000050000000300000003
00000008000000060000001200000007000000050000000700000004000000070000000400000005
00000003000000060000000500000010000000020000000300000003000000060000000600000002
00000004000000040000000200000004000000080000000400000004000000060000000400000006
00000004000000040000000700000004000000060000000300000000000000050000000500000004
00000000000000060000000600000005000000040000000600000004000000040000000300000001
00000002000000020000000600000001000000050000000400000002000000060000000200000002
00000003000000060000000500000001000000040000000100000003000000040000000100000003
00000001000000040000000300000003000000040000000400000003000000030000000100000003
00000003000000020000000400000003000000020000000400000002000000040000000400000008
00000003000000020000000200000003000000030000000200000002000000020000000400000003
00000002000000020000000100000004000000000000000300000005000000030000000300000002
00000005000000020000000200000002000000020000000300000002000000040000000200000003
00000003000000040000000000000004000000010000000300000003000000050000000200000001
00000001000000020000000400000000000000030000000400000005000000040000000100000004
00000002000000030000000400000003000000020000000200000001000000010000000000000003
00000003000000030000000100000003000000040000000500000001000000010000000800000004
00000002000000030000000000000001000000050000000700000002000000030000000100000004
00000005000000010000000400000006000000030000000400000006000000030000000100000001
00000004000000030000000200000003000000020000000200000003000000010000001100000002
00000002000000030000000300000005000000050000000600000000000000020000000400000006
00000003000000020000000100000003000000010000000200000001000000030000000200000002
00000004000000020000000200000004000000010000000100000001000000010000000200000002
00000001000000010000000400000006000000000000000400000001000000010000000000000002
00000003000000010000000100000004000000030000000300000002000000030000000200000001
00000001000000070000000200000005000000010000000100000004000000020000000500000000
00000000000000020000000400000002000000030000000200000002000000020000000400000001
00000001000000010000000300000001000000040000000200000003000000060000000000000004
00000002000000010000000200000002000000010000000500000001000000030000000400000002
00000002000000010000000200000003000000000000000100000004000000030000000200000003
00000002000000010000000200000005000000020000000000000000000000010000000400000004
00000001000000020000000200000002000000050000000300000007000000030000000100000005
00000003000000010000000200000002000000030000000300000000000000030000000100000002
00000003000000010000000100000002000000010000000200000001000000040000000200000001
00000005000000020000000200000001000000030000000200000001000000000000000000000001
00000004000000030000000300000003000000040000000000000001000000030000000100000000
00000001000000010000000100000001000000020000000300000002000000010000000300000001
00000000000000040000000200000000000000010000000200000000000000030000000000000001
00000002000000040000000100000000000000020000000200000001000000010000000100000001
00000001000000010000000100000001000000020000000200000000000000010000000100000001
00000001000000010000000000000002000000020000000300000003000000010000000500000000
00000003000000010000000200000000000000010000000300000001000000010000000100000003
00000001000000010000000000000001000000000000000200000000000000020000000300000001
00000004000000020000000100000001000000010000000000000002000000010000000000000001
00000000000000020000000100000000000000030000000100000002000000000000000400000001
00000002000000010000000100000001000000000000000200000001000000030000000100000000
00000002000000030000000300000001000000010000000000000001000000040000000100000004
00000001000000010000000200000001000000020000000000000001000000000000000100000000
00000003000000050000000000000001000000020000000000000000000000010000000200000001
00000001000000000000000100000003000000010000000100000002000000030000000100000002
00000000000000040000000000000001000000010000000100000002000000020000000000000000
00000003000000010000000100000001000000000000000000000001000000010000000200000002
00000001000000000000000300000003000000000000000200000001000000010000000000000001
00000001000000000000000100000002000000020000000000000002000000000000000100000003
00000000000000000000000200000001000000020000000100000001000000000000000200000002
00000001000000010000000000000000000000020000000100000001000000020000000100000006
00000003000000020000000100000000000000000000000000000000000000020000000200000002
00000003000000020000000100000000000000010000000100000002000000020000000100000001
00000001000000010000000100000000000000000000000300000001000000020000000300000001
00000002000000020000000100000000000000010000000400000000000000000000000200000003
00000000000000010000000100000001000000010000000000000002000000030000000100000001
00000001000000010000000300000001000000030000000400000002000000000000000400000002
00000000000000030000000200000001000000010000000000000004000000020000000100000001
00000000000000000000000000000000000000010000000000000001000000010000000200000002
00000002000000020000000100000000000000020000000000000000000000000000000000000000
00000002000000000000000100000001000000010000000100000001000000020000000000000000
00000002000000000000000000000003000000030000000000000001000000010000000200000001
00000001000000010000000100000001000000000000000100000002000000030000000400000003
00000002000000000000000100000002000000020000000200000000000000000000000100000000
00000000000000010000000200000001000000010000000000000000000000010000000100000001
00000000000000010000000300000000000000000000000000000001000000000000000100000000
00000000000000010000000000000001000000010000000000000001000000020000000000000001
00000001000000010000000200000001000000040000000100000002000000020000000000000000
00000003000000020000000000000000000000010000000000000003000000000000000100000000
00000001000000000000000100000001000000000000000100000001000000010000000000000001
00000001000000010000000000000002000000010000000000000000000000020000000400000002
00000001000000010000000200000001000000010000000000000002000000000000000000000004
00000001000000010000000000000002000000000000000100000002000000000000000400000001
00000001000000020000000100000001000000020000000200000001000000000000000000000005
00000001000000010000000200000001000000030000000100000002000000010000000300000001
00000003000000010000000300000000000000010000000000000002000000020000000000000000
00000002000000010000000000000000000000010000000100000001000000020000000000000001
00000001000000000000000000000001000000000000000300000001000000030000000000000001
00000000000000030000000100000000000000020000000000000001000000000000000200000000
00000001000000010000000000000000000000040000000200000002000000010000000000000000
00000000000000020000000000000001000000020000000000000002000000000000000200000000
00000000000000010000000000000000000000020000000100000001000000000000000100000001
00000001000000010000000000000001000000000000000100000000000000020000000100000000
00000000000000000000000000000002000000030000000000000002000000000000000100000001
00000003000000000000000000000000000000040000000000000001000000000000000100000000
00000000000000020000000200000000000000000000000200000001000000000000000600000000
00000002000000010000000000000001000000020000000300000003000000000000000000000002
00000002000000000000000200000000000000010000000100000002000000000000000200000001
00000002000000010000000100000000000000020000000400000001000000000000000000000000
00000001000000010000000100000001000000010000000000000001000000000000000100000000
00000000000000020000000000000001000000010000000000000002000000010000000100000002
00000001000000020000000100000000000000020000000300000003000000010000000100000003
00000002000000000000000100000001000000010000000200000000000000020000000200000000
00000000000000020000000000000001000000010000000100000000000000010000000100000001
00000000000000020000000200000004000000050000000100000001000000000000000200000000
00000001000000020000000400000003000000000000000200000000000000010000000000000000
00000000000000010000000300000000000000010000000000000000000000000000000000000001
00000000000000010000000100000001000000010000000100000004000000010000000100000000
00000002000000010000000100000002000000010000000100000000000000000000000100000001
00000001000000010000000000000001000000010000000100000001000000000000000300000002
00000001000000000000000300000000000000000000000000000002000000000000000000000000
00000002000000010000000000000001000000010000000200000000000000000000000000000002
00000001000000010000000000000003000000020000000300000000000000010000000100000002
00000000000000010000000100000000000000010000000100000001000000010000000000000002
00000001000000030000000000000000000000010000000100000000000000020000000100000001
00000003000000020000000000000000000000010000000300000000000000010000000000000001
00000001000000010000000000000000000000000000000100000000000000010000000100000001
00000000000000020000000000000000000000010000000000000000000000010000000100000001
00000003000000000000000100000001000000010000000200000001000000000000000200000000
00000000000000020000000100000001000000010000000000000001000000010000000100000002
00000002000000010000000000000001000000010000000100000000000000000000000200000000
00000000000000000000000100000001000000020000000100000003000000010000000000000002
00000000000000000000000100000000000000000000000000000000000000000000000000000001
00000001000000000000000000000001000000000000000100000001000000020000000000000001
00000000000000010000000000000002000000010000000000000000000000010000000000000001
00000003000000000000000100000000000000000000000200000000000000000000000000000001
00000001000000010000000100000001000000000000000100000000000000010000000100000000
00000000000000010000000100000002000000000000000100000000000000000000000000000001
00000001000000000000000100000001000000010000000100000001000000020000000000000002
00000002000000000000000000000000000000000000000100000001000000050000000100000001
00000003000000000000000100000000000000000000000000000001000000020000000200000002
00000000000000000000000100000000000000010000000000000000000000010000000000000001
00000001000000010000000000000000000000000000000100000000000000000000000100000001
00000001000000010000000000000004000000010000000100000002000000000000000000000001
00000000000000000000000000000002000000010000000100000001000000020000000100000000
00000000000000010000000000000001000000020000000100000000000000010000000000000000
00000000000000000000000000000001000000000000000200000000000000010000000000000002
00000002000000000000000000000001000000000000000000000000000000010000000300000001
00000001000000020000000100000002000000020000000000000001000000020000000100000002
00000001000000010000000200000002000000000000000100000000000000010000000100000000
00000001000000020000000000000002000000010000000000000002000000020000000100000002
00000003000000000000000000000001000000000000000100000000000000000000000000000000
00000000000000010000000000000002000000000000000000000000000000010000000000000001
00000001000000000000000200000001000000000000000000000001000000010000000000000001
00000000000000030000000100000002000000000000000000000001000000010000000200000000
00000001000000000000000200000001000000010000000300000000000000020000000100000000
00000000000000000000000000000001000000000000000300000001000000010000000100000000
00000001000000000000000000000000000000010000000000000001000000000000000000000000
00000000000000000000000000000001000000000000000000000002000000010000000100000000
00000001000000000000000100000000000000020000000000000000000000000000000200000000
00000001000000000000000100000000000000000000000000000001000000020000000100000000
00000001000000000000000000000001000000000000000000000002000000030000000000000000
00000000000000000000000200000000000000010000000200000002000000020000000200000002
00000000000000000000000000000000000000000000000000000000000000000000000100000000
00000000000000010000000000000000000000010000000100000001000000000000000000000002
00000000000000000000000100000001000000010000000000000000000000000000000000000000
00000000000000020000000000000000000000000000000300000001000000030000000000000000
00000001000000000000000100000000000000010000000000000000000000010000000000000000
00000001000000010000000000000000000000010000000000000001000000000000000000000001
00000000000000000000000200000000000000010000000000000003000000000000000200000000
00000000000000010000000000000001000000000000000200000000000000010000000000000001
00000000000000010000000000000001000000000000000000000000000000000000000000000001
00000001000000020000000200000002000000010000000000000002000000000000000000000001
00000001000000000000000000000000000000000000000000000001000000000000000000000001
00000002000000000000000100000000000000000000000000000001000000010000000100000001
00000002000000000000000000000000000000000000000100000000000000000000000000000000
00000000000000000000000000000001000000010000000000000001000000000000000000000000
00000001000000000000000200000000000000010000000000000000000000000000000100000001
00000001000000000000000000000000000000010000000000000003000000000000000100000000
00000001000000000000000000000000000000010000000100000001000000000000000100000000
00000000000000000000000000000000000000020000000100000000000000000000000100000000
00000000000000000000000200000000000000020000000100000000000000000000000100000000
00000001000000020000000000000001000000000000000000000002000000000000000000000000
00000000000000000000000000000001000000010000000100000001000000000000000000000000
00000000000000000000000100000001000000000000000000000001000000000000000000000001
00000000000000000000000100000000000000000000000000000000000000000000000000000000
00000001000000010000000100000000000000000000000000000004000000020000000100000000
00000000000000000000000000000000000000010000000100000000000000010000000200000000
00000000000000000000000000000000000000010000000100000001000000000000000100000000
00000000000000010000000000000000000000020000000000000000000000000000000300000002
00000000000000000000000000000000000000010000000100000001000000000000000000000000
00000000000000010000000000000000000000000000000100000000000000010000000100000002
00000000000000000000000200000001000000000000000000000000000000020000000000000000
00000000000000000000000000000000000000000000000000000001000000000000000000000000
00000001000000000000000000000001000000000000000000000000000000010000000000000000
00000000000000010000000100000000000000010000000000000000000000010000000000000002
00000001000000000000000000000000000000000000000000000001000000000000000100000002
00000000000000000000000100000002000000000000000000000000000000010000000100000001
00000000000000010000000100000000000000050000000000000000000000000000000100000001
00000000000000000000000000000001000000000000000100000002000000010000000000000000
00000000000000000000000100000002000000020000000000000001000000000000000100000001
00000000000000000000000100000001000000000000000000000001000000010000000000000000
00000001000000010000000000000000000000000000000100000001000000020000000000000000
00000000000000000000000100000000000000000000000100000001000000020000000000000000
00000000000000010000000100000001000000000000000000000000000000000000000100000001
00000001000000020000000000000000000000000000000000000002000000000000000000000000
00000001000000010000000000000000000000000000000000000000000000000000000100000000
00000001000000010000000100000000000000000000000000000001000000020000000000000000
00000001000000010000000000000001000000000000000000000002000000000000000000000000
00000001000000010000000000000000000000000000000100000001000000000000000200000000
00000000000000000000000200000002000000010000000000000002000000010000000000000001
00000000000000010000000100000000000000010000000000000002000000000000000000000002
00000000000000000000000000000001000000010000000100000000000000000000000000000001
00000001000000000000000100000000000000010000000000000000000000000000000000000000
00000000000000010000000100000001000000000000000100000000000000000000000000000000
00000000000000020000000000000002000000000000000000000000000000000000000100000000
00000000000000000000000000000000000000000000000100000001000000010000000000000001
00000001000000010000000100000000000000020000000000000000000000000000000000000000
00000000000000010000000000000001000000010000000000000002000000000000000000000000
00000000000000020000000000000000000000000000000100000000000000000000000000000000
00000000000000000000000000000000000000000000000000000001000000020000000100000002
00000000000000010000000000000001000000000000000000000000000000000000000000000002
00000001000000000000000000000000000000000000000000000001000000010000000100000001
00000001000000000000000000000000000000000000000000000000000000000000000100000002
00000001000000000000000000000000000000010000000000000001000000010000000100000000
00000000000000000000000100000001000000000000000000000001000000030000000100000003
00000001000000000000000000000001000000000000000000000000000000000000000100000001
00000000000000000000000100000001000000010000000100000000000000010000000000000001
00000000000000000000000200000000000000020000000200000001000000000000000200000000
00000000000000010000000000000001000000000000000100000000000000010000000000000000
00000000000000000000000200000001000000010000000000000000000000010000000100000001
00000001000000010000000100000001000000000000000000000000000000000000000000000000
00000000000000010000000000000000000000000000000000000000000000010000000000000000
00000000000000000000000000000000000000010000000000000001000000000000000000000002
00000000000000010000000000000000000000000000000000000000000000000000000000000000
00000001000000010000000000000000000000000000000000000000000000000000000000000000
00000000000000000000000100000000000000000000000000000001000000010000000000000000
00000000000000000000000100000000000000000000000100000000000000000000000000000001
00000000000000010000000000000000000000000000000000000001000000010000000000000001
00000000000000000000000000000000000000000000000000000002000000000000000000000000
00000000000000000000000000000000000000010000000000000000000000010000000100000001
00000000000000000000000100000000000000010000000000000000000000000000000200000000
00000000000000000000000300000000000000000000000000000000000000010000000000000000
00000002000000010000000000000001000000000000000100000000000000000000000000000000
00000000000000000000000100000000000000000000000000000000000000010000000000000002
00000001000000000000000000000000000000000000000000000000000000000000000000000001
00000000000000000000000100000000000000000000000100000001000000000000000000000000
00000000000000000000000000000000000000020000000100000000000000000000000000000001
00000001000000000000000100000001000000000000000000000000000000000000000000000000
00000000000000020000000000000000000000000000000000000001000000010000000000000001
00000000000000000000000000000001000000000000000000000000000000000000000000000000
00000000000000010000000000000000000000000000000000000000000000010000000000000000
00000001000000000000000000000000000000000000000000000000000000010000000000000001
00000000000000010000000200000000000000000000000000000000000000000000000100000000
00000000000000000000000000000002000000000000000100000000000000000000000000000001
00000000000000000000000000000000000000000000000000000001000000000000000100000000
00000000000000010000000100000000000000000000000000000000000000000000000000000001
00000000000000020000000100000000000000000000000000000000000000010000000000000002
00000002000000000000000000000000000000010000000000000002000000000000000000000000
00000000000000000000000000000001000000010000000000000000000000010000000100000000
00000000000000000000000000000000000000000000000100000000000000000000000000000000
00000000000000000000000000000000000000010000000100000003000000000000000000000000
00000000000000000000000000000000000000010000000000000000000000000000000000000000
00000000000000020000000100000000000000000000000000000000000000010000000000000001
00000000000000000000000000000000000000020000000000000004000000000000000000000000
00000000000000000000000000000000000000000000000000000000000000000000000000000000
00000000000000000000000000000000000000000000000100000000000000000000000100000000
00000000000000000000000200000000000000000000000000000000000000000000000000000000
00000000000000000000000100000000000000000000000200000001000000000000000100000000
00000000000000000000000000000001000000000000000000000000000000000000000000000001
00000000000000000000000100000001000000010000000100000000000000010000000000000001
00000000000000000000000000000000000000000000000000000001000000010000000000000001
00000000000000010000000000000001000000010000000000000001000000000000000000000001
00000000000000000000000000000000000000000000000000000000000000000000000000000000
00000002000000000000000000000001000000000000000000000001000000000000000000000000
00000000000000000000000200000000000000000000000200000000000000000000000000000001
00000000000000000000000000000001000000000000000000000000000000000000000000000000
00000000000000000000000000000001000000010000000100000000000000000000000000000000
00000001000000000000000100000000000000000000000000000000000000010000000000000000
00000001000000000000000000000000000000000000000000000002000000000000000000000001
00000002000000000000000000000000000000000000000000000000000000000000000100000001
00000000000000010000000100000000000000000000000100000000000000000000000000000000
00000000000000000000000000000001000000000000000000000000000000000000000000000000
00000000000000000000000200000000000000010000000100000000000000010000000100000001
00000000000000000000000100000001000000030000000100000000000000000000000000000000
00000001000000000000000000000001000000020000000200000004000000010000000200000002
00000002000000000000000100000003000000000000000200000004000000020000000200000001
00000002000000040000000000000001000000030000000100000003000000030000000000000002
00000003000000060000000700000003000000060000000600000008000000070000000800000004
00000008000000120000001000000005000000070000000600000008000000060000000600000003
00000005000000010000000300000003000000050000000300000001000000030000000300000003
00000003000000030000000000000001000000020000000100000000000000010000000000000000
00000000000000000000000000000000000000000000000000000000000000000000000000000000
00000000000000000000000000000000000000000000000000000000000000000000000000000000
00000000000000000000000000000000000000000000000000000000000000000000000000000000
00000000000000000000000000000000000000000000000000000000000000000000000000000000
00000000000000000000000000000000000000000000000000000000000000000000000000000000
00000000000000000000000000000000000000000000000000000000000000000000000000000000
00000000000000000000000000000000000000000000000000000000000000000000000000000000
00000000000000000000000000000000000000000000000000000000000000000000000000000000
00000000000000000000000000000000000000000000000000000000000000000000000000000000
00000000000000000000000000000000000000000000000000000000000000000000000000000000
00000000000000000000000000000000000000000000000000000000000000000000000000000000
00000000000000000000000000000000000000000000000000000000000000000000000000000000
00000000000000000000000000000000000000000000000000000000000000000000000000000000
00000000000000000000000000000000000000000000000000000000000000000000000000000000
00000000000000000000000000000000000000000000000000000000000000000000000000000000
00000000000000000000000000000000000000000000000000000000000000000000000000000000
00000000000000000000000000000000000000000000000000000000000000000000000000000000
00000000000000000000000000000000000000000000000000000000000000000000000000000000
00000000000000000000000000000000000000000000000000000000000000000000000000000000
00000000000000000000000000000000000000000000000000000000000000000000000000000000
00000000000000000000000000000000000000000000000000000000000000000000000000000000
00000000000000000000000000000000000000000000000000000000000000000000000000000000
00000000000000000000000000000000000000000000000000000000000000000000000000000000
00000000000000000000000000000000000000000000000000000000000000000000000000000000
00000000000000000000000000000000000000000000000000000000000000000000000000000000
000000000000000000000000000000000000000000000000