 0000101 0000054 0000000 0004095 1040720 0162403
00000000000000000000000000000000000000000000000000000000000000000000000000000000
00000000000000000000000000000000000000000000000000000000000000000000000000000000
00000000000000000000000000000000000000000000000000000000000000000000000000000000
00000000000000000000000000000000000000000000000000000000000000000000000000000000
00000000000000000000000000000000000000000000000000000000000000000000000000000000
00000000000000000000000000000000000000000000000000000000000000000000000000000000
00000000000000000000000000000000000000000000000000000000000000000000000000000000
00000000000000000000000000000000000000000000000000000000000000000000000000000000
00000000000000000000000000000000000000000000000000000000000000000000000000000000
00000000000000000000000000000000000000000000000000000000000000000000000000000000
00000000000000000000000000000000000000000000000000000000000000000000000000000000
00000000000000000000000000000000000000000000000000000000000000000000000000000000
00000000000000000000000000000000000000000000000000000000000000000000000000000000
00000000000000000000000000000000000000000000000000000000000000000000000000000000
00000000000000000000000000000000000000000000000000000000000000000000000000000000
00000000000000000000000000000000000000000000000000000000000000000000000000000000
00000000000000000000000000000000000000000000000000000000000000000000000000000000
00000000000000000000000000000000000000000000000000000000000000000000000000000000
00000000000000000000000000000000000000000000000000000000000000000000000000000000
00000000000000000000000000000000000000000000000000000000000000000000000000000000
00000000000000000000000000000000000000000000000000000000000000000000000000000000
00000000000000000000000000000000000000000000000000000000000000000000000000000000
00000000000000000000000000000000000000000000000000000000000000000000000000000000
00000000000000000000000000000000000000000000000000000000000000000000000000000000
00000000000000000000000000000000000000000000000000000000000000000000000000000000
00000000000000000000000000000000000000000000000000000000000000000000000000000000
00000000000000000000000000000000000000000000000000000000000000000000000000000000
00000000000000000000000000000000000000000000000000000000000000000000000000000000
00000000000000000000000000000000000000000000000000000000000000000000000000000000
00000000000000000000000000000000000000000000000000000000000000000000000000000000
00000000000000000000000000000000000000000000000000000000000000000000000000000000
00000000000000000000000000000000000000000000000000000000000000000000000000000000
00000000000000000000000000000000000000000000000000000000000000000000000000000000
00000000000000000000000000000000000000000000000000000000000000000000000000000000
00000000000000000000000000000000000000000000000000000000000000000000000000000000
00000000000000000000000000000000000000000000000000000000000000000000000000000000
00000000000000000000000000000000000000000000000000000000000000000000000000000000
00000000000000000000000000000000000000000000000000000000000000000000000000000000
00000000000000000000000000000000000000000000000000000000000000000000000000000000
00000000000000000000000000000000000000000000000000000000000000000000000000000000
00000000000000000000000000000000000000000000000000000000000000000000000000000000
00000000000000000000000000000000000000000000000000000000000000000000000000000000
00000000000000000000000000000000000000000000000000000000000000000000000000000000
00000000000000000000000000000000000000000000000000000000000000000000000000000000
00000000000000000000000000000000000000000000000000000000000000000000000000000000
00000000000000000000000000000000000000000000000000000000000000000000000000000000
00000000000000000000000000000000000000000000000000000000000000000000000000000000
00000000000000000000000000000000000000000000000000000000000000000000000000000000
00000000000000000000000000000000000000000000000000000000000000000000000000000000
00000000000000000000000000000000000000000000000000000000000000000000000000000000
00000000000000000000000000000000000000000000000000000000000000000000000000000000
00000000000000000000000000000000000000000000000000000000000000000000000000000000
00000000000000000000000000000000000000000000000000000000000000000000000000000000
00000000000000000000000000000000000000000000000000000000000000000000000000000000
00000000000000000000000000000000000000000000000000000000000000000000000000000000
00000000000000000000000000000000000000000000000000000000000000000000000000000000
00000000000000000000000000000000000000000000000000000000000000000000000000000000
00000000000000000000000000000000000000000000000000000000000000000000000000000000
00000000000000000000000000000000000000000000000000000000000000000000000000000000
00000000000000000000000000000000000000000000000000000000000000000000000000000000
00000000000000000000000000000000000000000000000000000000000000000000000000000000
00000000000000000000000000000000000000000000000000000000000000000000000000000000
00000000000000000000000000000000000000000000000000000000000000000000000000000000
00000000000000000000000000000000000000000000000000000000000000000000000000000000
00000000000000000000000000000000000000000000000000000000000000000000000000000000
00000000000000000000000000000000000000000000000000000000000000000000000000000000
00000000000000000000000000000000000000000000000000000000000000000000000000000000
00000000000000000000000000000000000000000000000000000000000000000000000000000000
00000000000000000000000000000000000000000000000000000000000000000000000000000000
00000000000000000000000000000000000000000000000000000000000000000000000000000000
00000000000000000000000000000000000000000000000000000000000000000000000000000000
00000000000000000000000000000000000000000000000000000000000000000000000000000000
00000000000000000000000000000000000000000000000000000000000000000000000000000000
00000000000000000000000000000000000000000000000000000000000000000000000000000000
00000000000000000000000000000000000000000000000000000000000000000000000000000000
00000000000000000000000000000000000000000000000000000000000000000000000000000000
00000000000000000000000000000000000000000000000000000000000000000000000000000000
00000000000000000000000000000000000000000000000000000000000000000000000000000000
00000000000000000000000000000000000000000000000000000000000000000000000000000000
00000000000000000000000000000000000000000000000000000000000000000000000000000000
00000000000000000000000000000000000000000000000000000000000000000000000000000000
00000000000000000000000000000000000000000000000000000000000000000000000000000000
00000000000000000000000000000000000000000000000000000000000000000000000000000000
00000000000000000000000000000000000000000000000000000000000000000000000000000000
00000000000000000000000000000000000000000000000000000000000000000000000000000000
00000000000000000000000000000000000000000000000000000000000000000000000000000000
00000000000000000000000000000000000000000000000000000000000000000000000000000000
00000000000000000000000000000000000000000000000000000000000000000000000000000000
00000000000000000000000000000000000000000000000000000000000000000000000000000000
00000000000000000000000000000000000000000000000000000000000000000000000000000000
00000000000000000000000000000000000000000000000000000000000000000000000000000000
00000000000000000000000000000000000000000000000000000000000000000000000000000000
00000000000000000000000000000000000000000000000000000000000000000000000000000000
00000000000000000000000000000000000000000000000000000000000000000000000000000000
00000000000000000000000000000000000000000000000000000000000000000000000000000000
00000000000000000000000000000000000000000000000000000000000000000000000000000000
00000000000000000000000000000000000000000000000000000000000000000000000000000000
00000000000000000000000000000000000000000000000000000000000000000000000000000000
00000000000000000000000000000000000000000000000000000000000000000000000000000000
00000000000000000000000000000000000000000000000000000000000000000000000000000000
00000000000000000000000000000000000000000000000000000000000000000000000000000000
00000000000000000000000000000000000000000000000000000000000000000000000000000000
00000000000000000000000000000000000000000000000000000000000000000000000000000000
00000000000000000000000000000000000000000000000000000000000000000000000000000000
00000000000000000000000000000000000000000000000000000000000000000000000000000000
00000000000000000000000000000000000000000000000000000000000000000000000000000000
00000000000000000000000000000000000000000000000000000000000000000000000000000000
00000000000000000000000000000000000000000000000000000000000000000000000000000000
00000000000000000000000000000000000000000000000000000000000000000000000000000000
00000000000000000000000000000000000000000000000000000000000000000000000000000000
00000000000000000000000000000000000000000000000000000000000000000000000000000000
00000000000000000000000000000000000000000000000000000000000000000000000000000000
00000000000000000000000000000000000000000000000000000000000000000000000000000000
00000000000000000000000000000000000000000000000000000000000000000000000000000000
00000000000000000000000000000000000000000000000000000000000000000000000000000000
00000000000000000000000000000000000000000000000000000000000000000000000000000000
00000000000000000000000000000000000000000000000000000000000000000000000000000000
00000000000000000000000000000000000000000000000000000000000000000000000000000000
00000000000000000000000000000000000000000000000000000000000000000000000000000000
00000000000000000000000000000000000000000000000000000000000000000000000000000000
00000000000000000000000000000000000000000000000000000000000000000000000000000000
00000000000000000000000000000000000000000000000000000000000000000000000000000000
00000000000000000000000000000000000000000000000000000000000000000000000000000000
00000000000000000000000000000000000000000000000000000000000000000000000000000000
00000000000000000000000000000000000000000000000000000000000000000000000000000000
00000000000000000000000000000000000000000000000000000000000000000000000000000000
00000000000000000000000000000000000000000000000000000000000000000000000000000000
00000000000000000000000000000000000000000000000000000000000000000000000000000000
00000000000000000000000000000000000000000000000000000000000000000000000000000000
00000000000000000000000000000000000000000000000000000000000000000000000000000000
00000000000000000000000000000000000000000000000000000000000000000000000000000000
00000000000000000000000000000000000000000000000000000000000000000000000000000000
00000000000000000000000000000000000000000000000000000000000000000000000000000000
00000000000000000000000000000000000000000000000000000000000000000000000000000000
00000000000000000000000000000000000000000000000000000000000000000000000000000000
00000000000000000000000000000000000000000000000000000000000000000000000000000000
00000000000000000000000000000000000000000000000000000000000000000000000000000000
00000000000000000000000000000000000000000000000000000000000000000000000000000000
00000000000000000000000000000000000000000000000000000000000000000000000000000000
00000000000000000000000000000000000000000000000000000000000000000000000000000000
00000000000000000000000000000000000000000000000000000000000000000000000000000000
00000000000000000000000000000000000000000000000000000000000000000000000000000000
00000000000000000000000000000000000000000000000000000000000000000000000000000000
00000000000000000000000000000000000000000000000000000000000000000000000000000000
00000000000000000000000000000000000000000000000000000000000000000000000000000000
00000000000000000000000000000000000000000000000000000000000000000000000000000000
00000000000000000000000000000000000000000000000000000000000000000000000000000000
00000000000000000000000000000000000000000000000000000000000000000000000000000000
00000000000000000000000000000000000000000000000000000000000000000000000000000000
00000000000000000000000000000000000000000000000000000000000000000000000000000000
00000000000000000000000000000000000000000000000000000000000000000000000000000000
00000000000000000000000000000000000000000000000000000000000000000000000000000000
00000000000000000000000000000000000000000000000000000000000000000000000000000000
00000000000000000000000000000000000000000000000000000000000000000000000000000000
00000000000000000000000000000000000000000000000000000000000000000000000000000000
00000000000000000000000000000000000000000000000000000000000000000000000000000000
00000000000000000000000000000000000000000000000000000000000000000000000000000000
00000000000000000000000000000000000000000000000000000000000000000000000000000000
00000000000000000000000000000000000000000000000000000000000000000000000000000000
00000000000000000000000000000000000000000000000000000000000000000000000000000000
00000000000000000000000000000000000000000000000000000000000000000000000000000000
00000000000000000000000000000000000000000000000000000000000000000000000000000000
00000000000000000000000000000000000000000000000000000000000000000000000000000000
00000000000000000000000000000000000000000000000000000000000000000000000000000000
00000000000000000000000000000000000000000000000000000000000000000000000000000000
00000000000000000000000000000000000000000000000000000000000000000000000000000000
00000000000000000000000000000000000000000000000900000262000014190000268400003406
00003337000032280000312400003045000028990000282600002722000026370000258200002585
00002330000023070000202100002172000019420000191800001771000017220000173800001627
00001565000015020000147100001406000012850000125000001260000011850000115700001103
00001064000010610000096100001037000009080000088200000837000008470000085000000786
00000738000007340000072500000692000006580000063700000575000005370000059200000580
00000541000005250000051700000538000004630000048400000467000004510000043500000459
00000434000003810000038300000378000003550000039100000359000003410000034500000323
00000343000003230000032700000363000002790000030700000305000003050000027700000301
00000267000002590000027800000282000002650000026900000287000002860000026400000305
00000287000002900000031100000292000002860000029900000267000002990000028300000276
00000287000003020000028300000300000003270000035000000360000003390000034500000373
00000365000003740000036400000363000004110000037700000410000004200000042100000431
00000425000004550000046800000482000004770000052500000527000005430000054300000592
00000597000006400000061000000663000006410000067400000700000007080000078000000764
00000819000007990000086900000743000008790000092300000946000009760000102000001041
00001095000011140000115700001194000012530000125400001360000013590000133800001434
00001508000015000000152100001579000016650000163900001823000017800000187400001942
00001980000020690000209600002176000021860000225800002353000024550000244200002548
00002603000026690000272100002892000029250000300600003024000033040000327900003367
00003430000034830000353700003574000037160000388300003844000040100000409400004293
00004260000044180000465500004565000047150000464900004877000048590000505400005137
00005215000054840000545100005500000056690000586600005806000059630000612300006181
00006246000063500000662900006582000067140000686600006938000068840000715100007171
00007337000073440000749600007653000076630000763200007824000079950000791000008080
00008320000082920000845600008426000085530000850500008759000088320000879500008964
00009010000092530000917800009260000092930000941600009384000094330000962800009625
00009931000098430000964900009989000100810001023100009976000100690001026600010390
00010327000105090001038200010526000107650001062400010665000107160001082600010849
00010908000108520001100100010906000111080001086100011151000113780001105800011263
00011115000111460001119100011383000111070001118800011472000114010001119400011311
00011404000113180001122000011395000114440001120400011321000114490001135000011324
00011554000113890001129000011413000115050001153200011363000112680001101300011210
00011197000113890001131700011215000112250001122400011166000109760001122600011113
00011261000110830001116000010915000111290001102000011081000109090001093100011021
00010701000107730001065900010748000106770001053900010638000106310001053600010495
00010434000104400001022900010361000102960001015800010313000100180001022500010098
00009817000099640001000900009986000099460000974700009854000096440000957800009482
00009460000094560000942100009323000093790000934400009110000091330000926500009211
00009111000089860000889300008789000087210000866100008636000087100000877000008383
00008461000083590000841300008293000083520000825500008385000080730000805700008145
00007998000077530000805500007806000078690000770500007603000076250000757300007484
00007402000074730000726900007273000073670000726000007199000071450000699900007050
00006924000070420000669000006850000065930000664400006701000066570000657900006410
00006425000063350000630500006191000061910000632000006161000061930000601300006055
00005978000058160000574300005752000058660000583900005548000055660000559200005530
00005508000054150000544000005314000053350000517900005147000052870000513200005047
00005049000049300000508300004887000049640000494900004807000047770000474900004629
00004739000045470000444900004606000045590000442200004353000043540000439800004254
00004248000042270000424000004120000041840000404200004153000039300000398800003932
00003863000039740000407600003773000037250000373900003854000036770000365600003575
00003663000035850000356200003460000034270000337300003304000033200000339000003397
00003294000032880000312900003177000032280000316100003038000030570000298700002932
00002959000029270000284100002850000027750000283600002792000028000000285500002668
00002623000025830000261100002708000025890000263000002626000025630000249800002530
00002491000024420000235900002362000024750000241500002345000023800000230000002378
00002217000022080000220700002244000021760000221100002125000021240000214400002092
00002090000020050000205400001973000019850000206800001919000018650000190100001932
00001869000018540000190500001856000017720000182000001911000017510000178500001699
00001668000017660000174000001741000016080000165100001570000015630000154700001597
00001549000015440000153600001542000015120000149200001506000014250000151500001436
00001420000014270000134300001305000013280000136200001317000013720000132100001271
00001329000013150000126900001265000012270000121700001212000011760000118600001162
00001125000011150000113000001088000011060000113800001098000011860000109300001101
00001031000010520000099600001047000010430000099300000972000009920000103200000976
00000977000009230000094500000954000009620000098600000910000009260000088400000933
00000892000008740000086700000875000008480000088500000779000008780000083600000804
00000786000008060000080000000814000007450000077700000779000007400000075600000759
00000769000007200000075100000716000007180000071600000658000006850000064500000680
00000673000006370000066800000616000006680000067000000611000006350000064400000626
00000618000006090000058500000640000005970000061600000573000005700000060100000578
00000598000005330000057300000539000005710000057200000551000005440000049700000483
00000497000004950000050100000511000004930000047500000478000004930000047700000437
00000459000004690000042600000467000004480000046400000443000004770000040200000429
00000445000004530000038900000410000003980000041900000420000004360000042500000448
00000374000003570000039000000351000003640000038800000365000003670000042500000342
00000375000003550000036300000345000003550000033700000354000003470000031800000321
00000336000003170000031300000333000003300000029600000276000003140000029300000304
00000332000002770000028500000266000002800000028500000250000003040000029500000282
00000277000002550000030200000262000002760000026100000268000002550000024500000264
00000234000002470000024200000267000002400000023800000259000002690000023300000283
00000230000002170000023700000214000002320000023000000222000002400000019800000209
00000237000002070000020500000217000002210000019400000198000001900000019200000204
00000207000002110000017200000214000001980000016500000201000001880000018600000177
00000175000001820000018800000172000001920000015700000177000001710000018200000169
00000182000001600000015500000169000001530000017200000159000001440000017100000168
00000163000001540000017300000146000001590000016500000153000001690000013800000141
00000154000001570000014200000132000001360000013600000143000001390000016400000120
00000133000001430000012300000138000001320000012300000112000001500000011900000137
00000126000000990000014400000139000001340000011500000113000001150000011200000122
00000115000001070000011300000123000001200000009600000120000001010000010700000110
00000117000001130000010200000098000001020000011000000104000000950000010200000105
00000114000001020000009900000090000001030000011300000081000001180000008400000101
00000088000001010000008500000074000001000000009700000077000000850000009400000084
00000087000000760000007600000084000000930000008500000083000000700000008200000067
00000083000000810000009200000085000000860000008300000083000000670000007300000083
00000064000000800000006600000075000000730000007900000070000000660000007100000061
00000045000000780000007000000070000000820000008100000067000000470000006000000063
00000059000000650000007100000078000000580000006100000056000000560000005700000069
00000060000000750000006200000050000000630000006700000060000000560000005800000057
00000064000000660000004400000057000000480000006400000056000000490000006900000054
00000049000000560000005100000052000000640000005700000057000000420000006200000052
00000045000000470000004200000058000000470000004400000060000000510000004700000048
00000030000000540000005300000045000000480000004500000045000000460000004200000041
00000042000000550000004900000053000000560000004100000052000000420000003900000060
00000040000000340000005700000037000000460000004200000027000000480000004400000041
00000042000000250000002900000030000000290000004300000047000000410000004000000036
00000040000000430000003000000044000000240000003300000038000000310000003000000020
00000025000000400000003300000032000000290000004300000039000000320000003300000034
00000029000000320000003200000032000000320000002200000038000000350000003000000039
00000022000000380000003100000032000000480000002700000023000000270000003600000033
00000034000000310000003300000027000000410000001900000023000000290000002300000029
00000034000000320000002600000033000000350000002300000028000000200000002400000028
00000029000000290000002600000028000000260000002600000035000000300000002300000023
00000034000000210000002200000027000000260000002400000020000000230000002400000025
00000029000000300000002800000040000000310000003000000022000000200000002400000026
00000025000000200000002200000021000000170000002800000020000000290000002700000022
00000019000000160000001800000014000000170000001800000027000000200000001800000025
00000018000000180000001800000020000000190000002300000023000000160000002600000021
00000020000000130000002000000022000000140000001900000018000000180000001300000018
00000025000000160000002400000011000000200000002000000017000000240000002500000013
00000008000000140000002400000028000000110000002200000015000000180000000800000019
00000016000000110000001600000019000000080000001600000015000000210000001000000017
00000013000000180000001400000014000000100000001400000023000000190000001500000015
00000016000000180000001300000009000000110000001500000011000000180000001300000015
00000019000000150000001400000011000000140000001800000012000000150000002000000019
00000010000000140000001800000015000000140000001200000015000000170000001000000011
00000014000000100000001600000012000000120000000800000015000000110000000600000011
00000011000000110000001400000021000000190000001200000008000000100000001600000013
00000009000000150000000900000013000000210000000500000012000000170000000900000015
00000012000000090000001500000012000000070000001300000011000000040000001400000014
00000008000000100000001300000008000000160000001400000011000000130000001000000012
00000014000000080000001400000010000000120000001200000010000000140000000800000007
00000010000000160000000700000007000000090000000900000013000000080000001000000007
00000017000000060000001200000012000000110000000900000011000000100000001300000008
00000011000000170000001100000007000000080000000700000011000000090000001000000003
00000006000000140000000400000010000000070000001200000002000000100000001000000008
00000010000000040000000400000006000000050000000900000010000000090000000600000009
00000009000000120000001300000007000000130000000900000009000000130000000800000012
00000008000000050000000700000009000000050000000800000002000000080000000500000012
00000014000000170000000500000006000000110000000600000007000000090000000700000006
00000016000000060000000800000008000000090000000800000006000000100000000700000004
00000011000000040000000700000010000000060000000500000007000000080000000800000008
00000010000000060000000800000007000000070000001200000009000000030000000600000007
00000008000000090000000300000003000000040000000800000007000000040000000500000013
00000005000000090000001200000007000000050000000400000003000000060000000300000011
00000008000000050000000600000006000000040000001100000013000000070000000700000004
00000015000000030000000900000005000000040000000800000009000000050000000800000003
00000004000000070000001000000005000000070000000900000006000000070000000600000004
00000007000000050000000600000003000000070000000500000008000000060000000600000004
00000008000000030000001100000010000000080000001100000007000000050000000700000005
00000006000000040000000400000009000000050000000500000005000000040000000600000005
00000004000000070000000600000007000000080000000300000005000000040000000300000006
00000007000000060000000900000005000000050000000900000003000000030000000400000006
00000010000000020000000800000004000000050000000600000006000000090000000900000006
00000010000000050000000700000011000000060000000500000006000000040000000300000004
00000004000000070000000300000009000000070000000900000003000000060000000700000003
00000005000000030000000600000005000000020000000400000004000000070000000400000003
00000002000000070000000400000004000000040000000500000002000000060000000300000007
00000004000000100000000100000003000000060000000300000002000000040000000200000012
00000005000000020000000300000004000000040000000400000005000000040000000400000004
00000003000000050000000600000005000000030000000300000004000000070000000600000006
00000011000000040000000300000006000000070000000400000003000000000000000100000005
00000002000000020000000500000003000000010000000500000003000000060000000500000002
00000005000000030000000200000010000000110000000600000002000000030000000200000002
00000004000000070000000500000002000000020000000200000002000000070000000300000005
00000004000000020000000600000004000000030000000400000003000000050000000200000003
00000005000000000000000300000003000000070000000000000006000000010000000300000004
00000004000000030000000400000004000000010000000400000001000000050000000500000002
00000001000000060000000600000003000000050000000300000002000000030000000400000001
00000002000000050000000300000002000000030000000600000005000000030000000600000004
00000002000000050000000300000005000000030000000400000004000000020000000200000006
00000003000000010000000400000001000000040000000300000007000000030000000600000005
00000004000000000000000200000003000000040000000300000001000000030000000500000004
00000003000000060000000300000002000000050000000100000003000000050000000400000005
00000001000000040000000400000004000000030000000100000004000000030000000200000003
00000001000000010000000400000007000000040000000100000002000000020000000300000001
00000005000000050000000000000007000000030000000400000004000000020000000200000002
00000002000000020000000700000001000000050000000500000002000000010000000200000002
00000005000000040000000500000002000000040000000400000002000000030000000100000004
00000004000000030000000200000003000000020000000200000001000000040000000200000001
00000001000000030000000100000003000000010000000500000006000000000000000400000003
00000000000000030000000300000004000000010000000100000002000000030000000200000002
00000003000000030000000400000003000000020000000200000003000000010000000200000005
00000001000000030000000300000001000000010000000300000006000000020000000300000001
00000002000000030000000400000001000000050000000300000001000000080000000300000003
00000001000000020000000300000002000000030000000200000004000000040000000400000004
00000005000000020000000500000005000000020000000600000002000000020000000200000004
00000001000000020000000600000003000000020000000000000000000000010000000100000005
00000000000000000000000300000003000000020000000300000001000000020000000200000002
00000003000000020000000300000002000000030000000100000004000000010000000200000000
00000001000000030000000100000005000000040000000200000005000000010000000200000003
00000000000000040000000100000000000000000000000300000003000000020000000000000002
00000002000000000000000100000002000000010000000300000002000000020000000200000003
00000005000000030000000200000002000000010000000300000003000000030000000200000004
00000003000000030000000200000002000000040000000100000000000000040000000300000001
00000001000000010000000100000001000000030000000200000002000000020000000200000006
00000004000000010000000100000000000000020000000200000004000000040000000100000001
00000001000000010000000200000004000000000000000200000002000000000000000200000000
00000001000000020000000400000002000000000000000400000001000000010000000300000001
00000002000000000000000100000000000000030000000400000003000000010000000100000004
00000002000000020000000100000001000000010000000300000001000000010000000100000000
00000003000000030000000400000000000000020000000200000000000000030000000400000000
00000000000000020000000300000004000000020000000200000002000000010000000100000002
00000002000000000000000000000001000000010000000100000001000000010000000300000002
00000003000000010000000100000001000000030000000200000002000000030000000000000001
00000004000000030000000300000003000000020000000100000003000000010000000100000002
00000002000000010000000100000001000000040000000100000000000000000000000200000003
00000001000000010000000200000001000000010000000100000005000000020000000300000000
00000002000000010000000100000002000000010000000200000001000000030000000300000002
00000003000000020000000000000001000000030000000100000000000000010000000100000001
00000001000000030000000200000002000000010000000300000002000000020000000000000001
00000002000000000000000100000001000000040000000100000001000000010000000200000001
00000001000000020000000100000003000000030000000000000001000000010000000300000000
00000000000000000000000000000002000000000000000100000002000000000000000300000003
00000000000000010000000300000004000000010000000200000000000000000000000100000003
00000001000000010000000000000000000000030000000000000002000000020000000400000001
00000002000000020000000000000000000000010000000100000000000000000000000100000003
00000000000000000000000000000000000000000000000000000000000000000000000000000000
00000000000000000000000000000000000000000000000000000000000000000000000000000000
00000000000000000000000000000000000000000000000000000000000000000000000000000000
00000000000000000000000000000000000000000000000000000000000000000000000000000000
00000000000000000000000000000000000000000000000000000000000000000000000000000000
00000000000000000000000000000000000000000000000000000000000000000000000000000000
00000000000000000000000000000000000000000000000000000000000000000000000000000000
00000000000000000000000000000000000000000000000000000000000000000000000000000000
00000000000000000000000000000000000000000000000000000000000000000000000000000000
00000000000000000000000000000000000000000000000000000000000000000000000000000000
00000000000000000000000000000000000000000000000000000000000000000000000000000000
00000000000000000000000000000000000000000000000000000000000000000000000000000000
00000000000000000000000000000000000000000000000000000000000000000000000000000000
00000000000000000000000000000000000000000000000000000000000000000000000000000000
00000000000000000000000000000000000000000000000000000000000000000000000000000000
00000000000000000000000000000000000000000000000000000000000000000000000000000000
00000000000000000000000000000000000000000000000000000000000000000000000000000000
00000000000000000000000000000000000000000000000000000000000000000000000000000000
00000000000000000000000000000000000000000000000000000000000000000000000000000000
00000000000000000000000000000000000000000000000000000000000000000000000000000000
00000000000000000000000000000000000000000000000000000000000000000000000000000000
00000000000000000000000000000000000000000000000000000000000000000000000000000000
00000000000000000000000000000000000000000000000000000000000000000000000000000000
00000000000000000000000000000000000000000000000000000000000000000000000000000000
00000000000000000000000000000000000000000000000000000000000000000000000000000000
000000000000000000000000000000000000000000000000