 0000101 0000011 0000000 0004095 1040720 0162403
00000000000000000000000000000000000000000000000000000000000000000000000000000000
00000000000000000000000000000000000000000000000000000000000000000000000000000000
00000000000000000000000000000000000000000000000000000000000000000000000000000000
00000000000000000000000000000000000000000000000000000000000000000000000000000000
00000000000000000000000000000000000000000000000000000000000000000000000000000000
00000000000000000000000000000000000000000000000000000000000000000000000000000000
00000000000000000000000000000000000000000000000000000000000000000000000000000000
00000000000000000000000000000000000000000000000000000000000000000000000000000000
00000000000000000000000000000000000000000000000000000000000000000000000000000000
00000000000000000000000000000000000000000000000000000000000000000000000000000000
00000000000000000000000000000000000000000000000000000000000000000000000000000000
00000000000000000000000000000000000000000000000000000000000000000000000000000000
00000000000000000000000000000000000000000000000000000000000000000000000000000000
00000000000000000000000000000000000000000000000000000000000000000000000000000000
00000000000000000000000000000000000000000000000000000000000000000000000000000000
00000000000000000000000000000000000000000000000000000000000000000000000000000000
00000000000000000000000000000000000000000000000000000000000000000000000000000000
00000000000000000000000000000000000000000000000000000000000000000000000000000000
00000000000000000000000000000000000000000000000000000000000000000000000000000000
00000000000000000000000000000000000000000000000000000000000000000000000000000000
00000000000000000000000000000000000000000000000000000000000000000000000000000000
00000000000000000000000000000000000000000000000000000000000000000000000000000000
00000000000000000000000000000000000000000000000000000000000000000000000000000000
00000000000000000000000000000000000000000000000000000000000000000000000000000000
00000000000000000000000000000000000000000000000000000000000000000000000000000000
00000000000000000000000000000000000000000000000000000000000000000000000000000000
00000000000000000000000000000000000000000000000000000000000000000000000000000000
00000000000000000000000000000000000000000000000000000000000000000000000000000000
00000000000000000000000000000000000000000000000000000000000000000000000000000000
00000000000000000000000000000000000000000000000000000000000000000000000000000000
00000000000000000000000000000000000000000000000000000000000000000000000000000000
00000000000000000000000000000000000000000000000000000000000000000000000000000000
00000000000000000000000000000000000000000000000000000000000000000000000000000000
00000000000000000000000000000000000000000000000000000000000000000000000000000000
00000000000000000000000000000000000000000000000000000000000000000000000000000000
00000000000000000000000000000000000000000000000000000000000000000000000000000000
00000000000000000000000000000000000000000000000000000000000000000000000000000000
00000000000000000000000000000000000000000000000000000000000000000000000000000000
00000000000000000000000000000000000000000000000000000000000000000000000000000000
00000000000000000000000000000000000000000000000000000000000000000000000000000000
00000000000000000000000000000000000000000000000000000000000000000000000000000000
00000000000000000000000000000000000000000000000000000000000000000000000000000000
00000000000000000000000000000000000000000000000000000000000000000000000000000000
00000000000000000000000000000000000000000000000000000000000000000000000000000000
00000000000000000000000000000000000000000000000000000000000000000000000000000000
00000000000000000000000000000000000000000000000000000000000000000000000000000000
00000000000000000000000000000000000000000000000000000000000000000000000000000000
00000000000000000000000000000000000000000000000000000000000000000000000000000000
00000000000000000000000000000000000000000000000000000000000000000000000000000000
00000000000000000000000000000000000000000000000000000000000000000000000000000000
00000000000000000000000000000000000000000000000000000000000000000000000000000000
00000000000000000000000000000000000000000000000000000000000000000000000000000000
00000000000000000000000000000000000000000000000000000000000000000000000000000000
00000000000000000000000000000000000000000000000000000000000000000000000000000000
00000000000000000000000000000000000000000000000000000000000000000000000000000000
00000000000000000000000000000000000000000000000000000000000000000000000000000000
00000000000000000000000000000000000000000000000000000000000000000000000000000000
00000000000000000000000000000000000000000000000000000000000000000000000000000000
00000000000000000000000000000000000000000000000000000000000000000000000000000000
00000000000000000000000000000000000000000000000000000000000000000000000000000000
00000000000000000000000000000000000000000000000000000000000000000000000000000000
00000000000000000000000000000000000000000000000000000000000000000000000000000000
00000000000000000000000000000000000000000000000000000000000000000000000000000000
00000000000000000000000000000000000000000000000000000000000000000000000000000000
00000000000000000000000000000000000000000000000000000000000000000000000000000000
00000000000000000000000000000000000000000000000000000000000000000000000000000000
00000000000000000000000000000000000000000000000000000000000000000000000000000000
00000000000000000000000000000000000000000000000000000000000000000000000000000000
00000000000000000000000000000000000000000000000000000000000000000000000000000000
00000000000000000000000000000000000000000000000000000000000000000000000000000000
00000000000000000000000000000000000000000000000000000000000000000000000000000000
00000000000000000000000000000000000000000000000000000000000000000000000000000000
00000000000000000000000000000000000000000000000000000000000000000000000000000000
00000000000000000000000000000000000000000000000000000000000000000000000000000000
00000000000000000000000000000000000000000000000000000000000000000000000000000000
00000000000000000000000000000000000000000000000000000000000000000000000000000000
00000000000000000000000000000000000000000000000000000000000000000000000000000000
00000000000000000000000000000000000000000000000000000000000000000000000000000000
00000000000000000000000000000000000000000000000000000000000000000000000000000000
00000000000000000000000000000000000000000000000000000000000000000000000000000000
00000000000000000000000000000000000000000000000000000000000000000000000000000000
00000000000000000000000000000000000000000000000000000000000000000000000000000000
00000000000000000000000000000000000000000000000000000000000000000000000000000000
00000000000000000000000000000000000000000000000000000000000000000000000000000000
00000000000000000000000000000000000000000000000000000000000000000000000000000000
00000000000000000000000000000000000000000000000000000000000000000000000000000000
00000000000000000000000000000000000000000000000000000000000000000000000000000000
00000000000000000000000000000000000000000000000000000000000000000000000000000000
00000000000000000000000000000000000000000000000000000000000000000000000000000000
00000000000000000000000000000000000000000000000000000000000000000000000000000000
00000000000000000000000000000000000000000000000000000000000000000000000000000000
00000000000000000000000000000000000000000000000000000000000000000000000000000000
00000000000000000000000000000000000000000000000000000000000000000000000000000000
00000000000000000000000000000000000000000000000000000000000000000000000000000000
00000000000000000000000000000000000000000000000000000000000000000000000000000000
00000000000000000000000000000000000000000000000000000000000000000000000000000000
00000000000000000000000000000000000000000000000000000000000000000000000000000000
00000000000000000000000000000000000000000000000000000000000000000000000000000000
00000000000000000000000000000000000000000000000000000000000000000000000000000000
00000000000000000000000000000000000000000000000000000000000000000000000000000000
00000000000000000000000000000000000000000000000000000000000000000000000000000000
00000000000000000000000000000000000000000000000000000000000000000000000000000000
00000000000000000000000000000000000000000000000000000000000000000000000000000000
00000000000000000000000000000000000000000000000000000000000000000000000000000000
00000000000000000000000000000000000000000000000000000000000000000000000000000000
00000000000000000000000000000000000000000000000000000000000000000000000000000000
00000000000000000000000000000000000000000000000000000000000000000000000000000000
00000000000000000000000000000000000000000000000000000000000000000000000000000000
00000000000000000000000000000000000000000000000000000000000000000000000000000000
00000000000000000000000000000000000000000000000000000000000000000000000000000000
00000000000000000000000000000000000000000000000000000000000000000000000000000000
00000000000000000000000000000000000000000000000000000000000000000000000000000000
00000000000000000000000000000000000000000000000000000000000000000000000000000000
00000000000000000000000000000000000000000000000000000000000000000000000000000000
00000000000000000000000000000000000000000000000000000000000000000000000000000000
00000000000000000000000000000000000000000000000000000000000000000000000000000000
00000000000000000000000000000000000000000000000000000000000000000000000000000000
00000000000000000000000000000000000000000000000000000000000000000000000000000000
00000000000000000000000000000000000000000000000000000000000000000000000000000000
00000000000000000000000000000000000000000000000000000000000000000000000000000000
00000000000000000000000000000000000000000000000000000000000000000000000000000000
00000000000000000000000000000000000000000000000000000000000000000000000000000000
00000000000000000000000000000000000000000000000000000000000000000000000000000000
00000000000000000000000000000000000000000000000000000000000000000000000000000000
00000000000000000000000000000000000000000000000000000000000000000000000000000000
00000000000000000000000000000000000000000000000000000000000000000000000000000000
00000000000000000000000000000000000000000000000000000000000000000000000000000000
00000000000000000000000000000000000000000000000000000000000000000000000000000000
00000000000000000000000000000000000000000000000000000000000000000000000000000000
00000000000000000000000000000000000000000000000000000000000000000000000000000000
00000000000000000000000000000000000000000000000000000000000000000000000000000000
00000000000000000000000000000000000000000000000000000000000000000000000000000000
00000000000000000000000000000000000000000000000000000000000000000000000000000000
00000000000000000000000000000000000000000000000000000000000000000000000000000000
00000000000000000000000000000000000000000000000000000000000000000000000000000000
00000000000000000000000000000000000000000000000000000000000000000000000000000000
00000000000000000000000000000000000000000000000000000000000000000000000000000000
00000000000000000000000000000000000000000000000000000000000000000000000000000000
00000000000000000000000000000000000000000000000000000000000000000000000000000000
00000000000000000000000000000000000000000000000000000000000000000000000000000000
00000000000000000000000000000000000000000000000000000000000000000000000000000000
00000000000000000000000000000000000000000000000000000000000000000000000000000000
00000000000000000000000000000000000000000000000000000000000000000000000000000000
00000000000000000000000000000000000000000000000000000000000000000000000000000000
00000000000000000000000000000000000000000000000000000000000000000000000000000000
00000000000000000000000000000000000000000000000000000000000000000000000000000000
00000000000000000000000000000000000000000000000000000000000000000000000000000000
00000000000000000000000000000000000000000000000000000000000000000000000000000000
00000000000000000000000000000000000000000000000000000000000000000000000000000000
00000000000000000000000000000000000000000000000000000000000000000000000000000000
00000000000000000000000000000000000000000000000000000000000000000000000000000000
00000000000000000000000000000000000000000000000000000000000000000000000000000000
00000000000000000000000000000000000000000000000000000000000000000000000000000000
00000000000000000000000000000000000000000000000000000000000000000000000000000000
00000000000000000000000000000000000000000000000000000000000000000000000000000000
00000000000000000000000000000000000000000000000000000000000000000000000000000000
00000000000000000000000000000000000000000000000000000000000000000000000000000000
00000000000000000000000000000000000000000000000000000000000000000000000000000000
00000000000000000000000000000000000000000000000000000000000000000000000000000000
00000000000000000000000000000000000000000000000000000000000000000000000000000000
00000000000000000000000000000000000000000000000000000000000000000000000000000000
00000000000000000000000000000000000000000000000000000000000000000000000000000000
00000000000000000000000000000000000000000000000000000000000000000000000000000000
00000000000000000000000000000000000000000000000000000000000000000000000000000000
00000000000000000000000000000000000000000000000000000000000000000000000000000000
00000000000000000000000000000000000000000000000000000000000000000000000000000000
00000000000000000000000000000000000000000000000200000061000003330000066400000789
00000804000007610000073600000666000006870000068500000604000006120000062000000607
00000539000005270000049800000493000004280000043400000393000003900000040700000345
00000344000003130000032600000298000002500000028200000257000002710000024800000244
00000216000002390000020400000228000001830000020700000178000001800000018400000174
00000145000001810000014000000142000001470000014200000144000001210000012100000114
00000120000001080000010600000110000000840000010000000102000001070000008400000109
00000085000000880000009000000095000000890000008300000084000000720000006400000077
00000067000000760000007200000095000000540000007000000060000000700000007300000070
00000049000000610000005700000058000000560000005100000064000000570000006200000069
00000067000000590000006200000060000000530000006900000047000000510000005600000061
00000054000000590000005700000065000000590000007000000070000000690000006800000069
00000070000000650000006900000071000000790000006000000083000000770000007000000065
00000081000000840000007400000097000000880000008300000103000000750000008900000111
00000120000001140000009400000100000001310000010400000117000001120000011800000136
00000122000001320000012200000107000001480000012000000133000001300000014400000155
00000162000001550000016100000155000001620000017500000177000001950000016000000183
00000205000002090000020300000175000002300000020500000227000002050000022800000260
00000236000002790000027300000242000002940000031100000313000003270000033900000386
00000365000003240000030800000341000003890000037100000412000004480000043800000415
00000444000004650000044400000449000004770000050200000491000005170000054400000613
00000570000006270000062500000645000007010000067700000685000007160000074500000702
00000800000007760000083200000781000009010000097700000895000009780000102800001012
00000993000010860000114000001110000011240000122600001166000012590000128200001331
00001357000013320000137900001516000014770000147800001549000015730000161500001712
00001709000017160000182300001821000018080000187500001928000020180000202200002156
00002072000021680000221200002267000022530000229900002376000023960000248000002476
00002543000026210000253500002601000027460000284400002761000028550000292800002937
00002990000031430000301200003129000032770000322300003225000033580000327700003412
00003439000035210000358800003567000037270000364500003768000038270000377400003899
00003789000038700000393900004066000039990000408000004209000041640000415400004211
00004201000042740000425000004353000043980000427900004437000044900000456900004476
00004517000045720000455100004597000047740000475600004648000047460000465900004670
00004801000049260000496800004800000048530000498200004938000049440000501700004919
00005084000049940000511600004946000052350000515600005205000051760000520900005208
00005140000051940000508600005180000051180000507800005239000051260000521200005119
00005172000051310000500300005247000051230000510500005233000050660000521200005185
00005054000051640000515500005266000052360000507900005077000051290000508800004964
00005040000050970000505200004918000050840000510700004905000049760000505100004947
00005097000049850000494400004832000047050000487300004816000048230000493800004648
00004719000048220000477000004741000047520000467700004794000046430000455600004694
00004584000044670000467500004419000044830000449900004431000044090000448200004417
00004290000043320000435600004304000043800000437200004283000042470000420100004230
00004070000042150000400900004162000039850000392900004054000040600000406300003854
00003986000038310000390800003805000038910000392000003820000038570000369100003697
00003749000036240000358100003618000036060000372300003473000034350000343900003431
00003469000033860000340900003342000033690000327300003182000032790000327900003200
00003221000031040000315000003126000031560000313700003099000030430000302500002931
00003004000029410000290300002939000029270000282200002846000028000000288100002763
00002726000027660000276600002659000027880000260200002728000025090000258500002581
00002550000026270000270900002467000024230000247500002529000024260000235800002410
00002370000023490000234100002262000023240000221400002204000022090000224100002206
00002191000021700000208000002161000021470000205600002038000020500000198200001980
00001980000019560000190400001883000018250000188900001858000018590000192500001753
00001757000017480000175200001864000017400000178300001744000017200000167200001692
00001685000016360000160700001620000017110000160900001585000016010000153000001594
00001510000014710000149500001516000014410000148900001425000014230000143400001421
00001418000013620000139600001298000013260000137800001305000012280000125200001295
00001244000012330000126900001263000011960000121300001300000011720000120500001156
00001098000011930000120500001157000010800000110700001043000010720000102900001080
00001052000010610000099400001065000010130000100500001018000009540000105600000988
00000930000009440000089900000913000008720000094100000899000009350000088900000843
00000898000008810000087900000837000008470000081700000805000008120000079200000762
00000771000007400000075800000748000007350000077400000751000007970000074800000762
00000722000007010000067000000711000007290000065100000673000006870000068400000642
00000676000006270000065500000657000006570000068500000607000006260000059000000638
00000591000005820000056800000578000005760000055700000518000005900000056400000513
00000537000005570000054100000544000005020000053800000526000004870000053400000513
00000508000004730000048800000472000004710000050000000431000004560000043800000461
00000476000004340000046600000417000004370000044800000403000004110000043100000404
00000398000003950000036900000413000004030000041200000374000003850000039900000396
00000390000003330000038700000321000003800000037100000372000003420000034100000310
00000325000003220000033600000329000003230000031800000318000003420000030200000297
00000286000003240000029100000302000002940000029400000303000003010000026100000267
00000303000002940000026000000286000002450000027300000276000002820000026500000304
00000238000002380000026200000224000002420000024600000242000002500000027200000220
00000251000002250000024000000232000002300000021700000226000002250000019600000212
00000218000002070000020000000215000002020000017200000181000001930000018000000185
00000203000001760000019000000176000001960000018100000163000002090000020900000188
00000184000001640000018800000161000001800000017300000162000001720000016200000173
00000150000001470000014600000174000001520000016600000160000001670000014700000176
00000152000001390000015500000128000001400000014800000145000001590000013100000136
00000155000001170000012600000140000001360000012100000118000001150000011500000130
00000132000001260000011000000134000001190000010700000118000001140000011800000115
00000104000000960000011400000121000001120000009200000111000001120000011600000099
00000115000000930000009600000104000000880000010800000097000000960000009500000104
00000102000000970000010000000092000001010000010200000089000001030000008300000089
00000091000000970000008200000086000000900000008100000081000000900000009100000063
00000079000000870000006800000068000000710000006900000062000000950000007000000088
00000079000000610000006900000083000000760000005800000075000000730000007300000076
00000064000000710000005600000070000000700000005300000062000000570000007000000067
00000070000000640000006000000072000000570000006000000071000000580000006300000066
00000062000000630000005800000055000000590000006900000048000000640000005800000054
00000054000000600000004800000046000000520000004700000050000000500000005100000048
00000052000000490000005200000037000000620000004600000046000000410000004500000041
00000039000000560000005600000050000000520000004400000051000000420000004300000048
00000042000000400000004100000042000000450000003900000042000000380000004300000031
00000026000000440000003800000040000000520000005000000039000000250000003100000032
00000036000000300000004100000037000000280000003100000029000000270000003100000036
00000027000000370000004200000031000000310000003200000033000000290000002600000023
00000040000000370000002300000031000000270000003300000023000000310000003900000033
00000033000000310000002800000027000000270000002800000030000000250000003200000023
00000021000000260000002500000031000000210000001900000031000000290000002400000027
00000016000000280000003100000024000000230000002000000015000000260000001900000026
00000025000000310000002900000034000000260000002200000025000000220000002300000025
00000018000000170000002800000021000000280000001700000015000000220000002500000023
00000017000000100000001600000019000000190000002300000025000000250000001900000021
00000023000000180000000900000021000000090000001500000023000000180000001600000011
00000012000000230000001500000016000000120000001600000018000000220000001600000020
00000012000000180000001400000016000000190000001000000013000000180000001900000019
00000016000000180000001900000024000000230000001700000010000000120000002200000013
00000014000000170000001100000010000000220000000900000008000000120000001200000016
00000012000000160000001100000017000000140000001300000012000000080000001400000011
00000013000000090000001000000013000000150000001200000020000000150000000600000011
00000013000000090000001200000014000000150000001200000008000000100000001300000011
00000014000000150000001500000012000000090000001100000012000000080000001200000011
00000012000000080000001500000009000000070000001000000007000000120000001500000009
00000006000000060000001100000005000000090000001100000010000000070000001200000012
00000008000000070000000700000007000000060000001200000014000000080000001900000008
00000011000000070000000600000009000000070000000900000008000000070000000800000008
00000008000000080000000500000004000000090000000800000008000000070000001400000004
00000004000000100000001100000013000000060000001100000006000000080000000300000008
00000005000000030000000600000009000000020000000400000006000000110000000400000009
00000006000000060000000300000007000000040000000500000014000000060000000700000006
00000008000000040000000100000002000000050000000800000003000000010000000700000006
00000009000000080000000600000005000000060000000600000004000000060000000900000009
00000005000000050000000600000011000000080000000700000005000000030000000400000002
00000002000000050000001100000006000000010000000200000005000000070000000200000007
00000006000000040000000500000007000000110000000400000002000000020000000700000005
00000005000000060000000300000005000000050000000000000002000000040000000500000007
00000002000000070000000700000003000000050000000300000004000000010000000300000008
00000004000000070000000500000003000000070000000700000003000000050000000800000005
00000003000000040000000300000005000000030000000300000005000000050000000500000002
00000006000000040000000300000003000000050000000200000002000000060000000200000005
00000006000000040000000400000006000000030000000200000004000000080000000800000005
00000004000000100000000500000002000000030000000200000003000000030000000600000000
00000002000000070000000200000002000000020000000500000000000000040000000100000004
00000003000000000000000100000005000000040000000500000006000000010000000200000003
00000004000000020000000100000001000000060000000200000004000000040000000300000004
00000004000000030000000400000003000000030000000400000000000000030000000300000004
00000005000000020000000300000002000000050000000200000002000000060000000300000002
00000003000000030000000100000004000000020000000300000004000000020000000400000002
00000003000000020000000200000003000000010000000400000002000000030000000400000002
00000004000000000000000100000000000000040000000500000002000000010000000100000002
00000002000000040000000300000002000000020000000400000004000000020000000300000006
00000002000000030000000800000003000000040000000200000001000000030000000300000002
00000003000000010000000000000000000000000000000500000007000000030000000200000000
00000004000000000000000300000003000000020000000400000004000000010000000100000000
00000000000000010000000400000000000000020000000300000000000000020000000300000002
00000001000000020000000200000001000000040000000000000003000000040000000100000001
00000004000000030000000400000004000000040000000200000002000000010000000300000001
00000003000000010000000200000000000000030000000000000000000000010000000300000001
00000001000000020000000300000002000000020000000000000001000000010000000300000001
00000003000000010000000200000002000000010000000600000001000000010000000000000005
00000001000000000000000100000002000000020000000100000004000000030000000200000001
00000002000000020000000100000005000000030000000300000004000000000000000200000000
00000002000000030000000000000004000000030000000400000000000000020000000100000000
00000002000000010000000100000001000000000000000100000002000000010000000100000001
00000001000000040000000000000002000000020000000100000000000000020000000100000003
00000001000000030000000000000002000000030000000200000001000000010000000000000004
00000000000000010000000100000002000000010000000100000000000000020000000000000001
00000001000000020000000300000003000000020000000300000002000000010000000100000002
00000002000000020000000200000001000000020000000100000000000000000000000000000002
00000000000000000000000100000001000000010000000100000000000000010000000200000002
00000000000000010000000000000004000000030000000200000001000000000000000000000000
00000002000000010000000000000000000000010000000000000001000000020000000100000002
00000002000000020000000300000001000000000000000200000001000000010000000100000002
00000004000000000000000100000002000000020000000000000000000000000000000200000002
00000000000000010000000100000001000000000000000200000000000000020000000400000001
00000000000000010000000400000001000000030000000100000001000000000000000000000001
00000000000000030000000100000002000000030000000100000003000000000000000200000000
00000001000000020000000000000001000000020000000200000001000000010000000000000004
00000000000000000000000100000001000000010000000100000003000000020000000200000002
00000002000000000000000000000000000000000000000200000001000000000000000300000001
00000002000000020000000000000001000000010000000100000001000000020000000000000002
00000000000000000000000200000001000000010000000000000002000000000000000000000000
00000000000000010000000000000005000000010000000000000001000000000000000100000001
00000002000000030000000000000006000000000000000200000000000000010000000100000001
00000001000000000000000200000000000000030000000200000001000000000000000000000001
00000002000000020000000100000001000000000000000400000002000000020000000100000001
00000001000000010000000100000002000000010000000100000000000000000000000000000001
00000000000000010000000000000000000000000000000200000001000000000000000100000001
00000000000000000000000200000002000000000000000000000001000000010000000100000000
00000000000000010000000100000001000000010000000000000000000000000000000000000001
00000001000000010000000000000000000000010000000200000001000000000000000300000000
00000001000000000000000200000000000000010000000200000000000000040000000100000002
00000000000000010000000200000000000000000000000100000002000000020000000200000004
00000001000000000000000400000001000000020000000200000002000000010000000200000003
00000001000000010000000100000000000000010000000000000000000000010000000000000001
00000000000000000000000100000002000000000000000200000000000000010000000000000001
00000000000000000000000000000000000000000000000000000000000000010000000200000000
00000000000000010000000000000001000000000000000000000000000000000000000000000001
00000000000000010000000100000000000000000000000100000001000000010000000000000002
00000000000000000000000100000000000000010000000200000001000000000000000100000002
00000003000000010000000100000002000000010000000000000001000000010000000000000000
00000001000000010000000000000000000000020000000000000000000000020000000000000000
00000001000000010000000000000001000000020000000200000001000000010000000000000002
00000001000000000000000000000000000000010000000000000002000000020000000000000000
00000000000000000000000000000001000000000000000000000000000000000000000200000000
00000001000000010000000200000001000000000000000100000001000000000000000100000000
00000000000000000000000000000000000000000000000200000002000000000000000000000001
00000001000000010000000000000001000000000000000200000000000000000000000000000000
00000001000000030000000300000000000000010000000000000000000000000000000100000000
00000000000000010000000200000001000000010000000000000001000000010000000000000001
00000002000000000000000000000000000000010000000000000000000000000000000200000002
00000001000000010000000100000001000000000000000100000001000000010000000000000000
00000002000000020000000200000003000000020000000000000001000000000000000100000001
00000000000000000000000100000001000000020000000000000000000000000000000000000001
00000000000000000000000100000000000000010000000000000002000000010000000100000000
00000000000000000000000000000002000000000000000000000001000000010000000300000000
00000000000000000000000000000001000000000000000100000000000000000000000000000000
00000001000000000000000000000001000000010000000200000002000000020000000000000000
00000001000000000000000100000000000000020000000000000000000000010000000100000000
00000001000000010000000100000002000000020000000000000001000000000000000000000000
00000000000000000000000000000001000000000000000000000000000000000000000200000001
00000000000000010000000300000001000000000000000100000000000000000000000100000001
00000001000000000000000000000000000000000000000000000002000000010000000200000000
00000001000000000000000000000000000000000000000100000000000000000000000000000000
00000000000000000000000000000000000000000000000000000000000000000000000000000000
00000000000000000000000000000000000000000000000000000000000000000000000000000000
00000000000000000000000000000000000000000000000000000000000000000000000000000000
00000000000000000000000000000000000000000000000000000000000000000000000000000000
00000000000000000000000000000000000000000000000000000000000000000000000000000000
00000000000000000000000000000000000000000000000000000000000000000000000000000000
00000000000000000000000000000000000000000000000000000000000000000000000000000000
00000000000000000000000000000000000000000000000000000000000000000000000000000000
00000000000000000000000000000000000000000000000000000000000000000000000000000000
00000000000000000000000000000000000000000000000000000000000000000000000000000000
00000000000000000000000000000000000000000000000000000000000000000000000000000000
00000000000000000000000000000000000000000000000000000000000000000000000000000000
00000000000000000000000000000000000000000000000000000000000000000000000000000000
00000000000000000000000000000000000000000000000000000000000000000000000000000000
00000000000000000000000000000000000000000000000000000000000000000000000000000000
00000000000000000000000000000000000000000000000000000000000000000000000000000000
00000000000000000000000000000000000000000000000000000000000000000000000000000000
00000000000000000000000000000000000000000000000000000000000000000000000000000000
00000000000000000000000000000000000000000000000000000000000000000000000000000000
00000000000000000000000000000000000000000000000000000000000000000000000000000000
00000000000000000000000000000000000000000000000000000000000000000000000000000000
00000000000000000000000000000000000000000000000000000000000000000000000000000000
00000000000000000000000000000000000000000000000000000000000000000000000000000000
00000000000000000000000000000000000000000000000000000000000000000000000000000000
00000000000000000000000000000000000000000000000000000000000000000000000000000000
000000000000000000000000000000000000000000000000