0  3
1  1
2  1
3  0
4  0
5  0
6  0
7  1
8  0
9  0
10  1
11  0
12  0
13  0
14  0
15  0
16  0
17  1
18  0
19  1
20  0
21  1
22  2
23  1
24  0
25  1
26  0
27  1
28  0
29  2
30  0
31  0
32  2
33  1
34  1
35  1
36  2
37  1
38  0
39  0
40  1
41  1
42  2
43  0
44  0
45  2
46  1
47  2
48  0
49  1
50  2
51  0
52  0
53  1
54  1
55  1
56  0
57  0
58  2
59  1
60  0
61  0
62  2
63  2
64  0
65  0
66  1
67  1
68  0
69  5
70  1
71  5
72  0
73  0
74  1
75  2
76  1
77  2
78  0
79  1
80  2
81  1
82  1
83  0
84  3
85  2
86  3
87  0
88  4
89  0
90  3
91  0
92  5
93  3
94  3
95  1
96  0
97  3
98  0
99  2
100  2
101  0
102  1
103  0
104  2
105  2
106  2
107  2
108  0
109  4
110  5
111  0
112  3
113  1
114  3
115  2
116  5
117  2
118  0
119  6
120  1
121  2
122  3
123  4
124  3
125  2
126  6
127  0
128  4
129  1
130  4
131  7
132  4
133  4
134  5
135  7
136  4
137  12
138  7
139  6
140  4
141  4
142  5
143  7
144  5
145  8
146  13
147  7
148  9
149  7
150  10
151  1
152  12
153  12
154  10
155  16
156  13
157  20
158  19
159  19
160  19
161  17
162  29
163  35
164  28
165  44
166  50
167  43
168  64
169  89
170  72
171  100
172  104
173  99
174  114
175  116
176  116
177  115
178  127
179  131
180  132
181  116
182  117
183  128
184  103
185  114
186  112
187  120
188  109
189  119
190  124
191  140
192  130
193  121
194  168
195  158
196  140
197  153
198  166
199  167
200  171
201  134
202  148
203  145
204  144
205  178
206  139
207  139
208  124
209  159
210  144
211  144
212  159
213  124
214  153
215  142
216  133
217  129
218  149
219  145
220  147
221  128
222  121
223  144
224  144
225  147
226  130
227  128
228  143
229  120
230  134
231  128
232  119
233  137
234  123
235  120
236  142
237  128
238  97
239  124
240  109
241  104
242  119
243  131
244  107
245  106
246  104
247  106
248  100
249  122
250  134
251  114
252  103
253  118
254  113
255  105
256  109
257  114
258  100
259  99
260  122
261  102
262  101
263  91
264  106
265  102
266  106
267  100
268  112
269  88
270  108
271  102
272  83
273  98
274  96
275  96
276  89
277  110
278  99
279  106
280  98
281  105
282  99
283  115
284  95
285  104
286  113
287  110
288  109
289  125
290  102
291  108
292  107
293  95
294  82
295  107
296  103
297  111
298  109
299  106
300  97
301  101
302  100
303  111
304  101
305  97
306  102
307  99
308  100
309  104
310  98
311  83
312  85
313  90
314  101
315  89
316  94
317  110
318  103
319  102
320  96
321  101
322  106
323  98
324  91
325  97
326  105
327  112
328  90
329  89
330  78
331  100
332  91
333  112
334  93
335  94
336  113
337  105
338  94
339  111
340  105
341  94
342  119
343  86
344  94
345  76
346  116
347  78
348  103
349  103
350  95
351  96
352  99
353  96
354  94
355  82
356  95
357  99
358  80
359  83
360  92
361  98
362  78
363  87
364  99
365  96
366  92
367  86
368  92
369  102
370  105
371  68
372  80
373  95
374  98
375  98
376  102
377  83
378  86
379  93
380  69
381  85
382  116
383  80
384  99
385  89
386  79
387  86
388  86
389  77
390  102
391  83
392  98
393  81
394  82
395  71
396  82
397  86
398  96
399  73
400  82
401  76
402  99
403  78
404  94
405  67
406  97
407  71
408  56
409  83
410  84
411  76
412  76
413  64
414  69
415  81
416  72
417  73
418  76
419  64
420  68
421  66
422  82
423  92
424  85
425  79
426  74
427  62
428  58
429  68
430  71
431  62
432  72
433  72
434  54
435  81
436  72
437  73
438  67
439  81
440  72
441  55
442  63
443  72
444  69
445  74
446  70
447  66
448  79
449  57
450  59
451  61
452  60
453  70
454  62
455  64
456  53
457  72
458  59
459  64
460  59
461  57
462  73
463  61
464  68
465  66
466  54
467  70
468  49
469  49
470  63
471  81
472  49
473  54
474  77
475  66
476  56
477  59
478  53
479  62
480  46
481  51
482  59
483  66
484  51
485  68
486  64
487  70
488  49
489  62
490  57
491  62
492  42
493  63
494  61
495  59
496  58
497  61
498  62
499  59
500  79
501  64
502  55
503  39
504  62
505  52
506  56
507  64
508  59
509  43
510  61
511  49
512  52
513  44
514  60
515  67
516  44
517  57
518  55
519  42
520  50
521  52
522  55
523  61
524  46
525  53
526  54
527  54
528  57
529  47
530  64
531  46
532  51
533  63
534  47
535  58
536  44
537  49
538  50
539  50
540  57
541  54
542  46
543  66
544  45
545  50
546  54
547  46
548  48
549  52
550  49
551  51
552  57
553  42
554  47
555  38
556  54
557  47
558  52
559  48
560  38
561  53
562  57
563  53
564  42
565  46
566  58
567  47
568  54
569  52
570  43
571  47
572  44
573  39
574  57
575  62
576  63
577  43
578  45
579  55
580  42
581  41
582  48
583  43
584  58
585  43
586  49
587  46
588  57
589  49
590  46
591  47
592  64
593  62
594  44
595  62
596  53
597  53
598  46
599  46
600  53
601  55
602  55
603  48
604  42
605  55
606  47
607  53
608  46
609  43
610  61
611  51
612  60
613  53
614  51
615  44
616  57
617  60
618  50
619  57
620  51
621  53
622  52
623  45
624  49
625  42
626  45
627  48
628  48
629  55
630  51
631  44
632  46
633  42
634  58
635  46
636  44
637  49
638  41
639  45
640  42
641  40
642  57
643  54
644  41
645  50
646  47
647  39
648  51
649  40
650  46
651  53
652  36
653  52
654  55
655  38
656  54
657  38
658  42
659  56
660  50
661  49
662  42
663  50
664  49
665  46
666  42
667  47
668  51
669  44
670  35
671  44
672  48
673  44
674  43
675  57
676  46
677  47
678  41
679  40
680  44
681  46
682  47
683  28
684  52
685  33
686  34
687  43
688  54
689  40
690  38
691  55
692  52
693  43
694  35
695  34
696  44
697  56
698  43
699  31
700  48
701  42
702  44
703  38
704  35
705  41
706  34
707  38
708  30
709  29
710  43
711  37
712  44
713  37
714  36
715  34
716  32
717  32
718  24
719  37
720  28
721  32
722  39
723  35
724  30
725  39
726  33
727  32
728  26
729  37
730  33
731  22
732  25
733  32
734  28
735  25
736  39
737  28
738  35
739  36
740  24
741  28
742  30
743  25
744  25
745  21
746  21
747  33
748  22
749  28
750  18
751  22
752  23
753  26
754  35
755  28
756  26
757  21
758  22
759  24
760  21
761  33
762  14
763  22
764  23
765  28
766  24
767  16
768  31
769  15
770  24
771  20
772  16
773  20
774  25
775  23
776  25
777  19
778  32
779  25
780  22
781  25
782  16
783  20
784  20
785  19
786  27
787  27
788  16
789  16
790  14
791  15
792  28
793  20
794  19
795  21
796  30
797  26
798  23
799  22
800  8
801  23
802  18
803  24
804  19
805  17
806  13
807  22
808  18
809  17
810  18
811  16
812  16
813  15
814  21
815  13
816  18
817  16
818  16
819  25
820  19
821  20
822  20
823  22
824  13
825  12
826  18
827  20
828  23
829  11
830  18
831  17
832  8
833  21
834  23
835  21
836  18
837  23
838  24
839  18
840  19
841  10
842  13
843  18
844  24
845  16
846  18
847  14
848  13
849  11
850  16
851  17
852  14
853  16
854  20
855  14
856  15
857  22
858  21
859  15
860  16
861  23
862  14
863  17
864  5
865  16
866  13
867  13
868  16
869  13
870  14
871  11
872  13
873  16
874  14
875  13
876  16
877  14
878  22
879  13
880  21
881  17
882  14
883  20
884  12
885  20
886  16
887  22
888  13
889  20
890  19
891  16
892  12
893  7
894  20
895  18
896  11
897  14
898  15
899  12
900  13
901  15
902  24
903  16
904  17
905  11
906  13
907  16
908  13
909  15
910  9
911  23
912  12
913  17
914  15
915  20
916  16
917  20
918  15
919  15
920  14
921  26
922  16
923  16
924  17
925  15
926  14
927  13
928  12
929  16
930  17
931  10
932  15
933  21
934  16
935  18
936  16
937  17
938  14
939  17
940  10
941  19
942  7
943  15
944  12
945  19
946  22
947  11
948  13
949  18
950  11
951  11
952  13
953  10
954  16
955  15
956  20
957  7
958  8
959  8
960  20
961  15
962  14
963  12
964  8
965  13
966  14
967  15
968  12
969  9
970  9
971  5
972  18
973  20
974  15
975  16
976  14
977  5
978  18
979  11
980  16
981  13
982  12
983  17
984  12
985  16
986  14
987  7
988  18
989  10
990  11
991  18
992  13
993  18
994  7
995  13
996  10
997  17
998  20
999  11
1000  16
1001  13
1002  14
1003  10
1004  10
1005  14
1006  14
1007  12
1008  11
1009  17
1010  10
1011  11
1012  9
1013  10
1014  14
1015  16
1016  10
1017  11
1018  10
1019  16
1020  10
1021  8
1022  16
1023  14
1024  9
1025  10
1026  13
1027  13
1028  15
1029  10
1030  9
1031  15
1032  13
1033  13
1034  8
1035  15
1036  14
1037  10
1038  16
1039  14
1040  8
1041  11
1042  12
1043  7
1044  11
1045  15
1046  7
1047  11
1048  9
1049  16
1050  15
1051  13
1052  13
1053  7
1054  10
1055  9
1056  17
1057  12
1058  14
1059  13
1060  9
1061  9
1062  12
1063  9
1064  17
1065  9
1066  8
1067  12
1068  11
1069  12
1070  11
1071  10
1072  14
1073  12
1074  14
1075  15
1076  12
1077  10
1078  10
1079  11
1080  11
1081  14
1082  6
1083  6
1084  10
1085  6
1086  7
1087  17
1088  17
1089  18
1090  7
1091  12
1092  7
1093  10
1094  21
1095  4
1096  11
1097  10
1098  9
1099  14
1100  16
1101  16
1102  8
1103  9
1104  17
1105  7
1106  11
1107  16
1108  14
1109  6
1110  8
1111  15
1112  8
1113  6
1114  13
1115  11
1116  7
1117  9
1118  19
1119  16
1120  7
1121  14
1122  14
1123  12
1124  10
1125  8
1126  12
1127  12
1128  15
1129  13
1130  13
1131  4
1132  14
1133  9
1134  9
1135  7
1136  7
1137  5
1138  10
1139  11
1140  11
1141  7
1142  15
1143  6
1144  9
1145  13
1146  16
1147  13
1148  7
1149  11
1150  11
1151  13
1152  11
1153  7
1154  7
1155  12
1156  10
1157  8
1158  9
1159  12
1160  9
1161  7
1162  6
1163  10
1164  10
1165  15
1166  12
1167  10
1168  11
1169  8
1170  7
1171  7
1172  9
1173  8
1174  7
1175  7
1176  16
1177  8
1178  7
1179  8
1180  12
1181  11
1182  6
1183  11
1184  13
1185  9
1186  7
1187  10
1188  10
1189  12
1190  9
1191  11
1192  14
1193  6
1194  7
1195  17
1196  7
1197  13
1198  12
1199  13
1200  11
1201  10
1202  9
1203  9
1204  8
1205  11
1206  15
1207  7
1208  7
1209  8
1210  8
1211  6
1212  7
1213  8
1214  8
1215  14
1216  13
1217  11
1218  7
1219  10
1220  14
1221  5
1222  14
1223  9
1224  7
1225  10
1226  12
1227  8
1228  9
1229  10
1230  6
1231  3
1232  9
1233  9
1234  7
1235  16
1236  12
1237  9
1238  5
1239  11
1240  13
1241  5
1242  15
1243  8
1244  8
1245  12
1246  9
1247  13
1248  7
1249  5
1250  8
1251  6
1252  8
1253  4
1254  8
1255  9
1256  7
1257  5
1258  13
1259  14
1260  13
1261  6
1262  5
1263  12
1264  14
1265  4
1266  11
1267  9
1268  9
1269  15
1270  6
1271  8
1272  6
1273  11
1274  4
1275  8
1276  7
1277  8
1278  4
1279  4
1280  11
1281  13
1282  10
1283  9
1284  7
1285  9
1286  10
1287  4
1288  10
1289  10
1290  8
1291  9
1292  6
1293  4
1294  8
1295  10
1296  13
1297  6
1298  11
1299  5
1300  11
1301  10
1302  7
1303  9
1304  7
1305  6
1306  9
1307  6
1308  10
1309  6
1310  7
1311  10
1312  7
1313  14
1314  8
1315  8
1316  11
1317  6
1318  3
1319  10
1320  7
1321  12
1322  12
1323  11
1324  6
1325  4
1326  5
1327  8
1328  9
1329  12
1330  1
1331  12
1332  8
1333  7
1334  9
1335  7
1336  7
1337  6
1338  7
1339  6
1340  10
1341  8
1342  5
1343  6
1344  11
1345  7
1346  10
1347  6
1348  7
1349  10
1350  8
1351  6
1352  8
1353  6
1354  7
1355  14
1356  7
1357  5
1358  10
1359  11
1360  3
1361  5
1362  6
1363  6
1364  10
1365  11
1366  6
1367  9
1368  10
1369  8
1370  9
1371  7
1372  5
1373  9
1374  7
1375  5
1376  5
1377  8
1378  3
1379  3
1380  10
1381  6
1382  9
1383  9
1384  4
1385  7
1386  7
1387  8
1388  5
1389  9
1390  8
1391  7
1392  8
1393  10
1394  11
1395  5
1396  15
1397  5
1398  3
1399  6
1400  9
1401  6
1402  7
1403  6
1404  7
1405  4
1406  10
1407  4
1408  3
1409  9
1410  11
1411  4
1412  5
1413  5
1414  8
1415  5
1416  9
1417  5
1418  6
1419  3
1420  3
1421  3
1422  8
1423  8
1424  7
1425  2
1426  7
1427  3
1428  2
1429  11
1430  7
1431  5
1432  6
1433  10
1434  2
1435  3
1436  5
1437  7
1438  3
1439  4
1440  6
1441  2
1442  3
1443  9
1444  6
1445  6
1446  2
1447  8
1448  7
1449  5
1450  4
1451  7
1452  5
1453  5
1454  3
1455  3
1456  5
1457  8
1458  4
1459  8
1460  4
1461  5
1462  3
1463  4
1464  9
1465  2
1466  9
1467  8
1468  15
1469  8
1470  7
1471  8
1472  9
1473  7
1474  6
1475  5
1476  3
1477  3
1478  5
1479  8
1480  4
1481  8
1482  7
1483  5
1484  7
1485  6
1486  4
1487  4
1488  5
1489  6
1490  1
1491  5
1492  6
1493  6
1494  8
1495  5
1496  3
1497  8
1498  6
1499  3
1500  6
1501  6
1502  2
1503  4
1504  5
1505  5
1506  5
1507  5
1508  5
1509  8
1510  3
1511  4
1512  4
1513  2
1514  2
1515  6
1516  6
1517  7
1518  7
1519  6
1520  5
1521  3
1522  3
1523  7
1524  6
1525  10
1526  5
1527  6
1528  6
1529  0
1530  9
1531  12
1532  6
1533  7
1534  6
1535  5
1536  2
1537  3
1538  3
1539  8
1540  4
1541  4
1542  0
1543  2
1544  3
1545  6
1546  3
1547  5
1548  6
1549  7
1550  5
1551  3
1552  5
1553  1
1554  1
1555  3
1556  14
1557  7
1558  6
1559  5
1560  3
1561  5
1562  6
1563  7
1564  6
1565  4
1566  5
1567  2
1568  6
1569  6
1570  6
1571  2
1572  3
1573  3
1574  4
1575  7
1576  4
1577  4
1578  3
1579  8
1580  4
1581  3
1582  3
1583  0
1584  4
1585  5
1586  4
1587  4
1588  3
1589  4
1590  2
1591  3
1592  5
1593  5
1594  2
1595  7
1596  4
1597  6
1598  9
1599  2
1600  5
1601  7
1602  4
1603  4
1604  4
1605  8
1606  5
1607  5
1608  3
1609  2
1610  6
1611  1
1612  5
1613  1
1614  6
1615  2
1616  7
1617  5
1618  4
1619  3
1620  5
1621  4
1622  4
1623  5
1624  5
1625  4
1626  6
1627  4
1628  5
1629  4
1630  3
1631  8
1632  6
1633  4
1634  3
1635  4
1636  1
1637  2
1638  5
1639  3
1640  7
1641  2
1642  3
1643  3
1644  4
1645  3
1646  5
1647  3
1648  1
1649  3
1650  4
1651  2
1652  3
1653  8
1654  6
1655  5
1656  3
1657  4
1658  4
1659  2
1660  6
1661  6
1662  3
1663  2
1664  7
1665  3
1666  9
1667  3
1668  3
1669  1
1670  4
1671  1
1672  6
1673  5
1674  6
1675  3
1676  5
1677  2
1678  7
1679  6
1680  2
1681  4
1682  3
1683  4
1684  4
1685  2
1686  3
1687  6
1688  4
1689  5
1690  3
1691  5
1692  2
1693  5
1694  7
1695  1
1696  1
1697  1
1698  1
1699  3
1700  4
1701  4
1702  2
1703  3
1704  4
1705  4
1706  2
1707  2
1708  5
1709  4
1710  6
1711  4
1712  3
1713  3
1714  2
1715  3
1716  3
1717  7
1718  3
1719  2
1720  2
1721  3
1722  4
1723  4
1724  2
1725  2
1726  2
1727  6
1728  3
1729  5
1730  6
1731  1
1732  5
1733  3
1734  4
1735  5
1736  3
1737  0
1738  2
1739  4
1740  2
1741  2
1742  5
1743  2
1744  1
1745  4
1746  5
1747  3
1748  1
1749  3
1750  2
1751  4
1752  6
1753  1
1754  2
1755  1
1756  0
1757  2
1758  1
1759  6
1760  3
1761  5
1762  1
1763  3
1764  2
1765  4
1766  2
1767  1
1768  1
1769  2
1770  2
1771  2
1772  4
1773  4
1774  2
1775  5
1776  1
1777  8
1778  0
1779  3
1780  1
1781  3
1782  3
1783  5
1784  2
1785  2
1786  4
1787  4
1788  2
1789  3
1790  1
1791  2
1792  2
1793  3
1794  2
1795  3
1796  5
1797  3
1798  4
1799  3
1800  0
1801  4
1802  2
1803  2
1804  2
1805  3
1806  2
1807  3
1808  3
1809  3
1810  2
1811  5
1812  6
1813  2
1814  4
1815  2
1816  0
1817  2
1818  0
1819  2
1820  3
1821  4
1822  1
1823  4
1824  1
1825  2
1826  1
1827  6
1828  2
1829  7
1830  0
1831  1
1832  3
1833  2
1834  3
1835  1
1836  3
1837  0
1838  1
1839  0
1840  1
1841  3
1842  1
1843  1
1844  1
1845  0
1846  1
1847  6
1848  3
1849  2
1850  1
1851  3
1852  0
1853  4
1854  1
1855  1
1856  4
1857  1
1858  0
1859  3
1860  6
1861  2
1862  0
1863  1
1864  2
1865  1
1866  2
1867  4
1868  4
1869  2
1870  3
1871  2
1872  5
1873  2
1874  2
1875  2
1876  2
1877  5
1878  2
1879  1
1880  3
1881  3
1882  2
1883  2
1884  2
1885  3
1886  4
1887  1
1888  0
1889  3
1890  4
1891  0
1892  2
1893  2
1894  5
1895  1
1896  4
1897  1
1898  5
1899  2
1900  1
1901  2
1902  1
1903  1
1904  4
1905  2
1906  0
1907  5
1908  1
1909  1
1910  3
1911  0
1912  1
1913  2
1914  0
1915  2
1916  1
1917  7
1918  4
1919  1
1920  0
1921  1
1922  0
1923  3
1924  3
1925  4
1926  2
1927  1
1928  1
1929  3
1930  2
1931  6
1932  1
1933  0
1934  1
1935  1
1936  2
1937  0
1938  1
1939  1
1940  2
1941  5
1942  3
1943  1
1944  1
1945  2
1946  2
1947  6
1948  1
1949  7
1950  2
1951  5
1952  0
1953  1
1954  2
1955  2
1956  1
1957  1
1958  0
1959  0
1960  3
1961  1
1962  0
1963  3
1964  1
1965  1
1966  2
1967  3
1968  1
1969  1
1970  1
1971  1
1972  2
1973  0
1974  0
1975  1
1976  1
1977  1
1978  1
1979  2
1980  0
1981  2
1982  2
1983  2
1984  1
1985  2
1986  1
1987  2
1988  2
1989  1
1990  1
1991  0
1992  0
1993  5
1994  1
1995  1
1996  2
1997  1
1998  3
1999  3
2000  2
2001  1
2002  0
2003  1
2004  4
2005  2
2006  1
2007  2
2008  3
2009  1
2010  1
2011  3
2012  4
2013  2
2014  2
2015  4
2016  2
2017  2
2018  2
2019  2
2020  2
2021  2
2022  1
2023  1
2024  0
2025  1
2026  2
2027  3
2028  1
2029  2
2030  1
2031  0
2032  2
2033  2
2034  2
2035  0
2036  1
2037  2
2038  0
2039  2
2040  0
2041  3
2042  0
2043  0
2044  3
2045  1
2046  1
2047  2
2048  2
2049  3
2050  1
2051  1
2052  3
2053  0
2054  0
2055  1
2056  1
2057  1
2058  2
2059  2
2060  0
2061  0
2062  0
2063  2
2064  2
2065  1
2066  1
2067  1
2068  2
2069  1
2070  0
2071  0
2072  4
2073  2
2074  1
2075  2
2076  2
2077  3
2078  1
2079  0
2080  0
2081  0
2082  4
2083  1
2084  2
2085  0
2086  0
2087  1
2088  1
2089  1
2090  0
2091  1
2092  0
2093  2
2094  2
2095  3
2096  1
2097  2
2098  2
2099  0
2100  2
2101  0
2102  0
2103  0
2104  0
2105  0
2106  1
2107  3
2108  1
2109  0
2110  1
2111  1
2112  2
2113  1
2114  0
2115  0
2116  2
2117  1
2118  1
2119  0
2120  0
2121  1
2122  3
2123  0
2124  2
2125  1
2126  1
2127  0
2128  2
2129  1
2130  1
2131  0
2132  1
2133  1
2134  1
2135  0
2136  2
2137  1
2138  1
2139  0
2140  2
2141  0
2142  1
2143  0
2144  2
2145  0
2146  0
2147  3
2148  0
2149  2
2150  2
2151  2
2152  1
2153  2
2154  1
2155  0
2156  2
2157  1
2158  0
2159  0
2160  1
2161  3
2162  1
2163  1
2164  0
2165  1
2166  0
2167  0
2168  0
2169  0
2170  1
2171  0
2172  1
2173  2
2174  3
2175  2
2176  1
2177  2
2178  2
2179  2
2180  0
2181  2
2182  1
2183  1
2184  2
2185  1
2186  2
2187  1
2188  2
2189  0
2190  0
2191  2
2192  0
2193  0
2194  1
2195  1
2196  0
2197  0
2198  1
2199  2
2200  0
2201  2
2202  1
2203  1
2204  2
2205  1
2206  1
2207  0
2208  0
2209  2
2210  2
2211  1
2212  0
2213  0
2214  1
2215  2
2216  1
2217  2
2218  0
2219  1
2220  0
2221  2
2222  3
2223  0
2224  0
2225  1
2226  0
2227  2
2228  2
2229  0
2230  2
2231  1
2232  0
2233  1
2234  0
2235  0
2236  0
2237  1
2238  1
2239  0
2240  0
2241  1
2242  0
2243  0
2244  0
2245  4
2246  1
2247  2
2248  0
2249  3
2250  2
2251  0
2252  1
2253  0
2254  0
2255  0
2256  2
2257  3
2258  0
2259  0
2260  1
2261  1
2262  2
2263  1
2264  0
2265  1
2266  1
2267  2
2268  0
2269  2
2270  1
2271  0
2272  1
2273  0
2274  1
2275  2
2276  1
2277  0
2278  1
2279  1
2280  0
2281  0
2282  0
2283  3
2284  1
2285  1
2286  3
2287  0
2288  0
2289  1
2290  1
2291  1
2292  1
2293  0
2294  0
2295  0
2296  2
2297  0
2298  1
2299  2
2300  5
2301  0
2302  1
2303  0
2304  0
2305  0
2306  0
2307  0
2308  1
2309  1
2310  0
2311  0
2312  1
2313  1
2314  1
2315  0
2316  0
2317  0
2318  0
2319  2
2320  0
2321  0
2322  0
2323  1
2324  1
2325  1
2326  0
2327  0
2328  1
2329  0
2330  2
2331  0
2332  0
2333  0
2334  0
2335  2
2336  1
2337  0
2338  0
2339  0
2340  0
2341  0
2342  0
2343  0
2344  1
2345  1
2346  1
2347  0
2348  0
2349  1
2350  1
2351  0
2352  0
2353  1
2354  2
2355  0
2356  2
2357  0
2358  2
2359  0
2360  1
2361  2
2362  0
2363  1
2364  0
2365  0
2366  0
2367  1
2368  0
2369  0
2370  4
2371  0
2372  1
2373  0
2374  1
2375  1
2376  1
2377  3
2378  0
2379  0
2380  1
2381  1
2382  1
2383  0
2384  0
2385  0
2386  1
2387  0
2388  1
2389  0
2390  2
2391  0
2392  0
2393  1
2394  1
2395  0
2396  1
2397  1
2398  0
2399  0
2400  1
2401  0
2402  0
2403  1
2404  0
2405  1
2406  0
2407  1
2408  2
2409  0
2410  1
2411  1
2412  0
2413  0
2414  1
2415  0
2416  0
2417  1
2418  1
2419  2
2420  0
2421  0
2422  0
2423  0
2424  1
2425  1
2426  0
2427  1
2428  0
2429  0
2430  1
2431  1
2432  0
2433  0
2434  1
2435  0
2436  1
2437  1
2438  1
2439  0
2440  1
2441  0
2442  0
2443  0
2444  0
2445  2
2446  0
2447  1
2448  0
2449  1
2450  0
2451  0
2452  0
2453  0
2454  0
2455  1
2456  1
2457  0
2458  2
2459  0
2460  0
2461  2
2462  0
2463  0
2464  0
2465  0
2466  0
2467  0
2468  1
2469  0
2470  1
2471  0
2472  0
2473  0
2474  0
2475  0
2476  0
2477  0
2478  0
2479  0
2480  0
2481  0
2482  0
2483  0
2484  0
2485  0
2486  0
2487  0
2488  0
2489  0
2490  1
2491  0
2492  1
2493  0
2494  1
2495  2
2496  0
2497  1
2498  3
2499  0
2500  0
2501  0
2502  0
2503  0
2504  0
2505  1
2506  0
2507  1
2508  0
2509  1
2510  0
2511  1
2512  1
2513  0
2514  0
2515  0
2516  0
2517  0
2518  4
2519  0
2520  0
2521  0
2522  0
2523  0
2524  1
2525  0
2526  0
2527  0
2528  1
2529  1
2530  0
2531  1
2532  1
2533  0
2534  1
2535  0
2536  0
2537  0
2538  1
2539  1
2540  1
2541  0
2542  0
2543  0
2544  0
2545  0
2546  0
2547  0
2548  1
2549  1
2550  2
2551  0
2552  1
2553  1
2554  0
2555  0
2556  2
2557  1
2558  0
2559  0
2560  0
2561  0
2562  0
2563  0
2564  0
2565  0
2566  0
2567  1
2568  0
2569  0
2570  1
2571  1
2572  0
2573  0
2574  0
2575  0
2576  0
2577  1
2578  0
2579  0
2580  0
2581  1
2582  0
2583  0
2584  1
2585  0
2586  0
2587  1
2588  0
2589  1
2590  0
2591  0
2592  1
2593  0
2594  1
2595  0
2596  0
2597  1
2598  0
2599  1
2600  0
2601  1
2602  1
2603  0
2604  0
2605  0
2606  1
2607  0
2608  0
2609  0
2610  1
2611  1
2612  0
2613  0
2614  1
2615  0
2616  1
2617  0
2618  0
2619  0
2620  0
2621  0
2622  0
2623  0
2624  0
2625  0
2626  0
2627  0
2628  1
2629  0
2630  0
2631  1
2632  0
2633  0
2634  0
2635  0
2636  1
2637  0
2638  0
2639  0
2640  0
2641  0
2642  0
2643  0
2644  0
2645  0
2646  0
2647  0
2648  0
2649  0
2650  0
2651  0
2652  0
2653  1
2654  0
2655  0
2656  0
2657  0
2658  0
2659  0
2660  1
2661  0
2662  0
2663  0
2664  0
2665  0
2666  0
2667  2
2668  0
2669  0
2670  0
2671  0
2672  0
2673  0
2674  1
2675  0
2676  0
2677  0
2678  0
2679  1
2680  0
2681  0
2682  0
2683  0
2684  0
2685  0
2686  0
2687  0
2688  0
2689  0
2690  1
2691  0
2692  0
2693  0
2694  0
2695  0
2696  0
2697  0
2698  1
2699  0
2700  0
2701  0
2702  0
2703  0
2704  0
2705  0
2706  0
2707  0
2708  0
2709  0
2710  0
2711  0
2712  0
2713  0
2714  0
2715  1
2716  0
2717  0
2718  1
2719  0
2720  0
2721  0
2722  0
2723  0
2724  0
2725  0
2726  1
2727  0
2728  0
2729  0
2730  1
2731  0
2732  0
2733  0
2734  0
2735  0
2736  0
2737  0
2738  0
2739  1
2740  0
2741  0
2742  0
2743  1
2744  0
2745  0
2746  0
2747  0
2748  0
2749  0
2750  0
2751  0
2752  0
2753  1
2754  0
2755  0
2756  1
2757  0
2758  0
2759  0
2760  0
2761  0
2762  0
2763  0
2764  0
2765  0
2766  1
2767  0
2768  0
2769  0
2770  0
2771  0
2772  0
2773  0
2774  1
2775  0
2776  0
2777  0
2778  0
2779  0
2780  0
2781  0
2782  0
2783  0
2784  1
2785  0
2786  0
2787  0
2788  0
2789  0
2790  1
2791  0
2792  0
2793  0
2794  1
2795  0
2796  1
2797  0
2798  0
2799  0
2800  0
2801  0
2802  0
2803  0
2804  0
2805  0
2806  0
2807  0
2808  0
2809  0
2810  0
2811  0
2812  0
2813  0
2814  0
2815  0
2816  1
2817  0
2818  0
2819  1
2820  0
2821  0
2822  0
2823  0
2824  0
2825  0
2826  0
2827  0
2828  1
2829  0
2830  0
2831  1
2832  0
2833  0
2834  0
2835  0
2836  0
2837  0
2838  0
2839  0
2840  0
2841  0
2842  1
2843  0
2844  0
2845  0
2846  0
2847  0
2848  0
2849  0
2850  0
2851  0
2852  0
2853  1
2854  0
2855  0
2856  0
2857  0
2858  0
2859  0
2860  0
2861  0
2862  1
2863  0
2864  0
2865  1
2866  0
2867  0
2868  0
2869  0
2870  0
2871  0
2872  0
2873  0
2874  0
2875  1
2876  0
2877  0
2878  0
2879  0
2880  0
2881  0
2882  0
2883  0
2884  0
2885  0
2886  0
2887  0
2888  0
2889  0
2890  0
2891  0
2892  1
2893  0
2894  0
2895  0
2896  0
2897  0
2898  0
2899  0
2900  0
2901  0
2902  0
2903  0
2904  0
2905  0
2906  0
2907  0
2908  0
2909  0
2910  0
2911  0
2912  0
2913  0
2914  0
2915  0
2916  1
2917  0
2918  0
2919  0
2920  0
2921  1
2922  0
2923  0
2924  0
2925  0
2926  0
2927  0
2928  0
2929  0
2930  0
2931  0
2932  0
2933  0
2934  0
2935  0
2936  0
2937  0
2938  0
2939  0
2940  0
2941  0
2942  0
2943  0
2944  0
2945  1
2946  0
2947  1
2948  0
2949  0
2950  0
2951  0
2952  0
2953  0
2954  0
2955  0
2956  0
2957  0
2958  1
2959  0
2960  0
2961  0
2962  0
2963  0
2964  0
2965  1
2966  0
2967  0
2968  0
2969  0
2970  0
2971  0
2972  0
2973  0
2974  0
2975  0
2976  0
2977  0
2978  0
2979  0
2980  0
2981  0
2982  1
2983  0
2984  0
2985  0
2986  0
2987  0
2988  0
2989  0
2990  0
2991  0
2992  1
2993  0
2994  0
2995  0
2996  0
2997  0
2998  0
2999  0
3000  0
3001  0
3002  0
3003  0
3004  0
3005  0
3006  0
3007  0
3008  0
3009  0
3010  0
3011  0
3012  0
3013  0
3014  0
3015  0
3016  0
3017  0
3018  0
3019  0
3020  0
3021  0
3022  0
3023  0
3024  0
3025  0
3026  0
3027  0
3028  0
3029  0
3030  0
3031  0
3032  0
3033  0
3034  0
3035  0
3036  0
3037  0
3038  0
3039  0
3040  0
3041  0
3042  0
3043  0
3044  0
3045  0
3046  0
3047  0
3048  0
3049  0
3050  0
3051  0
3052  0
3053  0
3054  0
3055  0
3056  0
3057  0
3058  0
3059  0
3060  0
3061  0
3062  0
3063  0
3064  0
3065  0
3066  0
3067  0
3068  0
3069  0
3070  0
3071  0
3072  0
3073  0
3074  0
3075  0
3076  1
3077  0
3078  0
3079  0
3080  0
3081  0
3082  0
3083  0
3084  0
3085  0
3086  0
3087  0
3088  0
3089  0
3090  0
3091  0
3092  0
3093  0
3094  0
3095  0
3096  0
3097  0
3098  0
3099  0
3100  0
3101  0
3102  0
3103  0
3104  0
3105  0
3106  0
3107  0
3108  0
3109  0
3110  0
3111  0
3112  0
3113  0
3114  0
3115  0
3116  0
3117  0
3118  0
3119  0
3120  1
3121  0
3122  0
3123  0
3124  0
3125  0
3126  0
3127  0
3128  1
3129  0
3130  0
3131  0
3132  0
3133  0
3134  0
3135  0
3136  0
3137  0
3138  0
3139  0
3140  0
3141  0
3142  0
3143  0
3144  0
3145  0
3146  0
3147  0
3148  0
3149  0
3150  0
3151  0
3152  0
3153  0
3154  0
3155  0
3156  0
3157  0
3158  0
3159  0
3160  0
3161  0
3162  0
3163  0
3164  0
3165  0
3166  0
3167  0
3168  0
3169  0
3170  0
3171  0
3172  0
3173  0
3174  0
3175  0
3176  0
3177  0
3178  0
3179  0
3180  0
3181  0
3182  0
3183  0
3184  1
3185  0
3186  0
3187  0
3188  0
3189  0
3190  0
3191  0
3192  0
3193  0
3194  0
3195  0
3196  0
3197  0
3198  0
3199  0
3200  0
3201  0
3202  0
3203  0
3204  0
3205  0
3206  0
3207  0
3208  0
3209  0
3210  0
3211  0
3212  0
3213  0
3214  0
3215  0
3216  0
3217  0
3218  0
3219  0
3220  0
3221  0
3222  0
3223  0
3224  0
3225  0
3226  0
3227  0
3228  0
3229  0
3230  0
3231  0
3232  0
3233  0
3234  0
3235  0
3236  0
3237  0
3238  0
3239  0
3240  0
3241  0
3242  0
3243  0
3244  0
3245  0
3246  0
3247  0
3248  0
3249  0
3250  0
3251  0
3252  0
3253  0
3254  0
3255  0
3256  0
3257  0
3258  0
3259  0
3260  0
3261  0
3262  0
3263  0
3264  0
3265  0
3266  0
3267  0
3268  0
3269  0
3270  0
3271  0
3272  0
3273  0
3274  0
3275  0
3276  0
3277  0
3278  0
3279  0
3280  0
3281  0
3282  0
3283  1
3284  0
3285  0
3286  0
3287  0
3288  0
3289  0
3290  0
3291  0
3292  0
3293  0
3294  0
3295  0
3296  0
3297  0
3298  0
3299  0
3300  0
3301  0
3302  0
3303  0
3304  1
3305  0
3306  0
3307  0
3308  0
3309  0
3310  0
3311  0
3312  0
3313  0
3314  0
3315  0
3316  0
3317  0
3318  0
3319  0
3320  0
3321  0
3322  0
3323  0
3324  0
3325  0
3326  0
3327  0
3328  0
3329  0
3330  0
3331  0
3332  0
3333  0
3334  0
3335  0
3336  0
3337  0
3338  0
3339  0
3340  0
3341  0
3342  0
3343  0
3344  0
3345  0
3346  0
3347  0
3348  0
3349  0
3350  0
3351  0
3352  0
3353  1
3354  0
3355  0
3356  0
3357  0
3358  0
3359  0
3360  0
3361  1
3362  0
3363  0
3364  0
3365  0
3366  0
3367  0
3368  0
3369  0
3370  0
3371  0
3372  0
3373  0
3374  0
3375  0
3376  0
3377  0
3378  0
3379  0
3380  0
3381  0
3382  0
3383  0
3384  0
3385  0
3386  0
3387  0
3388  0
3389  0
3390  0
3391  0
3392  0
3393  0
3394  0
3395  0
3396  0
3397  0
3398  0
3399  0
3400  0
3401  0
3402  0
3403  0
3404  0
3405  0
3406  0
3407  0
3408  0
3409  0
3410  0
3411  0
3412  0
3413  0
3414  0
3415  0
3416  0
3417  0
3418  0
3419  0
3420  0
3421  0
3422  0
3423  0
3424  0
3425  0
3426  0
3427  0
3428  0
3429  0
3430  0
3431  0
3432  0
3433  0
3434  0
3435  0
3436  0
3437  0
3438  0
3439  0
3440  0
3441  0
3442  0
3443  0
3444  0
3445  0
3446  0
3447  0
3448  0
3449  0
3450  0
3451  0
3452  0
3453  0
3454  0
3455  0
3456  0
3457  0
3458  0
3459  0
3460  0
3461  0
3462  0
3463  0
3464  0
3465  0
3466  0
3467  0
3468  0
3469  0
3470  0
3471  0
3472  0
3473  0
3474  0
3475  0
3476  0
3477  0
3478  0
3479  0
3480  0
3481  0
3482  0
3483  0
3484  0
3485  0
3486  0
3487  0
3488  0
3489  0
3490  0
3491  0
3492  0
3493  0
3494  0
3495  0
3496  0
3497  0
3498  0
3499  0
3500  1
3501  0
3502  0
3503  0
3504  0
3505  0
3506  0
3507  0
3508  0
3509  0
3510  0
3511  0
3512  0
3513  0
3514  0
3515  0
3516  0
3517  0
3518  0
3519  0
3520  0
3521  0
3522  0
3523  0
3524  0
3525  0
3526  0
3527  0
3528  0
3529  0
3530  0
3531  0
3532  0
3533  0
3534  0
3535  0
3536  0
3537  0
3538  0
3539  0
3540  0
3541  0
3542  0
3543  0
3544  0
3545  0
3546  0
3547  0
3548  0
3549  0
3550  0
3551  0
3552  0
3553  0
3554  0
3555  0
3556  0
3557  0
3558  0
3559  0
3560  0
3561  0
3562  0
3563  0
3564  0
3565  0
3566  0
3567  0
3568  0
3569  0
3570  0
3571  0
3572  0
3573  0
3574  0
3575  0
3576  0
3577  0
3578  0
3579  0
3580  0
3581  0
3582  0
3583  0
3584  0
3585  0
3586  0
3587  0
3588  0
3589  0
3590  0
3591  0
3592  0
3593  0
3594  0
3595  0
3596  0
3597  0
3598  0
3599  0
3600  0
3601  0
3602  0
3603  0
3604  0
3605  0
3606  0
3607  0
3608  0
3609  0
3610  0
3611  0
3612  0
3613  0
3614  0
3615  0
3616  0
3617  0
3618  0
3619  0
3620  0
3621  0
3622  0
3623  0
3624  0
3625  0
3626  0
3627  0
3628  0
3629  0
3630  0
3631  0
3632  0
3633  0
3634  0
3635  0
3636  0
3637  0
3638  0
3639  0
3640  0
3641  0
3642  0
3643  0
3644  0
3645  0
3646  0
3647  0
3648  0
3649  0
3650  0
3651  0
3652  0
3653  0
3654  0
3655  0
3656  0
3657  0
3658  0
3659  0
3660  0
3661  0
3662  0
3663  0
3664  0
3665  0
3666  0
3667  0
3668  0
3669  0
3670  0
3671  0
3672  0
3673  0
3674  0
3675  0
3676  0
3677  0
3678  0
3679  0
3680  0
3681  0
3682  0
3683  0
3684  0
3685  0
3686  0
3687  0
3688  0
3689  0
3690  0
3691  0
3692  0
3693  0
3694  0
3695  0
3696  0
3697  0
3698  0
3699  0
3700  0
3701  0
3702  0
3703  0
3704  0
3705  0
3706  0
3707  0
3708  0
3709  0
3710  0
3711  0
3712  0
3713  0
3714  0
3715  0
3716  0
3717  0
3718  0
3719  0
3720  0
3721  0
3722  0
3723  0
3724  0
3725  0
3726  0
3727  0
3728  0
3729  0
3730  0
3731  0
3732  0
3733  0
3734  0
3735  0
3736  0
3737  0
3738  0
3739  0
3740  0
3741  0
3742  0
3743  0
3744  0
3745  0
3746  0
3747  0
3748  0
3749  0
3750  0
3751  0
3752  0
3753  0
3754  0
3755  0
3756  0
3757  0
3758  0
3759  0
3760  0
3761  0
3762  0
3763  0
3764  0
3765  0
3766  0
3767  0
3768  0
3769  0
3770  0
3771  0
3772  0
3773  0
3774  0
3775  0
3776  0
3777  0
3778  0
3779  0
3780  0
3781  0
3782  0
3783  0
3784  0
3785  0
3786  0
3787  0
3788  0
3789  0
3790  0
3791  0
3792  0
3793  0
3794  0
3795  0
3796  0
3797  0
3798  0
3799  0
3800  0
3801  0
3802  0
3803  0
3804  0
3805  0
3806  0
3807  0
3808  0
3809  0
3810  0
3811  0
3812  0
3813  0
3814  0
3815  0
3816  0
3817  0
3818  0
3819  0
3820  0
3821  0
3822  0
3823  0
3824  0
3825  0
3826  0
3827  0
3828  0
3829  0
3830  0
3831  0
3832  0
3833  0
3834  0
3835  0
3836  0
3837  0
3838  0
3839  0
3840  0
3841  0
3842  0
3843  0
3844  0
3845  0
3846  0
3847  0
3848  0
3849  0
3850  0
3851  0
3852  0
3853  0
3854  0
3855  0
3856  0
3857  0
3858  0
3859  0
3860  0
3861  0
3862  0
3863  0
3864  0
3865  0
3866  0
3867  0
3868  0
3869  0
3870  0
3871  0
3872  0
3873  0
3874  0
3875  0
3876  0
3877  0
3878  0
3879  0
3880  0
3881  0
3882  0
3883  0
3884  0
3885  0
3886  0
3887  0
3888  0
3889  0
3890  0
3891  0
3892  0
3893  0
3894  0
3895  0
3896  0
3897  0
3898  0
3899  0
3900  0
3901  0
3902  0
3903  0
3904  0
3905  0
3906  0
3907  0
3908  0
3909  0
3910  0
3911  0
3912  0
3913  0
3914  0
3915  0
3916  0
3917  0
3918  0
3919  0
3920  0
3921  0
3922  0
3923  0
3924  0
3925  0
3926  0
3927  0
3928  0
3929  0
3930  0
3931  0
3932  0
3933  0
3934  0
3935  0
3936  0
3937  0
3938  0
3939  0
3940  0
3941  0
3942  0
3943  0
3944  0
3945  0
3946  0
3947  0
3948  0
3949  0
3950  0
3951  0
3952  0
3953  0
3954  0
3955  0
3956  0
3957  0
3958  0
3959  0
3960  0
3961  0
3962  0
3963  0
3964  0
3965  0
3966  0
3967  0
3968  0
3969  0
3970  0
3971  0
3972  0
3973  0
3974  0
3975  0
3976  0
3977  0
3978  0
3979  0
3980  0
3981  0
3982  0
3983  0
3984  0
3985  0
3986  0
3987  0
3988  0
3989  0
3990  0
3991  0
3992  0
3993  0
3994  0
3995  0
3996  0
3997  0
3998  0
3999  0
4000  0
4001  0
4002  0
4003  0
4004  0
4005  0
4006  0
4007  0
4008  0
4009  0
4010  0
4011  0
4012  0
4013  0
4014  0
4015  0
4016  0
4017  0
4018  0
4019  0
4020  0
4021  0
4022  0
4023  0
4024  0
4025  0
4026  0
4027  0
4028  0
4029  0
4030  0
4031  0
4032  0
4033  0
4034  0
4035  0
4036  0
4037  0
4038  0
4039  0
4040  0
4041  0
4042  0
4043  0
4044  0
4045  0
4046  0
4047  0
4048  0
4049  0
4050  0
4051  0
4052  0
4053  0
4054  0
4055  0
4056  0
4057  0
4058  0
4059  0
4060  0
4061  0
4062  0
4063  0
4064  0
4065  0
4066  0
4067  0
4068  0
4069  0
4070  0
4071  0
4072  0
4073  0
4074  0
4075  0
4076  0
4077  0
4078  0
4079  0
4080  0
4081  0
4082  0
4083  0
4084  0
4085  0
4086  0
4087  0
4088  0
4089  0
4090  0
4091  0
4092  0
4093  0
4094  0
4095  0
