 0006050 0000011 0000000 0004095 1041018 0061859
00000000000000000000000000000000000000000000000000000000000000000000000000000000
00000000000000000000000000000000000000000000000000000000000000000000000000000000
00000000000000000000000000000000000000000000000000000000000000000000000000000000
00000000000000000000000000000000000000000000000000000000000000000000000000000000
00000000000000000000000000000000000000000000000000000000000000000000000000000000
00000000000000000000000000000000000000000000000000000000000000000000000000000000
00000000000000000000000000000000000000000000000000000000000000000000000000000000
00000000000000000000000000000000000000000000000000000000000000000000000000000000
00000000000000000000000000000000000000000000000000000000000000000000000000000000
00000000000000000000000000000000000000000000000000000000000000000000000000000000
00000000000000000000000000000000000000000000000000000000000000000000000000000000
00000000000000000000000000000000000000000000000000000000000000000000000000000000
00000000000000000000000000000000000000000000000000000000000000000000000000000000
00000000000000000000000000000000000000000000000000000000000000000000000000000000
00000000000000000000000000000000000000000000000000000000000000000000000000000000
00000000000000000000000000000000000000000000000000000000000000000000000000000000
00000000000000000000000000000000000000000000000000000000000000000000000000000000
00000000000000000000000000000000000000000000000000000000000000000000000000000000
00000000000000000000000000000000000000000000000000000000000000000000000000000000
00000000000000000000000000000000000000000000000000000000000000000000000000000000
00000000000000000000000000000000000000000000000000000000000000000000000000000000
00000000000000000000000000000000000000000000000000000000000000000000000000000000
00000000000000000000000000000000000000000000000000000000000000000000000000000000
00000000000000000000000000000000000000000000000000000000000000000000000000000000
00000000000000000000000000000000000000000000000000000000000000000000000000000000
00000000000000000000000000000000000000000000000000000000000000000000000000000000
00000000000000000000000000000000000000000000000000000000000000000000000000000000
00000000000000000000000000000000000000000000000000000000000000000000000000000000
00000000000000000000000000000000000000000000000000000000000000000000000000000000
00000000000000000000000000000000000000000000000000000000000000000000000000000000
00000000000000000000000000000000000000000000000000000000000000000000000000000000
00000000000000000000000000000000000000000000000000000000000000000000000000000000
00000000000000000000000000000000000000000000000000000000000000000000000000000000
00000000000000000000000000000000000000000000000000000000000000000000000000000000
00000000000000000000000000000000000000000000000000000000000000000000000000000000
00000000000000000000000000000000000000000000000000000000000000000000000000000000
00000000000000000000000000000000000000000000000000000000000000000000000000000000
00000000000000000000000000000000000000000000000000000000000000000000000000000000
00000000000000000000000000000000000000000000000000000000000000000000000000000000
00000000000000000000000000000000000000000000000000000000000000000000000000000000
00000000000000000000000000000000000000000000000000000000000000000000000000000000
00000000000000000000000000000000000000000000000000000000000000000000000000000000
00000000000000000000000000000000000000000000000000000000000000000000000000000000
00000000000000000000000000000000000000000000000000000000000000000000000000000000
00000000000000000000000000000000000000000000000000000000000000000000000000000000
00000000000000000000000000000000000000000000000000000000000000000000000000000000
00000000000000000000000000000000000000000000000000000000000000000000000000000000
00000000000000000000000000000000000000000000000000000000000000000000000000000000
00000000000000000000000000000000000000000000000000000000000000000000000000000000
00000000000000000000000000000000000000000000000000000000000000000000000000000000
00000000000000000000000000000000000000000000000000000000000000000000000000000000
00000000000000000000000000000000000000000000000000000000000000000000000000000000
00000000000000000000000000000000000000000000000000000000000000000000000000000000
00000000000000000000000000000000000000000000000000000000000000000000000000000000
00000000000000000000000000000000000000000000000000000000000000000000000000000000
00000000000000000000000000000000000000000000000000000000000000000000000000000000
00000000000000000000000000000000000000000000000000000000000000000000000000000000
00000000000000000000000000000000000000000000000000000000000000000000000000000000
00000000000000000000000000000000000000000000000000000000000000000000000000000000
00000000000000000000000000000000000000000000000000000000000000000000000000000000
00000000000000000000000000000000000000000000000000000000000000000000000000000000
00000000000000000000000000000000000000000000000000000000000000000000000000000000
00000000000000000000000000000000000000000000000000000000000000000000000000000000
00000000000000000000000000000000000000000000000000000000000000000000000000000000
00000000000000000000000000000000000000000000000000000000000000000000000000000000
00000000000000000000000000000000000000000000000000000000000000000000000000000000
00000000000000000000000000000000000000000000000000000000000000000000000000000000
00000000000000000000000000000000000000000000000000000000000000000000000000000000
00000000000000000000000000000000000000000000000000000000000000000000000000000000
00000000000000000000000000000000000000000000000000000000000000000000000000000000
00000000000000000000000000000000000000000000000000000000000000000000000000000000
00000000000000000000000000000000000000000000000000000000000000000000000000000000
00000000000000000000000000000000000000000000000000000000000000000000000000000000
00000000000000000000000000000000000000000000000000000000000000000000000000000000
00000000000000000000000000000000000000000000000000000000000000000000000000000000
00000000000000000000000000000000000000000000000000000000000000000000000000000000
00000000000000000000000000000000000000000000000000000000000000000000000000000000
00000000000000000000000000000000000000000000000000000000000000000000000000000000
00000000000000000000000000000000000000000000000000000000000000000000000000000000
00000000000000000000000000000000000000000000000000000000000000000000000000000000
00000000000000000000000000000000000000000000000000000000000000000000000000000000
00000000000000000000000000000000000000000000000000000000000000000000000000000000
00000000000000000000000000000000000000000000000000000000000000000000000000000000
00000000000000000000000000000000000000000000000000000000000000000000000000000000
00000000000000000000000000000000000000000000000000000000000000000000000000000000
00000000000000000000000000000000000000000000000000000000000000000000000000000000
00000000000000000000000000000000000000000000000000000000000000000000000000000000
00000000000000000000000000000000000000000000000000000000000000000000000000000000
00000000000000000000000000000000000000000000000000000000000000000000000000000000
00000000000000000000000000000000000000000000000000000000000000000000000000000000
00000000000000000000000000000000000000000000000000000000000000000000000000000000
00000000000000000000000000000000000000000000000000000000000000000000000000000000
00000000000000000000000000000000000000000000000000000000000000000000000000000000
00000000000000000000000000000000000000000000000000000000000000000000000000000000
00000000000000000000000000000000000000000000000000000000000000000000000000000000
00000000000000000000000000000000000000000000000000000000000000000000000000000000
00000000000000000000000000000000000000000000000000000000000000000000000000000000
00000000000000000000000000000000000000000000000000000000000000000000000000000000
00000000000000000000000000000000000000000000000000000000000000000000000000000000
00000000000000000000000000000000000000000000000000000000000000000000000000000000
00000000000000000000000000000000000000000000000000000000000000000000000000000000
00000000000000000000000000000000000000000000000000000000000000000000000000000000
00000000000000000000000000000000000000000000000000000000000000000000000000000000
00000000000000000000000000000000000000000000000000000000000000000000000000000000
00000000000000000000000000000000000000000000000000000000000000000000000000000000
00000000000000000000000000000000000000000000000000000000000000000000000000000000
00000000000000000000000000000000000000000000000000000000000000000000000000000000
00000000000000000000000000000000000000000000000000000000000000000000000000000000
00000000000000000000000000000000000000000000000000000000000000000000000000000000
00000000000000000000000000000000000000000000000000000000000000000000000000000000
00000000000000000000000000000000000000000000000000000000000000000000000000000000
00000000000000000000000000000000000000000000000000000000000000000000000000000000
00000000000000000000000000000000000000000000000000000000000000000000000000000000
00000000000000000000000000000000000000000000000000000000000000000000000000000000
00000000000000000000000000000000000000000000000000000000000000000000000000000000
00000000000000000000000000000000000000000000000000000000000000000000000000000000
00000000000000000000000000000000000000000000000000000000000000000000000000000000
00000000000000000000000000000000000000000000000000000000000000000000000000000000
00000000000000000000000000000000000000000000000000000000000000000000000000000000
00000000000000000000000000000000000000000000000000000000000000000000000000000000
00000000000000000000000000000000000000000000000000000000000000000000000000000000
00000000000000000000000000000000000000000000000000000000000000000000000000000000
00000000000000000000000000000000000000000000000000000000000000000000000000000000
00000000000000000000000000000000000000000000000000000000000000000000000000000000
00000000000000000000000000000000000000000000000000000000000000000000000000000000
00000000000000000000000000000000000000000000000000000000000000000000000000000000
00000000000000000000000000000000000000000000000000000000000000000000000000000000
00000000000000000000000000000000000000000000000000000000000000000000000000000000
00000000000000000000000000000000000000000000000000000000000000000000000000000000
00000000000000000000000000000000000000000000000000000000000000000000000000000000
00000000000000000000000000000000000000000000000000000000000000000000000000000000
00000000000000000000000000000000000000000000000000000000000000000000000000000000
00000000000000000000000000000000000000000000000000000000000000000000000000000000
00000000000000000000000000000000000000000000000000000000000000000000000000000000
00000000000000000000000000000000000000000000000000000000000000000000000000000000
00000000000000000000000000000000000000000000000000000000000000000000000000000000
00000000000000000000000000000000000000000000000000000000000000000000000000000000
00000000000000000000000000000000000000000000000000000000000000000000000000000000
00000000000000000000000000000000000000000000000000000000000000000000000000000000
00000000000000000000000000000000000000000000000000000000000000000000000000000000
00000000000000000000000000000000000000000000000000000000000000000000000000000000
00000000000000000000000000000000000000000000000000000000000000000000000000000000
00000000000000000000000000000000000000000000000000000000000000000000000000000000
00000000000000000000000000000000000000000000000000000000000000000000000000000000
00000000000000000000000000000000000000000000000000000000000000000000000000000000
00000000000000000000000000000000000000000000000000000000000000000000000000000000
00000000000000000000000000000000000000000000000000000000000000000000000000000000
00000000000000000000000000000000000000000000000000000000000000000000000000000000
00000000000000000000000000000000000000000000000000000000000000000000000000000000
00000000000000000000000000000000000000000000000000000000000000000000000000000000
00000000000000000000000000000000000000000000000000000000000000000000000000000000
00000000000000000000000000000000000000000000000000000000000000000000000000000000
00000000000000000000000000000000000000000000000000000000000000000000000000000000
00000000000000000000000000000000000000000000000000000000000000000000000000000000
00000000000000000000000000000000000000000000000000000000000000000000000000000000
00000000000000000000000000000000000000000000000000000000000000000000000000000000
00000000000000000000000000000000000000000000000000000000000000000000000000000000
00000000000000000000000000000000000000000000000000000000000000000000000000000000
00000000000000000000000000000000000000000000000000000000000000000000000000000000
00000000000000000000000000000000000000000000000000000000000000000000000300000017
00000060000001740000056400001371000025260000332900003705000038000000367200003440
00003379000031750000299700002897000028030000259800002560000024180000240900002239
00002089000020370000194200001835000017650000171600001593000015250000148300001389
00001334000012690000115000001176000011650000111500000980000009480000090600000934
00000883000008070000081900000804000007350000066400000677000006310000059700000621
00000606000005760000049700000503000005390000048500000438000004560000045300000406
00000444000003630000038800000371000003510000035200000369000003540000029400000315
00000296000002870000029500000239000002410000024700000223000002340000023100000195
00000220000001910000018300000216000001960000019200000166000001940000019600000152
00000159000001800000013500000153000001570000014400000120000001380000015400000118
00000108000001150000011400000130000001230000012200000109000001040000010600000097
00000109000001050000008700000099000000870000009600000093000000700000009300000095
00000085000000770000007300000082000000730000007500000061000000610000007200000068
00000072000000770000007100000056000000550000007200000058000000640000006100000059
00000062000000650000006400000048000000670000005100000058000000630000005400000061
00000052000000660000005500000066000000510000005700000059000000700000005100000065
00000076000000580000004900000055000000630000006700000059000000670000005700000053
00000076000000680000005500000062000000730000009100000054000000730000007700000071
00000071000000760000007400000075000000590000009100000065000000850000007600000073
00000057000000950000008700000077000000960000008500000098000000940000009400000097
00000090000000880000008400000085000000960000009700000077000000870000008200000132
00000101000001120000011000000099000001140000010700000119000001320000010200000115
00000125000001080000012800000142000001580000015100000135000001440000011500000136
00000138000001430000015800000168000001480000013600000154000001550000015900000145
00000154000001500000019000000199000001960000017100000181000001920000018600000170
00000177000002120000018600000171000002110000019500000183000002190000021800000214
00000181000002130000021600000233000002120000022300000237000002440000025000000233
00000238000002410000028300000265000002670000025000000263000002670000027900000296
00000265000002900000029300000308000002690000029800000288000002750000032100000328
00000319000003010000030700000329000003040000031700000320000003530000033200000346
00000309000003110000034500000356000003660000035500000384000003460000034400000356
00000346000003490000032100000356000003620000040700000358000003320000035800000413
00000432000003890000037200000415000003870000037500000374000003850000042900000388
00000393000004130000038900000426000004160000043600000409000004200000040400000438
00000445000004370000044300000422000004600000043600000441000004350000045000000456
00000423000004700000047300000456000004770000048600000502000004720000045800000485
00000511000004810000042400000468000004450000051200000467000004540000047500000418
00000433000004810000046500000505000004790000047800000468000004410000047500000498
00000465000005080000045600000489000005080000048700000498000004700000049500000473
00000459000004870000048300000483000005070000047700000486000004810000048500000481
00000480000004990000050000000455000004570000054400000479000004710000045800000524
00000493000004830000047800000476000005250000046700000493000005280000045300000479
00000499000004610000046500000471000004680000048400000479000004560000046500000486
00000509000004400000047200000458000004280000044400000458000004570000049000000411
00000483000004220000047500000456000004780000044600000412000004570000048100000451
00000428000004400000041900000469000004310000038700000437000004190000043300000469
00000410000004300000043600000440000004630000047700000451000004070000044900000412
00000416000004200000041800000426000004260000042800000437000004780000041900000415
00000431000003840000039700000387000003950000039400000391000004160000042100000427
00000372000003940000041100000376000003900000035000000350000003790000037900000377
00000381000003980000038000000368000003650000037300000396000003350000038400000355
00000395000003460000037000000369000003730000033700000345000003730000033900000334
00000344000003550000034100000353000003400000034300000356000003240000034300000335
00000306000003160000034300000334000002890000034900000290000002800000032600000315
00000310000003250000032200000311000003000000026500000300000003120000028400000285
00000280000002850000026300000274000002810000031300000296000002700000028800000290
00000303000002820000029900000277000002830000029300000259000002510000026500000257
00000245000002920000025400000266000002870000025500000258000002590000022900000262
00000277000002680000023400000243000002440000024000000222000002340000023100000271
00000247000002560000022800000233000002380000022600000244000002600000021200000218
00000223000002390000023100000212000002040000022000000195000001910000019200000221
00000214000002190000021000000201000001930000019600000211000002080000018700000183
00000195000001880000019200000181000001940000021300000194000001960000018000000162
00000195000001730000017600000176000001960000016300000172000001920000016000000169
00000164000001650000015600000154000001860000014600000167000001490000015000000146
00000170000001610000015800000152000001630000016800000142000001510000017100000160
00000155000001280000016700000145000001520000014900000143000001520000015400000161
00000144000001440000015100000148000001360000012600000157000001380000013000000143
00000134000001550000012500000127000001220000012100000133000001240000011500000130
00000131000001310000014000000134000001260000014300000119000001320000012500000130
00000131000001200000013200000123000001250000013500000110000001140000011500000115
00000107000001230000010200000121000000980000011900000090000001050000011400000112
00000106000001050000009200000125000001030000010100000109000000860000009700000087
00000106000001100000008600000098000001000000009700000108000000920000010200000092
00000090000000990000010300000078000000760000007700000058000001040000008400000073
00000079000000900000008700000082000000830000008500000074000000670000008600000080
00000079000000740000007400000069000000710000006700000074000000850000008900000080
00000072000000750000007700000064000000710000008000000075000000750000006300000070
00000088000000680000007600000068000000610000004700000065000000730000006400000073
00000064000000610000006500000069000000560000006200000049000000610000006000000058
00000066000000640000007500000065000000600000006500000055000000670000006200000069
00000060000000580000006600000072000000560000006100000050000000480000005400000053
00000048000000580000005800000042000000540000005300000052000000600000006500000052
00000054000000490000005800000061000000470000005400000051000000490000005200000045
00000051000000580000004800000049000000440000005000000042000000430000004600000040
00000050000000440000004500000038000000410000005000000046000000360000006100000043
00000042000000260000003800000052000000440000004000000050000000390000004400000033
00000034000000450000003900000045000000460000004300000032000000370000003800000039
00000042000000260000003700000028000000400000003700000045000000380000003600000040
00000032000000280000003700000027000000410000002300000041000000380000002500000037
00000028000000250000002800000035000000400000003900000036000000400000004100000033
00000036000000360000003600000036000000300000004100000026000000330000002600000034
00000023000000300000004000000023000000350000003800000037000000280000002700000026
00000031000000330000002500000033000000380000003400000031000000260000002400000030
00000030000000280000002900000029000000240000003900000028000000210000001900000026
00000028000000370000002300000025000000240000002500000035000000320000001300000026
00000020000000260000002200000020000000190000003000000024000000240000002500000032
00000026000000200000002200000015000000180000002700000020000000250000002100000029
00000026000000170000002600000024000000150000003200000015000000240000001900000013
00000022000000150000002000000018000000300000002100000022000000210000002300000027
00000030000000170000002200000025000000240000001400000022000000230000001400000018
00000022000000190000001200000022000000140000001700000014000000180000001800000024
00000021000000190000002100000026000000200000002200000030000000190000001200000018
00000025000000180000001300000017000000150000002200000019000000110000001600000016
00000015000000090000001900000015000000150000001300000019000000100000001700000020
00000018000000180000001600000023000000090000001700000012000000120000001700000015
00000015000000150000002200000016000000130000002100000014000000060000001700000015
00000018000000180000000500000015000000170000001500000017000000160000001400000011
00000014000000150000001100000018000000100000001500000008000000060000001600000014
00000017000000080000001200000013000000110000001200000018000000160000001300000007
00000017000000130000001000000012000000150000001100000010000000100000001300000010
00000013000000120000001000000010000000100000000800000013000000110000001100000007
00000017000000110000000900000012000000160000001000000012000000110000000600000008
00000012000000070000001100000010000000100000001100000005000000120000000700000004
00000008000000110000000800000007000000080000001400000011000000130000001100000011
00000006000000170000000900000009000000080000001200000006000000140000001800000007
00000006000000060000000800000012000000060000001200000004000000100000001100000007
00000007000000060000001400000009000000110000001500000009000000070000001100000007
00000013000000040000001200000005000000150000000700000008000000080000000700000010
00000009000000060000001300000008000000100000001100000005000000140000001000000010
00000012000000100000000900000009000000070000000700000006000000100000000600000008
00000011000000060000001400000007000000070000000800000011000000080000000700000009
00000005000000090000000900000011000000050000000200000008000000050000001100000004
00000011000000100000000700000005000000040000001400000008000000040000000600000012
00000010000000070000000900000010000000040000000700000009000000070000000700000004
00000011000000050000000700000008000000060000000100000008000000010000000700000006
00000005000000130000000800000004000000030000000500000006000000080000000600000012
00000005000000040000000300000008000000040000000600000003000000080000000700000002
00000010000000050000001200000005000000060000000700000006000000050000000600000008
00000006000000050000000500000008000000020000000400000008000000110000001000000009
00000011000000020000000700000007000000020000000400000005000000030000000500000004
00000004000000080000000700000005000000070000001100000003000000060000000200000013
00000006000000040000000600000006000000080000000600000006000000090000000500000008
00000007000000050000001000000006000000110000000300000007000000010000000400000005
00000005000000060000000600000003000000070000000600000003000000030000000300000004
00000006000000070000000500000006000000070000000400000007000000060000000200000004
00000003000000040000000600000002000000070000000200000006000000020000000500000004
00000007000000040000000400000007000000010000000400000004000000060000000500000004
00000008000000020000000500000003000000030000000600000004000000030000000200000007
00000006000000040000000500000002000000050000000900000006000000040000000300000003
00000004000000050000000400000006000000100000000600000009000000040000000700000004
00000006000000050000000500000005000000030000000500000002000000030000000400000003
00000005000000070000000300000002000000050000000100000005000000030000000400000004
00000005000000040000000400000002000000050000000300000002000000040000000300000002
00000002000000030000000400000006000000020000000400000004000000070000000300000006
00000004000000040000000300000006000000060000000300000002000000040000000200000004
00000000000000080000000800000003000000050000000700000004000000050000000600000005
00000005000000040000000100000002000000030000000700000005000000050000000300000003
00000006000000030000000700000005000000040000000100000003000000050000000500000003
00000005000000030000000700000004000000030000000800000004000000040000000200000002
00000001000000030000000000000003000000020000000300000006000000020000000600000004
00000000000000060000000500000004000000030000000300000004000000030000000100000002
00000004000000040000000400000002000000050000000500000008000000030000000200000007
00000003000000000000000700000001000000070000000400000003000000050000000500000000
00000004000000050000000500000007000000040000000200000003000000020000000000000002
00000002000000050000000400000002000000040000000200000003000000080000000500000002
00000005000000040000000200000003000000030000000100000005000000050000000600000002
00000007000000030000000200000004000000020000000400000002000000030000000300000001
00000005000000060000000300000003000000030000000000000004000000040000000200000002
00000003000000030000000100000003000000100000000100000001000000030000000100000004
00000002000000040000000400000003000000040000000100000003000000060000000400000002
00000004000000040000000500000003000000010000000300000004000000040000000200000004
00000002000000040000000200000004000000020000000300000002000000000000000500000002
00000001000000050000000100000002000000040000000600000003000000030000000400000003
00000005000000020000000200000004000000000000000300000002000000010000000200000001
00000001000000010000000300000002000000040000000500000003000000000000000200000004
00000005000000070000000100000003000000050000000000000002000000030000000600000005
00000004000000010000000200000002000000050000000200000004000000060000000500000004
00000003000000040000000100000005000000020000000600000001000000030000000200000002
00000001000000020000000000000002000000040000000300000004000000010000000300000002
00000002000000030000000600000005000000010000000200000002000000020000000400000001
00000001000000020000000300000004000000020000000300000003000000030000000400000002
00000006000000050000000300000003000000010000000500000004000000020000000000000002
00000002000000030000000100000003000000020000000200000005000000020000000400000003
00000000000000040000000400000004000000010000000300000003000000030000000100000005
00000003000000020000000500000002000000030000000300000002000000030000000300000001
00000004000000040000000200000008000000060000000100000002000000030000000300000002
00000004000000000000000200000003000000030000000400000001000000000000000200000004
00000001000000050000000200000006000000020000000300000002000000010000000100000003
00000002000000010000000100000007000000020000000000000001000000020000000300000004
00000004000000030000000300000004000000020000000100000000000000030000000200000000
00000001000000040000000100000001000000020000000200000000000000050000000000000001
00000001000000040000000300000004000000030000000100000002000000000000000200000001
00000002000000010000000600000001000000020000000200000002000000000000000100000003
00000003000000010000000300000003000000030000000200000003000000000000000100000001
00000004000000050000000400000001000000010000000200000000000000020000000200000002
00000000000000020000000100000002000000010000000500000003000000030000000100000001
00000000000000010000000400000001000000050000000500000000000000010000000200000003
00000002000000010000000100000003000000010000000100000002000000010000000100000002
00000002000000010000000300000002000000000000000400000002000000020000000300000004
00000002000000040000000100000003000000050000000400000004000000010000000200000002
00000003000000010000000100000000000000040000000100000004000000040000000200000002
00000002000000030000000200000003000000020000000100000002000000050000000400000001
00000002000000010000000200000001000000030000000000000001000000010000000100000005
00000000000000010000000200000003000000040000000600000004000000000000000400000003
00000001000000010000000200000002000000040000000300000002000000030000000300000002
00000002000000050000000000000002000000010000000200000003000000020000000100000001
00000004000000020000000300000002000000020000000100000003000000000000000500000003
00000002000000020000000400000002000000030000000200000002000000020000000500000003
00000002000000010000000200000000000000010000000100000002000000020000000100000002
00000002000000010000000300000002000000030000000400000005000000020000000200000001
00000003000000010000000200000005000000020000000200000000000000050000000300000001
00000003000000000000000300000003000000010000000100000003000000010000000200000003
00000004000000050000000300000002000000030000000500000002000000040000000200000001
00000001000000000000000200000003000000010000000100000003000000020000000200000001
00000004000000010000000300000001000000040000000500000004000000010000000100000001
00000000000000030000000400000003000000040000000200000005000000030000000700000002
00000001000000040000000300000002000000010000000300000002000000000000000200000003
00000001000000020000000000000004000000030000000100000003000000020000000100000002
00000004000000020000000100000002000000070000000000000003000000030000000300000002
00000001000000020000000100000004000000050000000000000004000000030000000100000000
00000002000000000000000100000000000000020000000000000002000000000000000700000003
00000001000000040000000200000001000000030000000200000002000000010000000500000001
00000001000000030000000300000001000000030000000200000002000000020000000300000000
00000001000000010000000200000002000000040000000300000005000000030000000100000003
00000001000000000000000100000001000000040000000200000004000000020000000300000002
00000002000000020000000000000001000000020000000200000002000000010000000900000002
00000003000000000000000400000000000000020000000100000003000000020000000200000002
00000002000000020000000300000002000000010000000200000002000000010000000400000004
00000001000000020000000100000003000000000000000300000003000000020000000100000003
00000001000000030000000100000002000000020000000500000000000000000000000200000001
00000002000000070000000000000000000000000000000000000001000000010000000200000001
00000001000000030000000000000002000000000000000100000002000000010000000200000002
00000002000000020000000300000002000000020000000400000003000000010000000000000004
00000000000000000000000000000000000000000000000000000000000000000000000000000000
00000000000000000000000000000000000000000000000000000000000000000000000000000000
00000000000000000000000000000000000000000000000000000000000000000000000000000000
00000000000000000000000000000000000000000000000000000000000000000000000000000000
00000000000000000000000000000000000000000000000000000000000000000000000000000000
00000000000000000000000000000000000000000000000000000000000000000000000000000000
00000000000000000000000000000000000000000000000000000000000000000000000000000000
00000000000000000000000000000000000000000000000000000000000000000000000000000000
00000000000000000000000000000000000000000000000000000000000000000000000000000000
00000000000000000000000000000000000000000000000000000000000000000000000000000000
00000000000000000000000000000000000000000000000000000000000000000000000000000000
00000000000000000000000000000000000000000000000000000000000000000000000000000000
00000000000000000000000000000000000000000000000000000000000000000000000000000000
00000000000000000000000000000000000000000000000000000000000000000000000000000000
00000000000000000000000000000000000000000000000000000000000000000000000000000000
00000000000000000000000000000000000000000000000000000000000000000000000000000000
00000000000000000000000000000000000000000000000000000000000000000000000000000000
00000000000000000000000000000000000000000000000000000000000000000000000000000000
00000000000000000000000000000000000000000000000000000000000000000000000000000000
00000000000000000000000000000000000000000000000000000000000000000000000000000000
00000000000000000000000000000000000000000000000000000000000000000000000000000000
00000000000000000000000000000000000000000000000000000000000000000000000000000000
00000000000000000000000000000000000000000000000000000000000000000000000000000000
00000000000000000000000000000000000000000000000000000000000000000000000000000000
00000000000000000000000000000000000000000000000000000000000000000000000000000000
000000000000000000000000000000000000000000000000