 0006050 0000021 0000000 0004095 1041018 0061859
00000000000000000000000000000000000000000000000000000000000000000000000000000000
00000000000000000000000000000000000000000000000000000000000000000000000000000000
00000000000000000000000000000000000000000000000000000000000000000000000000000000
00000000000000000000000000000000000000000000000000000000000000000000000000000000
00000000000000000000000000000000000000000000000000000000000000000000000000000000
00000000000000000000000000000000000000000000000000000000000000000000000000000000
00000000000000000000000000000000000000000000000000000000000000000000000000000000
00000000000000000000000000000000000000000000000000000000000000000000000000000000
00000000000000000000000000000000000000000000000000000000000000000000000000000000
00000000000000000000000000000000000000000000000000000000000000000000000000000000
00000000000000000000000000000000000000000000000000000000000000000000000000000000
00000000000000000000000000000000000000000000000000000000000000000000000000000000
00000000000000000000000000000000000000000000000000000000000000000000000000000000
00000000000000000000000000000000000000000000000000000000000000000000000000000000
00000000000000000000000000000000000000000000000000000000000000000000000000000000
00000000000000000000000000000000000000000000000000000000000000000000000000000000
00000000000000000000000000000000000000000000000000000000000000000000000000000000
00000000000000000000000000000000000000000000000000000000000000000000000000000000
00000000000000000000000000000000000000000000000000000000000000000000000000000000
00000000000000000000000000000000000000000000000000000000000000000000000000000000
00000000000000000000000000000000000000000000000000000000000000000000000000000000
00000000000000000000000000000000000000000000000000000000000000000000000000000000
00000000000000000000000000000000000000000000000000000000000000000000000000000000
00000000000000000000000000000000000000000000000000000000000000000000000000000000
00000000000000000000000000000000000000000000000000000000000000000000000000000000
00000000000000000000000000000000000000000000000000000000000000000000000000000000
00000000000000000000000000000000000000000000000000000000000000000000000000000000
00000000000000000000000000000000000000000000000000000000000000000000000000000000
00000000000000000000000000000000000000000000000000000000000000000000000000000000
00000000000000000000000000000000000000000000000000000000000000000000000000000000
00000000000000000000000000000000000000000000000000000000000000000000000000000000
00000000000000000000000000000000000000000000000000000000000000000000000000000000
00000000000000000000000000000000000000000000000000000000000000000000000000000000
00000000000000000000000000000000000000000000000000000000000000000000000000000000
00000000000000000000000000000000000000000000000000000000000000000000000000000000
00000000000000000000000000000000000000000000000000000000000000000000000000000000
00000000000000000000000000000000000000000000000000000000000000000000000000000000
00000000000000000000000000000000000000000000000000000000000000000000000000000000
00000000000000000000000000000000000000000000000000000000000000000000000000000000
00000000000000000000000000000000000000000000000000000000000000000000000000000000
00000000000000000000000000000000000000000000000000000000000000000000000000000000
00000000000000000000000000000000000000000000000000000000000000000000000000000000
00000000000000000000000000000000000000000000000000000000000000000000000000000000
00000000000000000000000000000000000000000000000000000000000000000000000000000000
00000000000000000000000000000000000000000000000000000000000000000000000000000000
00000000000000000000000000000000000000000000000000000000000000000000000000000000
00000000000000000000000000000000000000000000000000000000000000000000000000000000
00000000000000000000000000000000000000000000000000000000000000000000000000000000
00000000000000000000000000000000000000000000000000000000000000000000000000000000
00000000000000000000000000000000000000000000000000000000000000000000000000000000
00000000000000000000000000000000000000000000000000000000000000000000000000000000
00000000000000000000000000000000000000000000000000000000000000000000000000000000
00000000000000000000000000000000000000000000000000000000000000000000000000000000
00000000000000000000000000000000000000000000000000000000000000000000000000000000
00000000000000000000000000000000000000000000000000000000000000000000000000000000
00000000000000000000000000000000000000000000000000000000000000000000000000000000
00000000000000000000000000000000000000000000000000000000000000000000000000000000
00000000000000000000000000000000000000000000000000000000000000000000000000000000
00000000000000000000000000000000000000000000000000000000000000000000000000000000
00000000000000000000000000000000000000000000000000000000000000000000000000000000
00000000000000000000000000000000000000000000000000000000000000000000000000000000
00000000000000000000000000000000000000000000000000000000000000000000000000000000
00000000000000000000000000000000000000000000000000000000000000000000000000000000
00000000000000000000000000000000000000000000000000000000000000000000000000000000
00000000000000000000000000000000000000000000000000000000000000000000000000000000
00000000000000000000000000000000000000000000000000000000000000000000000000000000
00000000000000000000000000000000000000000000000000000000000000000000000000000000
00000000000000000000000000000000000000000000000000000000000000000000000000000000
00000000000000000000000000000000000000000000000000000000000000000000000000000000
00000000000000000000000000000000000000000000000000000000000000000000000000000000
00000000000000000000000000000000000000000000000000000000000000000000000000000000
00000000000000000000000000000000000000000000000000000000000000000000000000000000
00000000000000000000000000000000000000000000000000000000000000000000000000000000
00000000000000000000000000000000000000000000000000000000000000000000000000000000
00000000000000000000000000000000000000000000000000000000000000000000000000000000
00000000000000000000000000000000000000000000000000000000000000000000000000000000
00000000000000000000000000000000000000000000000000000000000000000000000000000000
00000000000000000000000000000000000000000000000000000000000000000000000000000000
00000000000000000000000000000000000000000000000000000000000000000000000000000000
00000000000000000000000000000000000000000000000000000000000000000000000000000000
00000000000000000000000000000000000000000000000000000000000000000000000000000000
00000000000000000000000000000000000000000000000000000000000000000000000000000000
00000000000000000000000000000000000000000000000000000000000000000000000000000000
00000000000000000000000000000000000000000000000000000000000000000000000000000000
00000000000000000000000000000000000000000000000000000000000000000000000000000000
00000000000000000000000000000000000000000000000000000000000000000000000000000000
00000000000000000000000000000000000000000000000000000000000000000000000000000000
00000000000000000000000000000000000000000000000000000000000000000000000000000000
00000000000000000000000000000000000000000000000000000000000000000000000000000000
00000000000000000000000000000000000000000000000000000000000000000000000000000000
00000000000000000000000000000000000000000000000000000000000000000000000000000000
00000000000000000000000000000000000000000000000000000000000000000000000000000000
00000000000000000000000000000000000000000000000000000000000000000000000000000000
00000000000000000000000000000000000000000000000000000000000000000000000000000000
00000000000000000000000000000000000000000000000000000000000000000000000000000000
00000000000000000000000000000000000000000000000000000000000000000000000000000000
00000000000000000000000000000000000000000000000000000000000000000000000000000000
00000000000000000000000000000000000000000000000000000000000000000000000000000000
00000000000000000000000000000000000000000000000000000000000000000000000000000000
00000000000000000000000000000000000000000000000000000000000000000000000000000000
00000000000000000000000000000000000000000000000000000000000000000000000000000000
00000000000000000000000000000000000000000000000000000000000000000000000000000000
00000000000000000000000000000000000000000000000000000000000000000000000000000000
00000000000000000000000000000000000000000000000000000000000000000000000000000000
00000000000000000000000000000000000000000000000000000000000000000000000000000000
00000000000000000000000000000000000000000000000000000000000000000000000000000000
00000000000000000000000000000000000000000000000000000000000000000000000000000000
00000000000000000000000000000000000000000000000000000000000000000000000000000000
00000000000000000000000000000000000000000000000000000000000000000000000000000000
00000000000000000000000000000000000000000000000000000000000000000000000000000000
00000000000000000000000000000000000000000000000000000000000000000000000000000000
00000000000000000000000000000000000000000000000000000000000000000000000000000000
00000000000000000000000000000000000000000000000000000000000000000000000000000000
00000000000000000000000000000000000000000000000000000000000000000000000000000000
00000000000000000000000000000000000000000000000000000000000000000000000000000000
00000000000000000000000000000000000000000000000000000000000000000000000000000000
00000000000000000000000000000000000000000000000000000000000000000000000000000000
00000000000000000000000000000000000000000000000000000000000000000000000000000000
00000000000000000000000000000000000000000000000000000000000000000000000000000000
00000000000000000000000000000000000000000000000000000000000000000000000000000000
00000000000000000000000000000000000000000000000000000000000000000000000000000000
00000000000000000000000000000000000000000000000000000000000000000000000000000000
00000000000000000000000000000000000000000000000000000000000000000000000000000000
00000000000000000000000000000000000000000000000000000000000000000000000000000000
00000000000000000000000000000000000000000000000000000000000000000000000000000000
00000000000000000000000000000000000000000000000000000000000000000000000000000000
00000000000000000000000000000000000000000000000000000000000000000000000000000000
00000000000000000000000000000000000000000000000000000000000000000000000000000000
00000000000000000000000000000000000000000000000000000000000000000000000000000000
00000000000000000000000000000000000000000000000000000000000000000000000000000000
00000000000000000000000000000000000000000000000000000000000000000000000000000000
00000000000000000000000000000000000000000000000000000000000000000000000000000000
00000000000000000000000000000000000000000000000000000000000000000000000000000000
00000000000000000000000000000000000000000000000000000000000000000000000000000000
00000000000000000000000000000000000000000000000000000000000000000000000000000000
00000000000000000000000000000000000000000000000000000000000000000000000000000000
00000000000000000000000000000000000000000000000000000000000000000000000000000000
00000000000000000000000000000000000000000000000000000000000000000000000000000000
00000000000000000000000000000000000000000000000000000000000000000000000000000000
00000000000000000000000000000000000000000000000000000000000000000000000000000000
00000000000000000000000000000000000000000000000000000000000000000000000000000000
00000000000000000000000000000000000000000000000000000000000000000000000000000000
00000000000000000000000000000000000000000000000000000000000000000000000000000000
00000000000000000000000000000000000000000000000000000000000000000000000000000000
00000000000000000000000000000000000000000000000000000000000000000000000000000000
00000000000000000000000000000000000000000000000000000000000000000000000000000000
00000000000000000000000000000000000000000000000000000000000000000000000000000000
00000000000000000000000000000000000000000000000000000000000000000000000000000000
00000000000000000000000000000000000000000000000000000000000000000000000000000000
00000000000000000000000000000000000000000000000000000000000000000000000000000000
00000000000000000000000000000000000000000000000000000000000000000000000000000000
00000000000000000000000000000000000000000000000000000000000000000000000000000000
00000000000000000000000000000000000000000000000000000000000000000000000000000000
00000000000000000000000000000000000000000000000000000000000000000000000000000000
00000000000000000000000000000000000000000000000000000000000000000000000000000000
00000000000000000000000000000000000000000000000000000000000000000000000000000000
00000000000000000000000000000000000000000000000000000000000000000000000000000000
00000000000000000000000000000000000000000000000000000000000000000000000000000000
00000000000000000000000000000000000000000000000000000000000000000000000000000000
00000000000000000000000000000000000000000000000000000000000000060000001200000024
00000081000003110000096900002474000043800000601600006912000073760000756100007690
00007663000076580000770400007820000078880000789300007761000079520000770300007684
00007461000074320000738500007352000072930000711300006979000070500000664400006660
00006562000062790000624900006016000059100000575500005529000052560000527800004916
00004848000046350000448500004368000042000000389600003925000036500000348500003443
00003256000031070000304500002859000027180000256400002535000023440000232200002120
00002079000020310000187800001825000016680000156800001523000014380000147700001343
00001265000011900000117500001083000010490000103800000974000008890000089400000821
00000807000007620000072500000654000006390000059300000616000006120000054600000524
00000504000004700000044200000426000004870000044100000370000004330000040600000417
00000371000003750000033400000347000003270000027100000280000002980000025600000281
00000253000002690000022700000227000002270000018900000225000001900000020200000208
00000187000002040000020000000183000001680000019600000180000001670000015000000154
00000150000001510000014600000150000001430000012900000152000001420000012000000154
00000122000001330000014000000145000001200000008800000124000001250000010700000104
00000112000001130000012700000102000001180000011000000117000001130000011600000123
00000108000001180000011600000110000001030000010500000104000001110000011500000096
00000105000001090000011700000123000001120000013200000107000001030000011500000125
00000136000001260000012400000139000001160000012800000120000001140000011900000145
00000122000001350000013000000151000001660000014100000134000001670000015400000174
00000150000001430000014500000139000001740000016000000176000001650000018300000195
00000177000001710000019300000206000002040000018200000192000002130000019900000205
00000228000002390000022900000265000002440000025600000254000002400000026800000245
00000276000003020000029700000287000002930000030800000298000003260000033900000355
00000332000003720000032900000319000003330000037600000373000003660000042900000393
00000383000004150000042500000446000004040000040500000445000003980000040200000445
00000440000004610000045900000445000004680000045300000482000004570000053700000453
00000483000004530000054900000475000004850000051200000499000005400000058100000533
00000564000005850000058600000525000005420000057900000529000006130000053300000608
00000585000005740000058500000626000006080000059700000585000006370000058600000584
00000647000006270000060300000599000006670000065400000605000006140000061300000638
00000592000005960000061900000662000006400000064000000620000006620000064300000705
00000655000006480000064300000645000007040000065500000603000006170000063800000649
00000654000006320000061500000648000006100000065500000678000006430000063400000641
00000688000006390000066600000643000006210000062600000641000005800000071600000656
00000649000005900000061800000621000006370000059400000650000006390000064200000623
00000617000006080000066000000655000006500000056300000556000005800000059800000590
00000623000006120000055400000577000005840000054700000589000005330000056300000525
00000543000005480000060900000536000005810000061300000578000005730000054300000569
00000516000005110000057900000506000005090000057400000531000005710000052000000506
00000530000005160000052400000502000005090000053400000514000005310000048700000478
00000471000004620000049200000467000004780000047100000447000004410000043200000465
00000454000004220000041700000444000004530000041800000409000004540000043800000438
00000359000004550000047600000401000003950000039400000399000003570000042100000368
00000377000004030000039000000366000003920000036100000365000003560000035400000392
00000355000003390000034500000354000003780000037700000381000003400000032900000359
00000333000003330000034400000310000003100000034600000334000003430000029600000313
00000318000003090000029500000319000003030000029500000310000003290000028100000289
00000310000002930000028500000288000002830000026700000265000002630000026400000290
00000286000002510000028500000273000002590000025500000244000002510000024100000219
00000244000002380000024400000218000002370000023500000242000002060000021600000194
00000217000002100000020600000213000002120000020900000212000002100000022700000196
00000216000002020000020000000230000001980000019700000198000002070000018400000198
00000153000001880000020500000177000001670000016300000191000001750000018500000170
00000158000001820000016400000156000001640000015700000146000001420000017600000153
00000163000001660000016300000166000001650000013700000139000001430000014900000163
00000148000001320000013700000134000001380000014200000143000001170000013100000133
00000120000001070000012700000132000001350000013200000135000001160000011900000123
00000097000001370000013200000127000001070000012200000131000001070000013500000094
00000110000001050000009800000098000001070000009100000113000001040000010300000099
00000103000001080000009200000096000001010000010500000089000000840000009900000102
00000084000000950000008500000091000000850000008500000081000000810000007800000081
00000080000000870000008600000072000000820000009700000082000000770000007900000068
00000087000000690000007500000086000000940000007400000078000000510000008400000081
00000095000000900000007000000074000000750000006600000078000000720000007500000060
00000076000000600000007200000080000000670000005400000055000000640000005400000070
00000053000000590000005400000061000000610000005900000046000000590000004600000066
00000058000000440000004700000049000000540000005600000055000000380000005300000057
00000046000000590000006200000057000000370000005000000056000000600000004600000056
00000048000000380000003900000043000000450000005300000045000000360000004400000044
00000052000000500000004200000035000000380000004200000049000000510000003600000035
00000035000000430000003800000043000000390000004200000032000000380000004400000042
00000041000000400000003800000035000000420000003400000024000000290000003100000028
00000039000000340000003500000028000000360000003400000028000000360000003500000042
00000033000000310000003500000035000000300000002500000035000000240000003200000041
00000043000000220000002600000032000000280000002100000040000000310000003000000028
00000034000000430000002100000030000000310000002800000028000000270000003100000026
00000029000000250000003900000027000000170000002200000029000000270000001800000023
00000016000000180000002600000020000000300000002600000018000000200000002200000016
00000012000000170000002300000027000000250000002000000026000000190000002200000021
00000027000000190000001900000025000000170000002000000024000000190000001800000019
00000023000000130000001500000016000000240000002200000022000000210000001900000015
00000016000000160000002500000011000000180000002400000014000000180000001600000015
00000018000000200000002000000018000000160000002000000015000000190000001100000014
00000022000000150000001400000016000000130000001300000014000000150000001300000012
00000013000000090000001700000016000000110000001100000014000000070000000800000019
00000014000000070000001700000015000000130000001200000017000000090000001800000017
00000014000000090000001200000013000000160000000900000014000000120000001200000008
00000013000000150000000800000009000000140000000900000015000000090000001500000016
00000012000000140000001300000008000000120000001100000019000000150000000900000010
00000010000000130000001400000007000000080000000900000008000000130000000800000007
00000008000000110000001300000007000000070000000700000008000000140000001500000013
00000005000000130000001200000009000000090000000700000009000000100000001400000010
00000008000000120000000900000018000000090000000800000013000000090000000400000011
00000010000000140000000500000010000000060000000900000004000000120000000900000010
00000014000000080000000700000006000000070000001000000012000000040000000500000014
00000007000000110000000800000009000000070000000700000005000000070000001100000006
00000010000000080000000800000006000000050000001300000010000000140000000400000011
00000008000000070000000400000011000000030000000500000010000000090000000900000006
00000008000000070000000600000007000000070000000500000013000000070000000900000004
00000008000000100000000800000005000000060000000900000006000000090000000600000008
00000006000000070000000600000005000000050000000600000003000000030000000600000004
00000004000000080000000700000002000000080000000400000007000000100000000800000004
00000007000000060000000200000006000000070000000700000008000000090000000400000004
00000003000000040000000600000003000000060000000800000007000000070000000700000002
00000003000000090000000500000006000000020000000800000005000000020000000600000006
00000008000000070000000900000004000000050000000900000005000000030000000300000008
00000006000000060000000400000006000000070000000100000005000000070000000700000005
00000002000000120000001000000003000000050000000300000004000000060000000600000005
00000005000000020000000300000008000000010000000700000007000000090000000200000001
00000004000000030000000500000006000000040000000800000003000000070000000400000005
00000004000000070000000400000008000000090000000300000000000000080000000400000006
00000007000000020000000500000007000000060000000600000005000000030000000400000004
00000007000000040000000500000005000000040000000200000006000000030000000700000007
00000007000000100000000600000002000000030000000300000003000000030000000600000005
00000005000000030000000300000011000000060000000200000005000000050000000100000004
00000003000000040000000100000002000000040000000700000007000000050000000100000002
00000005000000040000000600000007000000030000000200000001000000040000000500000002
00000002000000040000000500000005000000050000000200000005000000070000000400000001
00000004000000070000000800000002000000050000000300000002000000020000000000000003
00000009000000040000000400000002000000040000000300000001000000030000000400000006
00000003000000040000000600000002000000050000000200000001000000030000000200000004
00000006000000030000000500000003000000030000000900000003000000000000000200000003
00000004000000050000000500000000000000060000000700000005000000020000000500000003
00000002000000010000000700000004000000040000000100000006000000060000000200000005
00000003000000040000000300000002000000040000000200000004000000030000000300000004
00000000000000020000000400000001000000020000000200000006000000020000000200000000
00000001000000020000000500000002000000030000000300000002000000030000000400000003
00000002000000010000000300000003000000040000000100000006000000030000000200000004
00000001000000030000000100000002000000030000000500000002000000020000000200000002
00000003000000030000000400000004000000010000000400000003000000030000000100000004
00000002000000040000000300000003000000030000000100000004000000050000000300000007
00000002000000040000000200000004000000030000000300000001000000040000000200000002
00000000000000050000000100000001000000030000000200000004000000040000000200000002
00000005000000040000000300000002000000060000000200000003000000010000000100000001
00000002000000030000000200000003000000050000000100000003000000040000000100000003
00000002000000020000000300000006000000000000000600000003000000040000000200000002
00000002000000030000000200000005000000010000000200000002000000030000000100000003
00000001000000010000000100000003000000070000000000000003000000020000000200000001
00000004000000010000000500000003000000000000000400000004000000020000000300000001
00000005000000020000000800000000000000000000000100000002000000030000000400000002
00000000000000040000000100000002000000060000000200000004000000030000000000000001
00000002000000000000000300000001000000020000000400000007000000020000000100000001
00000003000000030000000300000005000000020000000400000003000000020000000400000001
00000001000000050000000200000003000000030000000400000004000000010000000300000001
00000000000000030000000000000001000000020000000100000002000000020000000100000001
00000001000000020000000200000004000000010000000100000001000000010000000300000001
00000001000000020000000100000003000000020000000300000003000000030000000500000002
00000001000000000000000400000000000000040000000300000000000000020000000400000002
00000006000000010000000200000004000000050000000100000003000000020000000200000004
00000001000000020000000300000000000000020000000000000002000000010000000100000003
00000002000000000000000500000005000000010000000200000000000000010000000100000001
00000003000000010000000200000006000000040000000400000005000000010000000100000004
00000000000000010000000300000001000000030000000600000000000000010000000200000001
00000003000000030000000200000003000000000000000200000003000000030000000100000003
00000002000000020000000100000001000000010000000000000002000000010000000300000004
00000001000000010000000000000002000000020000000200000001000000030000000600000000
00000000000000020000000100000002000000010000000200000001000000020000000300000002
00000008000000040000000100000001000000040000000000000002000000030000000000000000
00000004000000010000000200000002000000070000000100000000000000010000000000000003
00000002000000020000000200000001000000040000000200000000000000010000000300000001
00000001000000010000000200000003000000020000000300000001000000000000000400000001
00000004000000010000000000000001000000030000000400000001000000020000000000000001
00000001000000030000000200000001000000010000000100000001000000020000000100000001
00000005000000020000000300000003000000010000000000000002000000010000000100000000
00000001000000020000000000000003000000010000000300000001000000030000000100000002
00000002000000000000000100000000000000030000000300000001000000010000000300000000
00000001000000040000000100000004000000020000000000000002000000050000000100000002
00000003000000020000000100000005000000030000000200000003000000000000000200000003
00000004000000000000000300000000000000010000000000000001000000020000000300000005
00000004000000020000000100000002000000010000000200000004000000040000000200000002
00000000000000000000000100000002000000020000000100000002000000020000000200000001
00000001000000000000000400000001000000030000000300000001000000020000000200000003
00000001000000040000000100000003000000030000000000000003000000010000000400000002
00000002000000020000000000000003000000030000000100000000000000040000000100000001
00000003000000030000000800000004000000030000000200000003000000020000000000000004
00000004000000020000000100000003000000030000000400000003000000020000000200000001
00000000000000020000000000000002000000020000000000000003000000010000000100000002
00000004000000020000000300000002000000050000000100000003000000040000000100000001
00000001000000010000000200000000000000040000000000000002000000050000000200000002
00000001000000030000000100000000000000000000000000000002000000010000000200000000
00000002000000030000000200000000000000030000000000000001000000070000000100000001
00000000000000050000000200000000000000000000000200000002000000020000000000000001
00000003000000030000000100000004000000000000000300000002000000000000000200000000
00000000000000020000000000000000000000050000000200000001000000000000000100000000
00000004000000030000000300000002000000010000000200000003000000010000000100000000
00000003000000000000000200000004000000030000000100000001000000000000000300000001
00000003000000010000000000000000000000010000000200000000000000030000000300000004
00000001000000020000000000000001000000030000000100000002000000020000000200000004
00000001000000040000000200000004000000000000000000000003000000020000000100000001
00000003000000000000000000000004000000010000000500000001000000010000000100000003
00000001000000020000000000000002000000030000000200000005000000000000000100000001
00000001000000000000000200000000000000010000000200000000000000010000000000000001
00000001000000040000000200000001000000030000000200000000000000020000000000000002
00000003000000000000000000000003000000000000000100000003000000020000000200000000
00000001000000010000000100000002000000010000000100000001000000020000000200000000
00000001000000010000000300000000000000020000000000000001000000020000000500000003
00000002000000010000000000000002000000010000000100000000000000020000000300000002
00000003000000020000000300000001000000030000000100000001000000020000000000000000
00000002000000010000000000000002000000020000000100000003000000010000000100000003
00000001000000010000000000000001000000010000000200000001000000000000000300000005
00000001000000010000000200000002000000020000000100000002000000020000000000000000
00000002000000000000000100000001000000010000000000000000000000000000000300000000
00000001000000000000000100000003000000010000000400000001000000000000000000000001
00000000000000010000000200000003000000000000000100000000000000020000000200000002
00000002000000010000000200000001000000000000000100000001000000020000000000000001
00000002000000040000000200000000000000030000000100000002000000010000000100000004
00000001000000000000000200000001000000010000000100000001000000000000000100000001
00000001000000000000000000000001000000020000000100000000000000000000000000000002
00000001000000030000000200000000000000010000000000000001000000020000000200000001
00000002000000010000000000000001000000020000000100000000000000000000000100000001
00000001000000020000000100000001000000020000000200000001000000030000000100000001
00000002000000030000000100000000000000010000000100000002000000020000000100000001
00000001000000000000000400000000000000010000000300000000000000040000000200000001
00000001000000020000000100000001000000000000000500000006000000010000000000000001
00000005000000000000000200000003000000010000000200000000000000000000000400000002
00000001000000000000000000000002000000020000000200000001000000010000000100000003
00000001000000010000000300000002000000010000000100000002000000000000000300000001
00000001000000060000000100000001000000000000000100000001000000020000000200000000
00000001000000020000000000000001000000000000000200000000000000010000000100000006
00000001000000000000000000000003000000000000000000000004000000010000000200000001
00000001000000010000000400000004000000000000000000000001000000020000000100000000
00000002000000010000000300000003000000030000000100000001000000030000000100000001
00000001000000000000000200000002000000000000000100000003000000010000000200000001
00000000000000000000000000000000000000000000000000000000000000000000000000000000
00000000000000000000000000000000000000000000000000000000000000000000000000000000
00000000000000000000000000000000000000000000000000000000000000000000000000000000
00000000000000000000000000000000000000000000000000000000000000000000000000000000
00000000000000000000000000000000000000000000000000000000000000000000000000000000
00000000000000000000000000000000000000000000000000000000000000000000000000000000
00000000000000000000000000000000000000000000000000000000000000000000000000000000
00000000000000000000000000000000000000000000000000000000000000000000000000000000
00000000000000000000000000000000000000000000000000000000000000000000000000000000
00000000000000000000000000000000000000000000000000000000000000000000000000000000
00000000000000000000000000000000000000000000000000000000000000000000000000000000
00000000000000000000000000000000000000000000000000000000000000000000000000000000
00000000000000000000000000000000000000000000000000000000000000000000000000000000
00000000000000000000000000000000000000000000000000000000000000000000000000000000
00000000000000000000000000000000000000000000000000000000000000000000000000000000
00000000000000000000000000000000000000000000000000000000000000000000000000000000
00000000000000000000000000000000000000000000000000000000000000000000000000000000
00000000000000000000000000000000000000000000000000000000000000000000000000000000
00000000000000000000000000000000000000000000000000000000000000000000000000000000
00000000000000000000000000000000000000000000000000000000000000000000000000000000
00000000000000000000000000000000000000000000000000000000000000000000000000000000
00000000000000000000000000000000000000000000000000000000000000000000000000000000
00000000000000000000000000000000000000000000000000000000000000000000000000000000
00000000000000000000000000000000000000000000000000000000000000000000000000000000
00000000000000000000000000000000000000000000000000000000000000000000000000000000
000000000000000000000000000000000000000000000000