 0006050 0000006 0000000 0004095 1041018 0061859
00000264000002950000036800000493000005620000063500000728000007230000087400000959
00000931000009900000106400001098000011140000109500001084000010360000100300000967
00000870000008200000074800000684000006070000053000000476000003600000035800000267
00000211000001700000014600000085000001040000006500000043000000330000002500000013
00000011000000100000000500000003000000050000000200000003000000000000000100000001
00000000000000000000000000000000000000000000000000000000000000000000000000000000
00000000000000000000000000000000000000000000000000000000000000000000000000000000
00000000000000000000000100000000000000000000000000000000000000000000000000000000
00000000000000000000000000000000000000000000000000000000000000000000000000000000
00000000000000000000000000000000000000000000000000000000000000000000000000000000
00000000000000000000000000000000000000000000000000000000000000000000000000000000
00000000000000000000000000000000000000000000000000000000000000000000000000000000
00000000000000000000000000000000000000000000000000000000000000000000000000000000
00000000000000000000000000000000000000000000000000000000000000000000000000000000
00000000000000000000000000000000000000000000000000000000000000000000000000000000
00000000000000000000000000000000000000000000000000000000000000000000000000000000
00000000000000000000000000000000000000000000000000000000000000000000000000000000
00000000000000000000000000000000000000000000000000000000000000000000000000000000
00000000000000000000000000000000000000000000000000000000000000000000000000000000
00000000000000000000000000000000000000000000000000000000000000000000000000000002
00000003000000030000000200000000000000040000000100000000000000010000000400000002
00000011000000080000000300000003000000040000001000000009000000070000000500000004
00000009000000090000000900000009000000070000001000000004000000080000000300000003
00000002000000090000000800000004000000040000000300000003000000030000000500000004
00000000000000010000000100000004000000030000000100000003000000030000000000000000
00000000000000020000000000000005000000030000000100000001000000020000000100000002
00000002000000020000000100000002000000010000000100000000000000020000000100000000
00000001000000020000000100000001000000040000000100000001000000020000000300000002
00000002000000070000000000000004000000030000000500000004000000030000000000000006
00000003000000040000000300000001000000010000000400000003000000020000000300000003
00000001000000000000000200000001000000020000000100000004000000020000000200000002
00000004000000000000000400000001000000020000000600000001000000030000000100000002
00000001000000030000000400000003000000030000000400000003000000010000000100000002
00000003000000010000000300000003000000020000000100000002000000030000000000000002
00000002000000000000000100000001000000020000000100000000000000020000000400000000
00000001000000020000000100000001000000020000000100000003000000010000000500000001
00000002000000010000000100000002000000000000000400000002000000010000000200000001
00000002000000020000000200000002000000010000000200000001000000020000000000000000
00000001000000010000000200000003000000030000000100000001000000030000000100000000
00000001000000040000000200000002000000040000000100000000000000020000000300000000
00000004000000030000000300000004000000020000000100000001000000000000000000000002
00000000000000010000000300000003000000010000000200000004000000020000000100000003
00000004000000020000000100000003000000000000000400000002000000030000000200000001
00000005000000010000000100000000000000010000000600000001000000000000000200000003
00000001000000020000000400000002000000010000000100000001000000030000000000000001
00000000000000020000000300000000000000010000000100000002000000010000000400000001
00000004000000030000000200000001000000020000000400000003000000010000000300000005
00000004000000010000000200000000000000020000000100000001000000010000000300000000
00000002000000030000000200000002000000020000000200000002000000000000000100000000
00000004000000000000000100000000000000020000000200000003000000000000000100000003
00000001000000010000000200000001000000000000000200000001000000020000000300000001
00000003000000010000000100000001000000010000000100000001000000000000000100000000
00000001000000020000000000000002000000010000000300000002000000040000000000000003
00000003000000030000000100000000000000020000000000000000000000020000000100000002
00000003000000060000000000000003000000000000000200000004000000040000000100000000
00000002000000020000000100000002000000020000000200000001000000010000000100000002
00000002000000000000000400000001000000020000000200000003000000010000000000000002
00000004000000010000000700000002000000030000000200000000000000020000000000000002
00000002000000020000000200000002000000000000000400000004000000010000000200000002
00000000000000020000000100000003000000050000000100000002000000030000000400000000
00000003000000050000000000000005000000010000000200000001000000020000000000000001
00000000000000040000000400000002000000070000000000000003000000020000000200000003
00000003000000020000000100000001000000020000000100000000000000020000000300000004
00000002000000000000000100000000000000020000000100000002000000010000000100000002
00000001000000010000000300000006000000000000000100000002000000000000000000000002
00000002000000020000000400000004000000010000000000000002000000010000000300000001
00000000000000010000000100000002000000000000000300000001000000010000000300000002
00000002000000020000000300000002000000020000000400000006000000000000000100000003
00000001000000010000000200000001000000020000000000000005000000020000000100000000
00000001000000010000000100000002000000020000000100000001000000010000000100000000
00000003000000030000000100000001000000020000000000000003000000010000000300000002
00000002000000010000000200000000000000010000000000000003000000030000000100000002
00000002000000020000000400000002000000000000000000000001000000030000000200000001
00000000000000010000000200000000000000000000000100000000000000010000000100000002
00000000000000000000000100000002000000010000000000000002000000020000000300000001
00000001000000020000000600000002000000020000000100000002000000000000000100000004
00000002000000020000000300000003000000040000000000000000000000020000000100000001
00000003000000060000000200000001000000000000000200000000000000000000000100000000
00000002000000000000000100000003000000030000000000000003000000020000000400000000
00000003000000000000000100000000000000010000000300000003000000010000000100000004
00000002000000010000000000000001000000010000000000000003000000030000000100000001
00000001000000030000000000000003000000000000000100000000000000000000000200000002
00000001000000000000000300000000000000010000000100000001000000020000000000000000
00000001000000010000000100000000000000010000000200000001000000000000000000000004
00000001000000030000000200000002000000010000000100000001000000020000000000000001
00000001000000010000000000000000000000000000000000000000000000010000000000000001
00000001000000010000000200000000000000000000000000000000000000000000000200000002
00000001000000010000000100000001000000000000000200000002000000010000000100000001
00000000000000010000000200000002000000010000000000000002000000010000000100000001
00000001000000000000000000000002000000020000000100000000000000000000000200000002
00000000000000030000000100000001000000000000000000000000000000030000000200000001
00000001000000010000000100000000000000010000000000000002000000000000000000000003
00000001000000010000000100000000000000000000000100000002000000000000000100000001
00000002000000000000000100000000000000000000000000000005000000010000000000000000
00000001000000000000000000000001000000010000000000000002000000000000000100000001
00000003000000000000000000000001000000010000000000000002000000000000000000000000
00000000000000010000000200000000000000010000000000000000000000000000000100000001
00000001000000010000000200000000000000000000000000000001000000010000000200000002
00000000000000000000000100000003000000010000000000000000000000000000000000000001
00000001000000000000000100000002000000010000000000000001000000000000000100000001
00000001000000010000000000000000000000010000000000000000000000000000000000000001
00000000000000010000000000000000000000000000000100000000000000000000000000000000
00000000000000010000000000000000000000000000000100000001000000000000000100000000
00000000000000000000000000000001000000010000000000000001000000000000000000000000
00000000000000010000000000000001000000000000000100000000000000000000000100000001
00000000000000010000000100000000000000010000000100000000000000000000000100000000
00000001000000000000000100000001000000010000000100000001000000000000000000000001
00000000000000010000000100000000000000000000000000000000000000000000000000000001
00000000000000000000000000000000000000010000000000000001000000000000000000000000
00000000000000020000000200000001000000000000000000000001000000020000000100000000
00000001000000010000000000000000000000000000000100000001000000010000000100000000
00000000000000030000000100000000000000000000000200000002000000010000000000000000
00000002000000010000000000000000000000000000000300000000000000020000000000000000
00000001000000000000000100000000000000000000000200000000000000000000000000000000
00000000000000000000000000000000000000000000000000000003000000000000000100000000
00000001000000010000000100000000000000000000000000000000000000020000000000000000
00000000000000010000000000000000000000010000000000000000000000010000000000000000
00000000000000000000000000000000000000000000000000000000000000020000000100000000
00000002000000010000000100000000000000000000000200000000000000000000000000000000
00000001000000020000000100000000000000000000000300000001000000000000000000000001
00000000000000010000000100000001000000010000000000000000000000010000000100000000
00000000000000020000000100000002000000020000000000000000000000010000000000000000
00000001000000010000000100000000000000010000000000000001000000000000000100000000
00000002000000000000000000000002000000000000000100000001000000000000000000000001
00000000000000000000000000000002000000040000000400000000000000010000000000000001
00000001000000000000000000000002000000010000000000000002000000000000000000000000
00000000000000000000000100000001000000000000000000000002000000010000000100000000
00000000000000000000000100000000000000000000000200000000000000010000000100000001
00000001000000000000000100000001000000000000000000000001000000000000000000000002
00000000000000000000000000000001000000010000000000000000000000010000000000000000
00000000000000000000000000000000000000020000000200000000000000000000000100000000
00000000000000000000000100000000000000000000000200000001000000000000000000000000
00000002000000010000000100000000000000000000000100000000000000020000000000000000
00000000000000000000000000000001000000000000000000000004000000000000000000000001
00000001000000000000000000000000000000000000000200000001000000000000000100000002
00000001000000000000000100000001000000000000000200000001000000010000000100000001
00000001000000010000000100000000000000000000000100000001000000000000000100000000
00000001000000000000000100000000000000010000000300000001000000010000000100000000
00000000000000000000000000000000000000010000000000000001000000000000000000000001
00000000000000010000000100000002000000020000000100000001000000000000000000000000
00000001000000010000000100000001000000000000000200000000000000000000000100000001
00000000000000010000000200000001000000000000000000000002000000000000000100000001
00000000000000000000000000000002000000000000000000000002000000000000000000000000
00000001000000010000000000000000000000000000000100000000000000020000000300000000
00000000000000010000000100000001000000020000000000000000000000000000000100000003
00000002000000000000000100000001000000010000000000000000000000000000000200000000
00000001000000010000000000000002000000000000000100000001000000010000000000000000
00000000000000000000000100000002000000010000000100000001000000000000000000000001
00000000000000010000000000000002000000010000000200000000000000020000000200000000
00000000000000010000000000000001000000010000000000000001000000030000000000000000
00000002000000030000000000000001000000010000000000000002000000000000000100000001
00000002000000020000000000000002000000020000000200000001000000000000000100000001
00000002000000010000000200000001000000010000000300000001000000020000000200000000
00000000000000000000000000000002000000030000000100000001000000010000000000000001
00000000000000020000000000000000000000000000000000000002000000000000000300000000
00000000000000020000000000000000000000010000000000000001000000000000000100000000
00000000000000030000000000000002000000030000000000000000000000030000000500000001
00000007000000020000000500000005000000090000000700000001000000080000000500000004
00000014000000060000001100000013000000160000001300000020000000160000001800000022
00000022000000170000002800000029000000270000003300000035000000260000002700000024
00000019000000260000002700000018000000220000001300000015000000120000001700000021
00000014000000120000001000000015000000060000000800000009000000100000000300000011
00000004000000010000001000000001000000060000000200000004000000060000000300000005
00000002000000020000000400000006000000060000000200000001000000020000000300000001
00000001000000030000000100000003000000020000000000000002000000000000000100000001
00000002000000040000000400000001000000010000000000000005000000060000000300000004
00000006000000060000000400000004000000050000001300000020000000140000000900000020
00000023000000290000001700000023000000350000002400000032000000350000004000000026
00000033000000350000004300000032000000340000003600000031000000330000003500000025
00000031000000300000002200000018000000200000002300000022000000230000001300000018
00000017000000130000001200000019000000120000000900000008000000080000000700000006
00000005000000080000000900000008000000100000000800000009000000040000000700000004
00000004000000090000000500000002000000050000000300000008000000050000000300000005
00000006000000050000000600000003000000070000001200000007000000040000000900000004
00000005000000020000000900000006000000050000000600000005000000040000000400000004
00000003000000040000000100000008000000020000000800000003000000070000000100000010
00000008000000020000000600000002000000070000000300000006000000050000000700000001
00000004000000030000000100000006000000040000000000000002000000060000000500000001
00000004000000080000000700000001000000050000000500000001000000020000000200000002
00000001000000010000000300000003000000010000000000000004000000020000000200000005
00000002000000030000000100000005000000040000000200000000000000010000000100000001
00000003000000030000000200000004000000010000000300000001000000010000000200000000
00000002000000010000000200000002000000000000000100000001000000010000000100000002
00000003000000010000000300000002000000030000000000000003000000000000000100000003
00000002000000040000000100000006000000030000000500000004000000050000000300000007
00000012000000110000001500000011000000110000001300000012000000140000001600000011
00000012000000110000001300000012000000190000000800000015000000100000001200000012
00000011000000080000000600000009000000090000000800000012000000060000000800000005
00000009000000060000000300000006000000050000000500000003000000060000000500000007
00000009000000040000000100000005000000030000000400000002000000040000000400000004
00000001000000030000000400000004000000030000000300000001000000040000000200000001
00000002000000020000000200000002000000010000000100000003000000020000000200000003
00000002000000030000000000000001000000010000000000000003000000000000000200000003
00000001000000020000000200000002000000010000000100000003000000010000000100000000
00000000000000040000000100000001000000040000000200000004000000000000000000000001
00000001000000040000000200000002000000000000000100000001000000010000000100000000
00000001000000020000000300000001000000020000000300000003000000010000000100000001
00000002000000010000000100000000000000000000000200000003000000010000000000000001
00000004000000000000000100000002000000010000000100000002000000000000000300000000
00000001000000020000000100000001000000020000000100000000000000000000000100000004
00000001000000030000000100000000000000020000000200000002000000010000000300000003
00000001000000020000000200000003000000010000000100000000000000010000000200000003
00000001000000010000000000000002000000020000000100000001000000050000000300000003
00000003000000000000000200000001000000000000000100000001000000000000000500000001
00000002000000000000000500000001000000040000000400000002000000000000000300000003
00000000000000040000000200000002000000030000000400000001000000040000000000000003
00000000000000040000000400000001000000020000000100000001000000020000000200000000
00000000000000010000000100000000000000010000000100000000000000030000000500000000
00000000000000010000000100000001000000020000000300000001000000010000000200000002
00000001000000000000000100000004000000000000000000000001000000000000000300000000
00000000000000010000000300000001000000010000000200000001000000000000000100000002
00000001000000020000000000000002000000010000000300000001000000000000000500000000
00000000000000010000000200000002000000000000000300000001000000020000000000000000
00000002000000030000000200000001000000010000000200000000000000010000000300000002
00000001000000030000000100000001000000040000000100000003000000020000000300000001
00000000000000020000000100000001000000040000000200000002000000020000000200000000
00000003000000020000000300000004000000030000000100000002000000050000000000000002
00000002000000030000000200000001000000000000000100000001000000040000000100000001
00000003000000030000000200000004000000020000000100000001000000010000000100000002
00000001000000040000000100000004000000020000000300000000000000020000000300000000
00000001000000040000000100000003000000020000000100000001000000020000000300000002
00000001000000010000000100000001000000020000000300000002000000000000000300000001
00000002000000000000000100000001000000030000000000000003000000010000000200000000
00000004000000020000000100000002000000010000000200000004000000020000000400000001
00000001000000010000000300000004000000030000000400000001000000010000000300000003
00000001000000010000000000000001000000020000000100000004000000010000000100000001
00000003000000030000000200000003000000030000000200000001000000030000000500000004
00000002000000020000000100000000000000010000000000000003000000040000000000000002
00000001000000020000000500000003000000040000000500000001000000030000000000000002
00000001000000030000000000000003000000040000000200000004000000020000000000000001
00000000000000040000000200000006000000020000000400000003000000030000000200000002
00000002000000000000000100000002000000000000000000000000000000020000000100000001
00000000000000050000000000000002000000030000000000000001000000010000000300000004
00000001000000010000000000000000000000010000000400000003000000030000000200000004
00000001000000000000000100000001000000030000000100000001000000010000000100000001
00000002000000030000000100000003000000020000000200000000000000010000000100000002
00000002000000020000000200000001000000030000000300000000000000010000000200000002
00000003000000010000000100000002000000020000000100000001000000020000000300000000
00000002000000020000000400000002000000040000000200000002000000020000000100000002
00000001000000030000000300000004000000000000000400000001000000020000000200000002
00000004000000030000000100000000000000030000000200000002000000010000000200000004
00000003000000010000000200000002000000030000000300000002000000010000000100000002
00000001000000030000000200000004000000030000000200000001000000010000000200000003
00000001000000000000000300000001000000040000000300000001000000040000000200000004
00000000000000000000000200000000000000010000000100000003000000010000000300000000
00000001000000020000000200000001000000000000000200000001000000000000000300000002
00000002000000020000000200000000000000030000000500000004000000010000000700000003
00000000000000030000000100000001000000040000000100000002000000000000000200000005
00000001000000030000000000000000000000010000000500000000000000020000000200000001
00000001000000000000000100000002000000030000000300000001000000000000000200000003
00000002000000030000000200000004000000010000000200000001000000010000000200000001
00000004000000020000000200000001000000020000000400000004000000010000000200000001
00000000000000010000000300000001000000010000000100000001000000020000000300000001
00000002000000020000000200000003000000040000000000000003000000010000000200000003
00000001000000010000000500000002000000040000000300000003000000030000000100000002
00000002000000030000000200000003000000000000000300000002000000010000000400000005
00000004000000030000000100000001000000020000000300000001000000020000000300000003
00000000000000010000000000000003000000020000000100000003000000030000000200000003
00000001000000020000000100000002000000020000000100000006000000010000000000000000
00000002000000010000000200000000000000020000000100000002000000000000000100000003
00000000000000030000000100000001000000020000000000000000000000010000000300000002
00000002000000020000000400000000000000040000000000000001000000020000000100000000
00000002000000020000000000000001000000020000000200000000000000010000000200000002
00000003000000000000000100000004000000010000000000000001000000010000000100000001
00000002000000010000000400000001000000030000000200000000000000010000000000000005
00000000000000000000000300000005000000000000000100000001000000010000000200000000
00000001000000020000000100000001000000000000000200000000000000020000000100000000
00000001000000020000000100000001000000010000000200000001000000010000000200000002
00000004000000010000000100000002000000010000000200000000000000010000000100000002
00000000000000010000000200000002000000000000000200000000000000010000000100000003
00000000000000000000000000000000000000020000000200000002000000000000000300000003
00000002000000000000000100000003000000020000000100000000000000000000000100000002
00000001000000000000000200000002000000020000000100000002000000000000000200000001
00000000000000030000000000000000000000000000000000000000000000010000000200000002
00000005000000000000000400000002000000020000000000000001000000010000000100000001
00000000000000050000000300000001000000000000000200000000000000030000000200000001
00000000000000000000000000000001000000020000000000000000000000000000000000000001
00000000000000020000000000000000000000010000000000000002000000010000000000000000
00000000000000010000000100000000000000010000000000000001000000010000000100000002
00000000000000000000000000000000000000000000000100000001000000000000000000000000
00000001000000030000000100000002000000000000000000000001000000010000000100000001
00000000000000010000000100000000000000010000000000000001000000030000000100000001
00000002000000030000000100000001000000000000000000000001000000010000000100000002
00000000000000000000000100000000000000020000000000000000000000010000000000000000
00000000000000040000000100000001000000010000000200000000000000010000000200000000
00000001000000000000000200000001000000020000000200000001000000000000000000000000
00000001000000000000000100000001000000000000000200000000000000010000000100000001
00000000000000020000000200000000000000000000000000000000000000010000000000000001
00000000000000000000000100000000000000000000000000000000000000020000000000000001
00000000000000010000000000000000000000000000000000000000000000010000000000000002
00000000000000000000000200000001000000010000000100000001000000010000000100000000
00000002000000010000000100000000000000010000000100000000000000010000000100000002
00000000000000000000000000000000000000010000000200000001000000010000000100000000
00000001000000010000000000000001000000000000000000000002000000010000000000000000
00000000000000000000000000000002000000010000000100000003000000000000000000000001
00000000000000010000000000000002000000000000000000000000000000010000000100000000
00000000000000000000000000000000000000000000000000000000000000000000000100000001
00000001000000000000000000000000000000000000000200000000000000010000000000000002
00000000000000000000000100000000000000000000000000000002000000010000000000000000
00000001000000010000000000000000000000000000000100000000000000010000000100000000
00000000000000000000000100000000000000000000000100000003000000010000000000000001
00000000000000010000000100000001000000000000000000000000000000000000000100000001
00000000000000000000000200000002000000000000000000000000000000010000000200000000
00000001000000010000000000000000000000000000000000000000000000010000000100000001
00000001000000020000000000000001000000000000000000000000000000010000000000000001
00000000000000000000000100000001000000010000000000000000000000010000000400000000
00000000000000010000000000000001000000010000000000000001000000010000000000000001
00000000000000000000000000000000000000000000000000000000000000000000000100000000
00000002000000010000000000000001000000000000000100000001000000020000000100000001
00000000000000010000000000000000000000000000000200000000000000010000000100000000
00000000000000000000000100000001000000010000000100000000000000010000000000000000
00000000000000000000000100000000000000000000000000000001000000020000000000000000
00000000000000010000000000000000000000000000000000000001000000000000000100000001
00000000000000010000000000000001000000000000000100000002000000000000000100000000
00000001000000010000000000000001000000000000000000000000000000010000000100000000
00000000000000000000000000000002000000010000000100000000000000010000000000000002
00000001000000010000000000000001000000010000000100000000000000020000000200000001
00000001000000010000000000000000000000000000000200000000000000000000000000000003
00000000000000010000000100000000000000010000000000000001000000010000000000000000
00000000000000000000000000000001000000010000000000000000000000010000000100000000
00000000000000010000000000000001000000000000000000000001000000030000000200000000
00000003000000010000000100000000000000020000000400000001000000020000000000000001
00000000000000010000000000000001000000000000000100000000000000020000000000000001
00000001000000000000000100000000000000000000000000000001000000010000000100000001
00000000000000000000000000000003000000000000000000000000000000010000000000000001
00000000000000010000000000000000000000000000000000000002000000020000000000000003
00000000000000010000000100000001000000010000000000000002000000010000000100000000
00000000000000010000000100000001000000000000000100000002000000000000000100000001
00000001000000000000000200000000000000010000000100000000000000010000000000000000
00000001000000000000000100000002000000000000000100000002000000000000000000000001
00000000000000000000000100000000000000020000000100000002000000010000000000000000
00000000000000010000000000000000000000000000000100000001000000020000000200000001
00000002000000010000000000000000000000010000000000000000000000020000000000000000
00000000000000000000000000000000000000000000000100000002000000000000000000000000
00000000000000010000000000000001000000000000000200000000000000000000000100000004
00000001000000010000000000000002000000000000000000000001000000010000000200000000
00000000000000010000000100000001000000010000000200000000000000000000000100000001
00000002000000000000000000000000000000010000000300000002000000010000000000000001
00000000000000000000000100000002000000030000000000000001000000010000000100000000
00000001000000000000000000000000000000010000000200000000000000020000000400000000
00000002000000000000000300000001000000030000000100000001000000000000000200000000
00000001000000010000000000000000000000030000000400000000000000000000000000000003
00000000000000000000000000000001000000000000000000000000000000040000000000000001
00000002000000030000000000000000000000000000000000000000000000020000000100000003
00000000000000000000000400000001000000010000000300000000000000030000000100000001
00000001000000010000000100000003000000040000000600000005000000060000001000000005
00000009000000060000000700000007000000130000001100000023000000170000001500000023
00000023000000170000001900000019000000250000001900000033000000250000003100000032
00000031000000270000002700000023000000200000001800000022000000210000001400000015
00000013000000080000001300000010000000050000001300000009000000090000001200000005
00000008000000060000001000000010000000050000000400000004000000050000000200000005
00000003000000050000000500000005000000010000000500000003000000020000000200000002
00000002000000020000000200000002000000040000000300000001000000070000000500000004
00000001000000050000000300000000000000000000000200000004000000060000000100000004
00000003000000040000000800000006000000090000000800000012000000140000000900000017
00000017000000250000001800000025000000230000003100000026000000200000002500000035
00000027000000260000004100000027000000270000004200000044000000330000002400000030
00000032000000260000002300000028000000190000001800000023000000240000001900000017
00000016000000100000001100000017000000110000001600000012000000130000001400000014
00000009000000080000000500000004000000040000000900000005000000050000001600000004
00000012000000040000000400000005000000060000000600000001000000040000000400000008
00000009000000060000000400000005000000040000000600000003000000040000000400000005
00000001000000050000000600000004000000030000000100000006000000070000000400000004
00000005000000010000000500000005000000010000000400000003000000040000000400000003
00000001000000020000000800000007000000040000000800000004000000060000000200000006
00000006000000060000000700000005000000060000000300000003000000050000000200000005
00000004000000020000000300000002000000060000000500000003000000020000000200000003
00000002000000020000000100000002000000020000000200000003000000020000000300000001
00000002000000020000000200000001000000030000000000000005000000020000000000000004
00000002000000000000000100000001000000010000000100000002000000020000000300000001
00000005000000020000000100000000000000020000000100000002000000020000000300000002
00000002000000010000000200000002000000020000000100000001000000000000000200000003
00000003000000050000000200000006000000010000000000000004000000030000000500000002
00000004000000060000000400000008000000120000000700000005000000050000001300000007
00000007000000150000001300000009000000120000000800000006000000180000001500000013
00000016000000100000001000000010000000150000000500000004000000060000000400000007
00000004000000080000000700000008000000040000000800000004000000040000000100000006
00000004000000030000000300000005000000010000000200000002000000050000000200000000
00000006000000030000000200000003000000030000000100000000000000050000000100000003
00000001000000040000000400000002000000040000000200000001000000010000000100000000
00000004000000030000000100000002000000020000000100000000000000000000000200000000
00000001000000000000000200000001000000010000000300000002000000020000000100000001
00000001000000020000000200000001000000020000000100000002000000010000000200000002
00000003000000010000000300000001000000020000000100000002000000010000000100000002
00000000000000000000000000000000000000000000000000000000000000000000000000000000
00000000000000000000000000000000000000000000000000000000000000000000000000000000
00000000000000000000000000000000000000000000000000000000000000000000000000000000
00000000000000000000000000000000000000000000000000000000000000000000000000000000
00000000000000000000000000000000000000000000000000000000000000000000000000000000
00000000000000000000000000000000000000000000000000000000000000000000000000000000
00000000000000000000000000000000000000000000000000000000000000000000000000000000
00000000000000000000000000000000000000000000000000000000000000000000000000000000
00000000000000000000000000000000000000000000000000000000000000000000000000000000
00000000000000000000000000000000000000000000000000000000000000000000000000000000
00000000000000000000000000000000000000000000000000000000000000000000000000000000
00000000000000000000000000000000000000000000000000000000000000000000000000000000
00000000000000000000000000000000000000000000000000000000000000000000000000000000
00000000000000000000000000000000000000000000000000000000000000000000000000000000
00000000000000000000000000000000000000000000000000000000000000000000000000000000
00000000000000000000000000000000000000000000000000000000000000000000000000000000
00000000000000000000000000000000000000000000000000000000000000000000000000000000
00000000000000000000000000000000000000000000000000000000000000000000000000000000
00000000000000000000000000000000000000000000000000000000000000000000000000000000
00000000000000000000000000000000000000000000000000000000000000000000000000000000
00000000000000000000000000000000000000000000000000000000000000000000000000000000
00000000000000000000000000000000000000000000000000000000000000000000000000000000
00000000000000000000000000000000000000000000000000000000000000000000000000000000
00000000000000000000000000000000000000000000000000000000000000000000000000000000
00000000000000000000000000000000000000000000000000000000000000000000000000000000
000000000000000000000000000000000000000000000000