 0006050 0000010 0000000 0004095 1041018 0061859
00000000000000000000000100000002000000020000000000000000000000030000000100000000
00000001000000010000000000000000000000020000000100000004000000000000000600000003
00000002000000020000000000000001000000010000000300000000000000030000000300000004
00000004000000010000000600000001000000010000000600000004000000020000000300000003
00000004000000020000000200000006000000040000000400000004000000030000000200000001
00000003000000070000000200000002000000040000000400000003000000080000000600000003
00000004000000070000000800000007000000040000000800000004000000080000000800000004
00000002000000070000001000000004000000080000000200000004000000070000000400000005
00000007000000090000000500000005000000060000000200000009000000020000000800000003
00000010000000050000000700000015000000100000001100000013000000090000001100000010
00000013000000130000000500000014000000160000000700000012000000130000002000000007
00000013000000120000001200000015000000130000001700000011000000170000000900000014
00000009000000150000001300000015000000200000001400000023000000260000001500000019
00000009000000180000002600000020000000300000003000000024000000270000002600000033
00000033000000330000003200000044000000500000003100000043000000390000003900000051
00000058000000560000006900000078000000990000008000000095000000930000010300000122
00000113000001500000019300000235000002820000038100000528000006810000087000001072
00001227000013700000158500001744000017740000184700001842000018600000193400001833
00001847000017610000180800001847000017820000175400001710000016870000167300001742
00001627000016190000165900001604000015430000158400001521000015640000154800001463
00001520000014860000146800001415000013790000139200001348000013630000136200001299
00001342000013000000129800001283000013130000121800001241000012480000116400001199
00001170000011770000113600001141000011090000111600001054000010530000109700001069
00001070000010370000108900001040000009810000101300001012000010560000096900001022
00000909000009970000097300000970000009770000091800000917000009270000086700000905
00000815000009140000086500000882000009170000084500000819000008140000083800000848
00000825000007950000086700000803000008000000078300000833000007940000077300000766
00000779000008120000076000000732000007150000075800000688000007570000076000000671
00000751000006860000068200000731000007050000068200000650000006690000069400000651
00000609000006510000064100000614000006450000065100000631000006340000059900000576
00000626000006060000059800000599000005620000059800000601000006160000058200000560
00000563000005730000056100000511000005670000053500000565000005520000052400000582
00000555000005480000055200000500000005050000054800000561000005080000049900000487
00000528000005280000051600000492000004880000050200000498000005230000049700000492
00000508000004760000047200000494000004860000045300000507000004800000043900000505
00000470000004590000048200000490000004520000045700000488000004560000050000000454
00000465000004470000042500000423000004630000043700000420000004100000048000000429
00000418000004430000040300000417000004150000040500000432000003840000041500000431
00000430000004330000038500000413000003770000037700000414000003920000038900000416
00000385000003690000036700000382000003720000042600000405000003940000035600000382
00000365000003590000033500000358000003320000034900000365000003640000035100000339
00000363000003590000035600000318000003280000032200000314000003080000031300000341
00000337000003410000033500000327000003180000031100000315000002960000032700000312
00000336000002930000029600000306000003370000030400000291000002980000028200000266
00000291000002770000025500000287000002680000031300000288000002860000030300000270
00000287000002870000025600000252000002620000024800000267000002570000028700000248
00000247000002450000026100000278000002360000022900000237000002670000027800000267
00000264000002310000024000000253000002510000024200000252000002470000024300000255
00000222000002500000023800000261000002690000022200000248000002390000024300000243
00000226000002060000022600000245000002150000021300000223000002620000022700000228
00000241000002580000021700000252000002340000024300000239000002320000021700000246
00000218000002310000021700000239000002200000023700000225000002280000025000000211
00000224000002070000022400000205000001860000021400000216000002230000019200000204
00000228000002060000019400000204000001980000020400000214000001860000022500000193
00000213000001840000019700000200000001940000018700000179000001950000018300000200
00000179000001710000022000000178000001820000018400000182000001860000016400000195
00000198000001600000019800000166000001570000019500000171000001930000015800000164
00000167000001850000017000000166000001730000018100000170000001800000015400000177
00000172000001960000016700000163000001800000017600000156000001670000016400000165
00000171000001610000014300000176000001550000016300000176000001720000015200000129
00000164000001660000017100000159000001490000014300000153000001470000014600000158
00000183000001520000014700000172000001670000016400000166000001810000014300000144
00000171000001700000014200000140000001570000016600000155000001320000018000000155
00000169000001620000014700000147000001860000014900000134000001530000014600000164
00000186000001720000015200000140000001720000016800000146000001780000013500000151
00000140000001640000016300000148000001420000016400000159000001480000013100000152
00000141000001450000014000000164000001520000016900000136000001440000014700000130
00000146000001490000015300000134000001220000011900000139000001340000013700000130
00000142000001160000012000000126000001080000012200000126000001270000013100000114
00000135000001120000012000000125000001060000010700000110000001160000011000000111
00000114000001280000009700000094000000980000010900000099000000960000010100000096
00000079000001080000009200000091000000810000009300000082000000900000009500000076
00000091000000910000007700000068000000750000008800000089000000690000006900000061
00000065000000630000005500000072000000760000006600000064000000800000007500000076
00000065000000630000007700000065000000610000006500000067000000730000006500000066
00000062000000690000006800000067000000590000005900000066000000570000005900000072
00000056000000620000006000000077000000510000004900000064000000530000004800000067
00000054000000570000005600000058000000540000006500000055000000620000005900000061
00000054000000690000005000000047000000370000005200000045000000540000005100000054
00000061000000460000005100000046000000620000005000000052000000530000006200000050
00000050000000520000005500000045000000540000005300000056000000440000005000000032
00000050000000580000005900000057000000440000004200000059000000490000004600000051
00000049000000470000005100000046000000360000004400000044000000480000003900000038
00000049000000570000005200000050000000480000003900000047000000380000004500000038
00000041000000540000003300000037000000600000003200000049000000440000004500000042
00000033000000430000003800000043000000500000002800000051000000310000003300000035
00000035000000400000004400000033000000460000004400000047000000410000003800000039
00000032000000370000003200000032000000590000003900000030000000330000003700000029
00000039000000360000003100000039000000390000003900000033000000430000003700000036
00000036000000350000003900000047000000340000002900000029000000500000004100000034
00000033000000460000003900000035000000350000003800000028000000330000003900000023
00000030000000300000003600000029000000200000002300000037000000380000003300000030
00000038000000390000002800000024000000350000002800000023000000270000003300000032
00000040000000270000002500000031000000350000004100000029000000280000003900000031
00000029000000310000003100000023000000290000003200000021000000310000002900000031
00000035000000270000003200000025000000270000002800000034000000250000003300000021
00000026000000330000002600000022000000270000002400000034000000210000002900000026
00000024000000240000002500000021000000280000003700000032000000380000002400000036
00000020000000270000003100000031000000200000002100000017000000280000002400000027
00000017000000270000003500000016000000290000002000000018000000250000002900000022
00000026000000190000002100000023000000250000002200000028000000300000002200000027
00000028000000200000002900000027000000280000002300000027000000280000002500000031
00000029000000210000001900000029000000220000003000000032000000160000002200000031
00000021000000170000002300000017000000190000002800000023000000230000002100000015
00000017000000200000001500000023000000180000001800000023000000180000002400000015
00000019000000200000001700000015000000190000002300000029000000200000002800000019
00000014000000210000002500000013000000150000001900000018000000250000002200000016
00000027000000170000001400000017000000150000001800000023000000240000001800000016
00000023000000140000002400000024000000120000001700000014000000240000001400000018
00000015000000100000001900000020000000170000001600000020000000120000001200000013
00000021000000180000001500000014000000280000002300000018000000200000001100000012
00000017000000270000002000000013000000180000001800000025000000120000001600000020
00000008000000150000000900000014000000150000001800000019000000090000001400000021
00000018000000160000001600000009000000170000001200000014000000170000001500000014
00000014000000180000001300000011000000140000001900000011000000140000001100000022
00000018000000180000001600000014000000150000002000000015000000150000001700000021
00000017000000150000001200000012000000120000001400000022000000100000001800000009
00000007000000090000001700000010000000120000001300000019000000120000001300000007
00000019000000160000001600000009000000190000001600000012000000140000001200000008
00000023000000100000001100000014000000190000001400000005000000180000000800000009
00000010000000100000000900000016000000080000001300000014000000120000001400000009
00000013000000110000001600000018000000080000002300000014000000180000000700000010
00000013000000080000001200000011000000040000001100000016000000120000001200000012
00000009000000120000001200000004000000080000000700000012000000070000001200000011
00000010000000170000001100000011000000080000000800000009000000120000001100000007
00000014000000170000000700000006000000090000001200000008000000100000001000000008
00000009000000110000001000000012000000140000001400000005000000060000001300000013
00000005000000080000000400000009000000110000001200000006000000110000000700000010
00000007000000100000001100000014000000120000001200000010000000090000000600000006
00000009000000160000001200000013000000100000000700000012000000100000001100000011
00000011000000100000000700000009000000060000001100000006000000050000001000000011
00000012000000090000000400000005000000070000001200000007000000040000000900000009
00000011000000100000000300000010000000090000000600000012000000100000000600000006
00000003000000110000000500000005000000120000000600000002000000070000000400000004
00000007000000090000000900000007000000080000000600000009000000090000000700000006
00000007000000070000001100000003000000030000000800000006000000020000000300000013
00000008000000080000000300000005000000050000000800000002000000080000000800000010
00000006000000080000000700000008000000050000000800000007000000060000000500000005
00000006000000050000000600000007000000050000000300000005000000070000001300000005
00000007000000090000000400000003000000030000000300000007000000040000000600000007
00000008000000070000000600000003000000050000001200000008000000110000000200000006
00000002000000090000000400000007000000120000000500000009000000050000000700000007
00000006000000020000000600000006000000100000000600000007000000060000000700000005
00000004000000030000000400000008000000050000001000000006000000050000000200000006
00000005000000120000000500000008000000050000000800000005000000090000000700000004
00000007000000080000000300000010000000060000000500000002000000030000000800000003
00000002000000060000000600000001000000070000000800000006000000040000000700000004
00000006000000070000000100000006000000070000000700000004000000080000000500000010
00000003000000050000000500000006000000040000000400000007000000040000000500000013
00000003000000030000001100000002000000100000000400000002000000060000000300000005
00000002000000030000000100000007000000010000000500000007000000060000000300000005
00000010000000060000000300000007000000020000000300000004000000030000001100000004
00000004000000050000000500000007000000040000000600000004000000080000000300000007
00000006000000110000000600000002000000050000000200000004000000100000000700000004
00000005000000020000000700000006000000040000000300000010000000030000000200000003
00000012000000050000000100000005000000040000000600000003000000040000000800000004
00000004000000030000000400000004000000110000000500000003000000050000000300000007
00000003000000030000000500000008000000020000000300000003000000080000000000000004
00000006000000030000000600000002000000000000000100000003000000020000000600000001
00000006000000060000000200000006000000030000000500000003000000050000000200000003
00000005000000040000000300000002000000030000000600000002000000060000000000000004
00000001000000050000000500000005000000080000000200000009000000060000000200000006
00000000000000020000000500000002000000010000000200000006000000020000000200000002
00000003000000010000000300000004000000080000000400000006000000030000000300000003
00000004000000020000000500000005000000040000000300000002000000040000000200000002
00000002000000070000000400000005000000020000000300000007000000000000000500000003
00000001000000000000000300000002000000030000000400000005000000050000000500000003
00000002000000030000000200000003000000010000000300000006000000030000000200000005
00000002000000040000000400000000000000040000000200000003000000030000000400000004
00000001000000050000000200000003000000050000000300000000000000040000000400000003
00000003000000010000000300000002000000050000000300000005000000030000000500000003
00000003000000000000000400000003000000030000000300000001000000010000000000000002
00000004000000060000000400000003000000030000000500000004000000030000000200000004
00000003000000030000000200000001000000040000000200000002000000030000000600000003
00000006000000040000000000000006000000030000000100000002000000020000000200000003
00000003000000030000000300000002000000040000000500000002000000040000000300000003
00000000000000030000000400000006000000030000000300000002000000060000000100000001
00000002000000040000000200000000000000030000000200000004000000030000000200000003
00000003000000030000000200000000000000020000000100000002000000010000000400000000
00000001000000030000000200000002000000030000000400000001000000010000000200000003
00000004000000030000000100000003000000040000000300000004000000050000000200000003
00000001000000030000000100000002000000030000000000000002000000060000000300000000
00000001000000010000000000000002000000000000000000000002000000030000000700000002
00000003000000000000000400000001000000020000000400000000000000010000000300000004
00000002000000010000000300000006000000040000000000000004000000020000000100000002
00000002000000020000000600000004000000010000000000000003000000010000000500000000
00000001000000010000000100000004000000010000000200000004000000030000000200000003
00000000000000030000000200000001000000020000000300000002000000000000000200000001
00000003000000010000000200000002000000020000000300000002000000040000000400000003
00000003000000030000000200000002000000010000000100000003000000010000000300000001
00000001000000040000000300000003000000000000000500000004000000000000000200000002
00000001000000020000000200000001000000010000000300000001000000020000000200000000
00000001000000010000000200000004000000030000000400000002000000010000000300000001
00000002000000010000000100000002000000050000000100000002000000010000000200000003
00000002000000020000000000000001000000000000000300000002000000010000000200000002
00000002000000020000000200000003000000020000000200000001000000020000000100000002
00000001000000020000000200000001000000020000000000000003000000020000000000000000
00000001000000000000000000000002000000020000000200000001000000040000000300000000
00000001000000010000000100000004000000000000000200000003000000010000000600000001
00000000000000020000000200000002000000010000000100000003000000000000000200000004
00000002000000010000000200000004000000020000000000000001000000000000000200000003
00000000000000010000000300000004000000000000000400000002000000000000000400000001
00000000000000000000000200000001000000020000000000000001000000020000000200000001
00000002000000010000000200000000000000010000000000000002000000010000000600000001
00000001000000020000000400000001000000010000000100000002000000010000000400000002
00000003000000010000000100000001000000000000000000000001000000010000000000000001
00000000000000010000000000000002000000010000000000000000000000010000000200000003
00000000000000000000000000000002000000010000000100000001000000020000000100000004
00000002000000020000000100000002000000010000000100000000000000010000000200000002
00000005000000020000000000000005000000000000000200000001000000000000000400000001
00000003000000020000000100000002000000010000000100000003000000020000000000000001
00000001000000010000000100000000000000000000000100000002000000010000000500000001
00000002000000020000000100000001000000010000000100000001000000000000000100000001
00000000000000000000000100000001000000000000000100000001000000000000000000000001
00000000000000010000000000000001000000020000000100000001000000010000000000000000
00000001000000020000000000000001000000000000000000000004000000010000000100000001
00000001000000000000000200000001000000000000000000000002000000030000000100000000
00000001000000010000000000000003000000030000000200000002000000010000000300000000
00000003000000010000000100000001000000020000000000000001000000000000000100000001
00000002000000010000000100000003000000000000000200000000000000020000000000000001
00000001000000010000000100000002000000030000000100000003000000000000000300000001
00000003000000020000000400000001000000000000000100000000000000000000000000000003
00000000000000030000000200000001000000000000000100000000000000010000000100000001
00000001000000000000000200000000000000040000000100000001000000010000000100000000
00000001000000010000000100000000000000000000000200000000000000000000000000000000
00000000000000010000000100000000000000020000000300000001000000020000000000000000
00000000000000010000000000000000000000030000000000000001000000010000000000000000
00000000000000000000000200000002000000030000000000000001000000020000000100000000
00000001000000000000000000000000000000000000000200000002000000000000000100000002
00000002000000040000000000000001000000010000000100000000000000010000000100000000
00000000000000010000000200000000000000000000000100000001000000030000000000000001
00000000000000010000000100000003000000010000000200000001000000000000000400000000
00000002000000000000000000000000000000010000000300000000000000000000000000000003
00000000000000000000000000000001000000010000000200000000000000000000000000000000
00000000000000000000000100000000000000000000000200000000000000000000000200000000
00000000000000000000000000000000000000010000000000000002000000010000000100000000
00000002000000040000000000000000000000000000000200000001000000000000000100000000
00000002000000000000000200000000000000010000000000000000000000000000000200000000
00000000000000000000000000000002000000020000000100000001000000000000000000000000
00000000000000000000000100000001000000010000000100000000000000000000000200000002
00000001000000030000000200000000000000000000000100000001000000010000000100000000
00000001000000010000000000000001000000010000000000000001000000010000000000000000
00000001000000000000000000000000000000000000000100000001000000000000000100000000
00000001000000020000000200000002000000000000000000000000000000000000000000000001
00000001000000010000000000000001000000000000000000000000000000020000000000000002
00000000000000000000000100000000000000000000000000000000000000000000000000000000
00000001000000000000000000000000000000030000000100000000000000010000000200000000
00000000000000010000000000000002000000000000000100000001000000000000000100000000
00000001000000000000000000000000000000000000000000000000000000000000000000000000
00000000000000010000000000000000000000010000000100000000000000010000000000000002
00000001000000000000000000000000000000000000000100000000000000010000000200000001
00000000000000000000000100000001000000000000000100000000000000010000000100000000
00000001000000000000000100000000000000010000000100000001000000000000000100000000
00000002000000010000000100000000000000000000000100000000000000010000000000000000
00000001000000000000000100000000000000030000000000000000000000000000000000000000
00000000000000000000000000000001000000000000000000000000000000000000000000000003
00000000000000010000000000000000000000000000000000000000000000000000000000000001
00000001000000000000000100000000000000000000000100000000000000000000000000000001
00000000000000000000000000000000000000000000000200000000000000000000000000000000
00000000000000000000000000000001000000000000000000000000000000000000000000000001
00000000000000000000000100000000000000000000000100000002000000000000000000000000
00000001000000000000000000000000000000000000000000000000000000000000000000000001
00000001000000000000000100000000000000000000000000000000000000020000000100000000
00000001000000000000000000000001000000010000000000000000000000010000000100000000
00000001000000000000000000000000000000000000000100000000000000000000000000000001
00000000000000010000000000000001000000000000000000000000000000000000000000000000
00000001000000010000000200000000000000010000000000000000000000010000000000000000
00000000000000000000000000000000000000000000000000000000000000010000000000000000
00000000000000030000000000000000000000000000000100000000000000000000000100000000
00000000000000000000000000000000000000010000000000000000000000000000000100000000
00000000000000010000000000000001000000010000000000000000000000000000000100000000
00000000000000000000000100000000000000000000000000000000000000000000000000000000
00000001000000010000000200000001000000000000000100000000000000000000000000000000
00000000000000000000000000000000000000010000000100000000000000000000000000000002
00000000000000010000000000000002000000000000000000000001000000000000000000000001
00000001000000000000000100000000000000000000000000000000000000000000000000000000
00000000000000000000000000000000000000000000000000000000000000000000000000000000
00000000000000010000000000000000000000000000000100000000000000030000000000000000
00000000000000000000000000000000000000000000000100000000000000000000000100000000
00000000000000000000000000000000000000000000000000000000000000000000000100000000
00000001000000000000000000000001000000000000000000000001000000000000000000000000
00000000000000000000000000000000000000020000000000000000000000000000000000000000
00000001000000000000000000000000000000000000000000000001000000000000000100000000
00000000000000010000000000000000000000000000000000000002000000000000000000000000
00000000000000000000000000000000000000000000000000000002000000000000000000000000
00000000000000000000000000000000000000000000000000000000000000000000000100000001
00000001000000010000000000000000000000000000000100000000000000000000000000000000
00000001000000000000000000000000000000000000000000000000000000000000000000000000
00000000000000000000000200000000000000000000000000000000000000010000000000000000
00000000000000000000000100000000000000000000000100000000000000000000000000000000
00000001000000000000000000000001000000000000000000000001000000000000000000000000
00000000000000000000000000000000000000010000000000000000000000000000000000000000
00000000000000000000000000000000000000000000000000000000000000000000000000000000
00000000000000000000000000000000000000000000000000000000000000000000000000000000
00000000000000000000000000000000000000000000000000000000000000000000000000000000
00000000000000000000000000000000000000000000000000000000000000000000000000000000
00000000000000000000000000000000000000000000000000000000000000000000000100000000
00000000000000000000000000000000000000010000000000000000000000000000000000000000
00000000000000000000000000000000000000000000000000000001000000000000000000000000
00000000000000000000000000000000000000000000000000000000000000000000000000000000
00000000000000000000000000000000000000000000000000000000000000000000000000000000
00000000000000000000000000000001000000000000000000000000000000000000000000000000
00000000000000000000000000000000000000000000000000000000000000010000000200000000
00000000000000000000000000000000000000000000000000000000000000000000000000000000
00000000000000000000000000000000000000000000000100000000000000000000000000000000
00000000000000000000000000000000000000000000000000000000000000000000000000000000
00000000000000000000000000000000000000000000000200000000000000000000000000000000
00000000000000000000000000000000000000000000000000000000000000000000000100000000
00000000000000000000000000000000000000000000000000000000000000000000000000000000
00000000000000000000000000000000000000000000000000000000000000010000000000000000
00000000000000000000000000000000000000000000000000000000000000000000000100000000
00000000000000000000000000000000000000000000000000000000000000000000000000000000
00000000000000000000000000000000000000000000000000000000000000000000000000000000
00000000000000000000000000000000000000000000000000000000000000000000000000000000
00000000000000000000000000000000000000000000000000000000000000000000000000000000
00000000000000000000000000000000000000000000000000000000000000000000000000000000
00000000000000000000000000000000000000000000000000000000000000000000000000000000
00000000000000000000000000000000000000000000000000000000000000000000000000000000
00000000000000000000000000000000000000000000000000000000000000000000000100000000
00000000000000000000000000000000000000010000000000000000000000000000000000000000
00000000000000000000000000000000000000000000000000000000000000000000000000000000
00000000000000000000000000000000000000000000000000000000000000000000000000000000
00000000000000000000000000000000000000000000000000000000000000000000000000000000
00000000000000000000000000000000000000000000000000000000000000000000000000000000
00000000000000000000000000000000000000000000000000000000000000000000000000000000
00000000000000000000000000000000000000000000000000000000000000000000000000000000
00000001000000000000000000000000000000000000000000000000000000010000000000000000
00000000000000000000000000000000000000000000000000000000000000000000000000000000
00000000000000000000000000000000000000000000000000000001000000000000000000000000
00000000000000000000000000000000000000000000000000000000000000000000000000000000
00000000000000000000000000000000000000000000000000000000000000000000000000000000
00000000000000000000000000000000000000000000000000000000000000000000000000000000
00000000000000000000000000000000000000000000000000000000000000000000000000000000
00000000000000000000000000000000000000000000000000000000000000000000000000000000
00000000000000000000000000000000000000000000000000000000000000000000000000000000
00000000000000000000000000000000000000000000000000000000000000000000000000000000
00000000000000000000000000000000000000000000000000000000000000000000000000000000
00000000000000000000000000000000000000000000000000000000000000000000000000000000
00000000000000000000000000000000000000000000000000000000000000000000000000000000
00000000000000000000000000000000000000000000000000000000000000000000000000000000
00000000000000000000000000000000000000000000000000000000000000000000000000000000
00000000000000000000000000000000000000010000000000000000000000000000000000000000
00000000000000000000000000000000000000000000000000000000000000000000000000000000
00000000000000000000000000000000000000000000000000000000000000000000000000000000
00000000000000000000000000000000000000000000000000000000000000000000000000000000
00000000000000000000000000000000000000000000000000000000000000000000000000000000
00000000000000010000000000000000000000010000000000000000000000000000000000000000
00000000000000000000000000000000000000000000000100000001000000010000000000000000
00000001000000000000000000000002000000000000000000000000000000000000000000000001
00000000000000000000000000000000000000000000000000000000000000000000000000000000
00000000000000000000000000000000000000000000000000000000000000000000000000000000
00000000000000000000000000000000000000000000000000000000000000000000000000000000
00000000000000000000000000000000000000000000000000000000000000000000000000000000
00000000000000000000000000000000000000000000000000000000000000000000000000000000
00000000000000000000000000000000000000000000000000000000000000000000000000000000
00000000000000000000000000000000000000010000000000000000000000000000000000000000
00000000000000000000000000000000000000000000000000000000000000000000000000000000
00000000000000000000000000000001000000000000000000000000000000020000000000000000
00000000000000000000000000000000000000000000000000000000000000000000000000000000
00000000000000000000000000000000000000000000000000000000000000000000000000000000
00000000000000000000000000000000000000000000000000000000000000000000000000000000
00000000000000000000000000000000000000000000000000000000000000000000000000000000
00000000000000000000000000000000000000000000000000000000000000000000000000000000
00000000000000000000000000000000000000000000000000000000000000000000000000000000
00000000000000000000000000000000000000000000000000000000000000000000000000000000
00000000000000000000000000000000000000000000000000000000000000000000000000000000
00000000000000000000000000000000000000000000000000000000000000000000000000000000
00000000000000000000000000000000000000000000000000000000000000000000000000000000
00000000000000000000000000000000000000000000000000000000000000000000000000000000
00000000000000000000000000000000000000000000000000000000000000000000000000000000
00000000000000000000000000000000000000000000000000000000000000000000000000000000
00000000000000000000000000000000000000000000000000000000000000000000000000000000
00000000000000000000000000000000000000000000000000000000000000000000000000000000
00000000000000000000000000000000000000000000000000000000000000000000000000000000
00000000000000000000000000000000000000000000000000000000000000000000000000000000
00000000000000000000000000000000000000000000000000000000000000000000000000000000
00000000000000000000000000000000000000000000000000000000000000000000000000000000
00000000000000000000000000000000000000000000000000000000000000000000000000000000
00000000000000000000000000000000000000000000000000000000000000000000000000000000
00000000000000000000000000000000000000000000000000000000000000000000000000000000
00000000000000000000000000000000000000000000000000000000000000000000000000000000
00000000000000000000000000000000000000000000000000000000000000000000000000000000
00000000000000000000000000000000000000000000000000000000000000000000000000000000
00000000000000000000000000000000000000000000000000000000000000000000000000000000
00000000000000000000000000000000000000000000000000000000000000000000000000000000
00000000000000000000000000000000000000000000000000000000000000000000000000000000
00000000000000000000000000000000000000000000000000000000000000000000000000000000
00000000000000000000000000000000000000000000000000000000000000000000000000000000
00000000000000000000000000000000000000000000000000000000000000000000000000000000
00000000000000000000000000000000000000000000000000000000000000000000000000000000
00000000000000000000000000000000000000000000000000000000000000000000000000000000
00000000000000000000000000000000000000000000000000000000000000000000000000000000
00000000000000000000000000000000000000000000000000000000000000000000000000000000
00000000000000000000000000000000000000000000000000000000000000000000000000000000
00000000000000000000000000000000000000000000000000000000000000000000000000000000
00000000000000000000000000000000000000000000000000000000000000000000000000000000
00000000000000000000000000000000000000000000000000000000000000000000000000000000
00000000000000000000000000000000000000000000000000000000000000000000000000000000
00000000000000000000000000000000000000000000000000000000000000000000000000000000
00000000000000000000000000000000000000000000000000000000000000000000000000000000
00000000000000000000000000000000000000000000000000000000000000000000000000000000
00000000000000000000000000000000000000000000000000000000000000000000000000000000
00000000000000000000000000000000000000000000000000000000000000000000000000000000
00000000000000000000000000000000000000000000000000000000000000000000000000000000
00000000000000000000000000000000000000000000000000000000000000000000000000000000
00000000000000000000000000000000000000000000000000000000000000000000000000000000
00000000000000000000000000000000000000000000000000000000000000000000000000000000
00000000000000000000000000000000000000000000000000000000000000000000000000000000
00000000000000000000000000000000000000000000000000000000000000000000000000000000
000000000000000000000000000000000000000000000000