 0000102 0000054 0000000 0004095 1040720 0165724
00000000000000000000000000000000000000000000000000000000000000000000000000000000
00000000000000000000000000000000000000000000000000000000000000000000000000000000
00000000000000000000000000000000000000000000000000000000000000000000000000000000
00000000000000000000000000000000000000000000000000000000000000000000000000000000
00000000000000000000000000000000000000000000000000000000000000000000000000000000
00000000000000000000000000000000000000000000000000000000000000000000000000000000
00000000000000000000000000000000000000000000000000000000000000000000000000000000
00000000000000000000000000000000000000000000000000000000000000000000000000000000
00000000000000000000000000000000000000000000000000000000000000000000000000000000
00000000000000000000000000000000000000000000000000000000000000000000000000000000
00000000000000000000000000000000000000000000000000000000000000000000000000000000
00000000000000000000000000000000000000000000000000000000000000000000000000000000
00000000000000000000000000000000000000000000000000000000000000000000000000000000
00000000000000000000000000000000000000000000000000000000000000000000000000000000
00000000000000000000000000000000000000000000000000000000000000000000000000000000
00000000000000000000000000000000000000000000000000000000000000000000000000000000
00000000000000000000000000000000000000000000000000000000000000000000000000000000
00000000000000000000000000000000000000000000000000000000000000000000000000000000
00000000000000000000000000000000000000000000000000000000000000000000000000000000
00000000000000000000000000000000000000000000000000000000000000000000000000000000
00000000000000000000000000000000000000000000000000000000000000000000000000000000
00000000000000000000000000000000000000000000000000000000000000000000000000000000
00000000000000000000000000000000000000000000000000000000000000000000000000000000
00000000000000000000000000000000000000000000000000000000000000000000000000000000
00000000000000000000000000000000000000000000000000000000000000000000000000000000
00000000000000000000000000000000000000000000000000000000000000000000000000000000
00000000000000000000000000000000000000000000000000000000000000000000000000000000
00000000000000000000000000000000000000000000000000000000000000000000000000000000
00000000000000000000000000000000000000000000000000000000000000000000000000000000
00000000000000000000000000000000000000000000000000000000000000000000000000000000
00000000000000000000000000000000000000000000000000000000000000000000000000000000
00000000000000000000000000000000000000000000000000000000000000000000000000000000
00000000000000000000000000000000000000000000000000000000000000000000000000000000
00000000000000000000000000000000000000000000000000000000000000000000000000000000
00000000000000000000000000000000000000000000000000000000000000000000000000000000
00000000000000000000000000000000000000000000000000000000000000000000000000000000
00000000000000000000000000000000000000000000000000000000000000000000000000000000
00000000000000000000000000000000000000000000000000000000000000000000000000000000
00000000000000000000000000000000000000000000000000000000000000000000000000000000
00000000000000000000000000000000000000000000000000000000000000000000000000000000
00000000000000000000000000000000000000000000000000000000000000000000000000000000
00000000000000000000000000000000000000000000000000000000000000000000000000000000
00000000000000000000000000000000000000000000000000000000000000000000000000000000
00000000000000000000000000000000000000000000000000000000000000000000000000000000
00000000000000000000000000000000000000000000000000000000000000000000000000000000
00000000000000000000000000000000000000000000000000000000000000000000000000000000
00000000000000000000000000000000000000000000000000000000000000000000000000000000
00000000000000000000000000000000000000000000000000000000000000000000000000000000
00000000000000000000000000000000000000000000000000000000000000000000000000000000
00000000000000000000000000000000000000000000000000000000000000000000000000000000
00000000000000000000000000000000000000000000000000000000000000000000000000000000
00000000000000000000000000000000000000000000000000000000000000000000000000000000
00000000000000000000000000000000000000000000000000000000000000000000000000000000
00000000000000000000000000000000000000000000000000000000000000000000000000000000
00000000000000000000000000000000000000000000000000000000000000000000000000000000
00000000000000000000000000000000000000000000000000000000000000000000000000000000
00000000000000000000000000000000000000000000000000000000000000000000000000000000
00000000000000000000000000000000000000000000000000000000000000000000000000000000
00000000000000000000000000000000000000000000000000000000000000000000000000000000
00000000000000000000000000000000000000000000000000000000000000000000000000000000
00000000000000000000000000000000000000000000000000000000000000000000000000000000
00000000000000000000000000000000000000000000000000000000000000000000000000000000
00000000000000000000000000000000000000000000000000000000000000000000000000000000
00000000000000000000000000000000000000000000000000000000000000000000000000000000
00000000000000000000000000000000000000000000000000000000000000000000000000000000
00000000000000000000000000000000000000000000000000000000000000000000000000000000
00000000000000000000000000000000000000000000000000000000000000000000000000000000
00000000000000000000000000000000000000000000000000000000000000000000000000000000
00000000000000000000000000000000000000000000000000000000000000000000000000000000
00000000000000000000000000000000000000000000000000000000000000000000000000000000
00000000000000000000000000000000000000000000000000000000000000000000000000000000
00000000000000000000000000000000000000000000000000000000000000000000000000000000
00000000000000000000000000000000000000000000000000000000000000000000000000000000
00000000000000000000000000000000000000000000000000000000000000000000000000000000
00000000000000000000000000000000000000000000000000000000000000000000000000000000
00000000000000000000000000000000000000000000000000000000000000000000000000000000
00000000000000000000000000000000000000000000000000000000000000000000000000000000
00000000000000000000000000000000000000000000000000000000000000000000000000000000
00000000000000000000000000000000000000000000000000000000000000000000000000000000
00000000000000000000000000000000000000000000000000000000000000000000000000000000
00000000000000000000000000000000000000000000000000000000000000000000000000000000
00000000000000000000000000000000000000000000000000000000000000000000000000000000
00000000000000000000000000000000000000000000000000000000000000000000000000000000
00000000000000000000000000000000000000000000000000000000000000000000000000000000
00000000000000000000000000000000000000000000000000000000000000000000000000000000
00000000000000000000000000000000000000000000000000000000000000000000000000000000
00000000000000000000000000000000000000000000000000000000000000000000000000000000
00000000000000000000000000000000000000000000000000000000000000000000000000000000
00000000000000000000000000000000000000000000000000000000000000000000000000000000
00000000000000000000000000000000000000000000000000000000000000000000000000000000
00000000000000000000000000000000000000000000000000000000000000000000000000000000
00000000000000000000000000000000000000000000000000000000000000000000000000000000
00000000000000000000000000000000000000000000000000000000000000000000000000000000
00000000000000000000000000000000000000000000000000000000000000000000000000000000
00000000000000000000000000000000000000000000000000000000000000000000000000000000
00000000000000000000000000000000000000000000000000000000000000000000000000000000
00000000000000000000000000000000000000000000000000000000000000000000000000000000
00000000000000000000000000000000000000000000000000000000000000000000000000000000
00000000000000000000000000000000000000000000000000000000000000000000000000000000
00000000000000000000000000000000000000000000000000000000000000000000000000000000
00000000000000000000000000000000000000000000000000000000000000000000000000000000
00000000000000000000000000000000000000000000000000000000000000000000000000000000
00000000000000000000000000000000000000000000000000000000000000000000000000000000
00000000000000000000000000000000000000000000000000000000000000000000000000000000
00000000000000000000000000000000000000000000000000000000000000000000000000000000
00000000000000000000000000000000000000000000000000000000000000000000000000000000
00000000000000000000000000000000000000000000000000000000000000000000000000000000
00000000000000000000000000000000000000000000000000000000000000000000000000000000
00000000000000000000000000000000000000000000000000000000000000000000000000000000
00000000000000000000000000000000000000000000000000000000000000000000000000000000
00000000000000000000000000000000000000000000000000000000000000000000000000000000
00000000000000000000000000000000000000000000000000000000000000000000000000000000
00000000000000000000000000000000000000000000000000000000000000000000000000000000
00000000000000000000000000000000000000000000000000000000000000000000000000000000
00000000000000000000000000000000000000000000000000000000000000000000000000000000
00000000000000000000000000000000000000000000000000000000000000000000000000000000
00000000000000000000000000000000000000000000000000000000000000000000000000000000
00000000000000000000000000000000000000000000000000000000000000000000000000000000
00000000000000000000000000000000000000000000000000000000000000000000000000000000
00000000000000000000000000000000000000000000000000000000000000000000000000000000
00000000000000000000000000000000000000000000000000000000000000000000000000000000
00000000000000000000000000000000000000000000000000000000000000000000000000000000
00000000000000000000000000000000000000000000000000000000000000000000000000000000
00000000000000000000000000000000000000000000000000000000000000000000000000000000
00000000000000000000000000000000000000000000000000000000000000000000000000000000
00000000000000000000000000000000000000000000000000000000000000000000000000000000
00000000000000000000000000000000000000000000000000000000000000000000000000000000
00000000000000000000000000000000000000000000000000000000000000000000000000000000
00000000000000000000000000000000000000000000000000000000000000000000000000000000
00000000000000000000000000000000000000000000000000000000000000000000000000000000
00000000000000000000000000000000000000000000000000000000000000000000000000000000
00000000000000000000000000000000000000000000000000000000000000000000000000000000
00000000000000000000000000000000000000000000000000000000000000000000000000000000
00000000000000000000000000000000000000000000000000000000000000000000000000000000
00000000000000000000000000000000000000000000000000000000000000000000000000000000
00000000000000000000000000000000000000000000000000000000000000000000000000000000
00000000000000000000000000000000000000000000000000000000000000000000000000000000
00000000000000000000000000000000000000000000000000000000000000000000000000000000
00000000000000000000000000000000000000000000000000000000000000000000000000000000
00000000000000000000000000000000000000000000000000000000000000000000000000000000
00000000000000000000000000000000000000000000000000000000000000000000000000000000
00000000000000000000000000000000000000000000000000000000000000000000000000000000
00000000000000000000000000000000000000000000000000000000000000000000000000000000
00000000000000000000000000000000000000000000000000000000000000000000000000000000
00000000000000000000000000000000000000000000000000000000000000000000000000000000
00000000000000000000000000000000000000000000000000000000000000000000000000000000
00000000000000000000000000000000000000000000000000000000000000000000000000000000
00000000000000000000000000000000000000000000000000000000000000000000000000000000
00000000000000000000000000000000000000000000000000000000000000000000000000000000
00000000000000000000000000000000000000000000000000000000000000000000000000000000
00000000000000000000000000000000000000000000000000000000000000000000000000000000
00000000000000000000000000000000000000000000000000000000000000000000000000000000
00000000000000000000000000000000000000000000000000000000000000000000000000000000
00000000000000000000000000000000000000000000000000000000000000000000000000000000
00000000000000000000000000000000000000000000000000000000000000000000000000000000
00000000000000000000000000000000000000000000000000000000000000000000000000000000
00000000000000000000000000000000000000000000000000000000000000000000000000000000
00000000000000000000000000000000000000000000000000000000000000000000000000000000
00000000000000000000000000000000000000000000000000000000000000000000000000000000
00000000000000000000000000000000000000000000000000000000000000000000000000000000
00000000000000000000000000000000000000000000000000000000000000000000000000000000
00000000000000000000000000000000000000000000000000000000000000000000000000000000
00000000000000000000000000000000000000000000000000000000000000000000000000000000
00000000000000000000000000000000000000000000000000000000000000000000000000000000
00000000000000000000000000000000000000000000000000000000000000000000000000000000
00000000000000000000000000000000000000000000000000000000000000000000000000000000
00000000000000000000000000000000000000000000000000000012000002660000105800001623
00001663000016440000160600001558000014920000146300001370000013240000132000001206
00001151000011600000110400001062000009490000088300000860000009020000080000000791
00000770000007490000071700000703000007070000063800000562000006010000061600000570
00000530000005300000048300000453000004290000041600000417000004280000042800000409
00000404000003740000036600000334000002980000032900000288000002930000029200000280
00000271000002250000026000000235000002360000024000000230000002150000018100000221
00000214000001890000017300000188000001840000017300000163000001570000016200000163
00000150000001580000014300000125000001200000014600000114000001380000014000000129
00000110000001100000013000000118000001260000010800000124000001250000010800000118
00000107000001130000012200000111000001050000010300000120000001060000012100000109
00000113000001230000013900000131000001220000012300000108000001420000011200000135
00000128000001340000012300000142000001190000013700000148000001080000013600000166
00000156000001800000018200000156000001620000017500000185000001700000018500000194
00000207000002290000021000000205000002450000027500000234000002570000024500000271
00000275000002930000028400000283000002840000030600000330000003450000034900000345
00000356000003690000038900000371000004010000038400000435000004220000045900000471
00000494000004710000050100000549000005350000052700000594000006040000062800000617
00000684000006350000068500000716000007100000078300000754000007660000080000000856
00000857000008710000093300000960000009390000100700000987000010850000103200001057
00001153000011910000115400001139000012200000115600001269000012560000129200001322
00001357000013750000149300001509000014610000156100001565000016480000162900001748
00001812000017000000191200001782000018570000190000001924000019290000197400002030
00002083000021250000219000002211000023480000227000002363000023590000236600002400
00002354000025040000250200002561000026470000275000002660000027660000274900002747
00002793000029380000307800003005000030400000303900003109000030120000312600003161
00003165000032790000324100003318000033680000344200003486000035690000354700003489
00003571000036510000372300003575000037480000369200003853000038230000392700003848
00003922000038470000390700003998000040920000403600003986000041280000400400004171
00004135000042270000431000004390000042670000428800004318000043100000439800004476
00004342000045380000438300004587000045850000446800004656000046410000455100004751
00004564000046970000457800004707000047400000467700004882000046560000476300004813
00004808000047920000471700004786000048480000491000004829000048260000482500004862
00004743000049670000494000004920000048340000481900004971000049760000483700004812
00004871000048910000476100004905000047770000485900004689000049900000498200004800
00004877000046840000485300004828000047690000485800004962000047430000464500004792
00004711000046930000468200004549000046320000474900004742000046950000454600004538
00004563000045930000463500004580000045520000455100004498000044440000450900004529
00004438000043800000453800004474000043640000438700004408000043500000437900004399
00004268000043380000430700004243000042450000423600004155000042360000405100004077
00004010000040270000400000004108000041400000406000003832000039730000396100003837
00003902000039960000380600003855000038700000383200003795000037640000376900003580
00003632000036280000364400003598000034830000340700003635000035530000350000003568
00003580000035240000348400003492000033070000334000003340000032720000324400003208
00003263000033640000321400003107000030420000317800002956000031790000307100002951
00003131000030320000296500002975000028910000286800002809000028400000275800002850
00002863000027900000275200002755000027140000265000002640000026560000275800002600
00002632000025520000258400002513000025240000251100002533000024140000243200002376
00002421000024140000233000002328000024200000241100002306000022250000227700002178
00002208000021840000223700002134000021730000219400002120000020600000207200002037
00002131000021000000205400001973000019690000197500001908000019260000191700001881
00001952000018620000183300001772000018370000178700001850000018130000177100001714
00001714000016710000166800001658000017070000174100001584000016390000161300001645
00001605000015820000153000001524000015560000146000001487000014970000150200001509
00001458000014420000141000001397000014660000137700001350000013430000133300001374
00001316000012710000129800001252000012590000129100001201000012210000125800001228
00001162000011540000119400001206000011540000117400001174000011910000117400001131
00001143000011260000111200001097000010540000100700001062000010550000100000000993
00001035000009800000101600001021000009750000097800000899000009820000090800000890
00000896000009280000087100000865000009010000085200000836000008780000092500000870
00000876000008450000080400000829000007500000081300000770000008160000073600000760
00000850000007630000075300000739000007150000075300000737000007010000070600000711
00000705000006980000069300000669000006780000066500000699000006800000063100000635
00000635000006800000060700000644000006040000059800000590000005840000059400000566
00000559000006030000053900000585000006080000054700000516000005690000050700000545
00000508000005270000050300000471000005050000052300000472000005160000049800000476
00000505000004850000046500000461000004730000048700000467000004580000045700000424
00000406000004170000042100000395000004130000041200000446000004220000038500000385
00000389000003610000039400000383000003800000039500000412000003670000035500000366
00000349000003870000038500000373000003510000035800000355000003380000034200000335
00000357000002920000031100000317000002900000031000000324000003050000027900000302
00000322000002850000030500000309000002980000028800000292000002890000026100000265
00000282000003010000029800000266000002760000028600000286000002560000025300000270
00000258000002780000025500000249000002720000023000000235000002390000022600000254
00000243000002510000022200000190000002300000020300000225000002190000021700000212
00000200000002080000021800000203000001980000021900000194000002100000020100000186
00000173000002060000018700000187000001940000019900000182000002040000018100000219
00000163000001830000017700000192000001880000017500000190000001850000015500000157
00000174000001660000017500000139000001440000015800000143000001600000017200000169
00000162000001450000015500000147000001490000016300000146000001400000015300000144
00000142000001440000013800000149000001220000013200000144000001440000014400000115
00000137000001440000013200000135000000900000013300000114000001190000011600000128
00000124000001340000012400000113000000910000011100000130000001170000011700000103
00000109000001010000011300000105000001100000010600000096000001110000009200000107
00000079000001030000011300000090000000940000009400000094000001010000010800000107
00000104000000730000009500000099000001000000009600000085000000960000008800000086
00000082000000840000007900000081000000910000008400000081000000740000007600000096
00000082000000730000008400000071000000720000006900000089000000710000006700000073
00000053000000650000007900000077000000810000008600000064000000800000008600000066
00000066000000860000006800000055000000650000007700000064000000680000006200000069
00000062000000690000005200000052000000620000006900000065000000610000006500000092
00000060000000620000006100000060000000570000006600000039000000480000005600000064
00000044000000480000005600000050000000520000006200000053000000590000005300000048
00000054000000390000004400000039000000400000004200000050000000470000005400000034
00000042000000450000004600000043000000450000004100000051000000510000003600000048
00000051000000370000004400000044000000420000003400000036000000300000004300000034
00000059000000330000003100000041000000300000004300000039000000420000003800000042
00000050000000380000002900000038000000420000003100000038000000350000003800000034
00000040000000310000003200000033000000440000003300000039000000440000003200000035
00000020000000410000002300000035000000360000004200000035000000330000002800000023
00000025000000270000004000000027000000240000003300000027000000240000003400000021
00000027000000260000001900000032000000300000002700000031000000320000002300000028
00000025000000270000002600000026000000200000002900000031000000310000002600000024
00000029000000200000002000000012000000190000003300000020000000160000003500000029
00000025000000190000002600000026000000250000002600000021000000220000001600000023
00000025000000060000002800000017000000210000002400000018000000220000002200000015
00000020000000290000002100000026000000200000001400000027000000210000002000000020
00000014000000220000002000000019000000230000002400000017000000110000001900000022
00000018000000170000001600000027000000120000002000000016000000180000001600000025
00000021000000170000001800000017000000280000001800000012000000170000001700000022
00000016000000130000001700000014000000150000001500000017000000150000002200000016
00000017000000210000002500000015000000170000001400000014000000200000001700000019
00000014000000110000001400000020000000210000001900000023000000150000001100000014
00000017000000230000001600000016000000080000001400000008000000080000001800000010
00000013000000140000001100000015000000100000001100000013000000090000000800000024
00000018000000140000001300000013000000140000001900000015000000120000000800000009
00000012000000180000000800000008000000160000002000000012000000100000000600000016
00000012000000130000001200000015000000160000001500000010000000160000001500000010
00000016000000100000001600000011000000130000000900000014000000110000000800000010
00000008000000100000001000000008000000090000001500000014000000130000000900000012
00000009000000140000001500000008000000100000000800000011000000100000001400000014
00000008000000080000000500000010000000120000001200000011000000100000001100000009
00000008000000130000001000000009000000070000000400000007000000090000000800000011
00000011000000060000001200000011000000090000000600000006000000080000001000000010
00000007000000050000000800000004000000080000000600000011000000110000001100000005
00000004000000130000001100000010000000040000000600000009000000050000000700000010
00000006000000090000001400000007000000090000001300000011000000060000000800000006
00000008000000060000000500000009000000090000000700000010000000050000000400000006
00000006000000060000000500000007000000080000000900000009000000090000000700000006
00000010000000030000000400000007000000070000000800000012000000060000000400000010
00000010000000100000001100000005000000090000000800000003000000080000000900000007
00000005000000020000000700000011000000110000000300000006000000070000000600000005
00000005000000080000000300000006000000060000000700000006000000070000000600000009
00000005000000050000000800000002000000040000000400000006000000090000000500000002
00000004000000020000001000000005000000060000000800000005000000060000000300000003
00000004000000090000000700000005000000060000000300000005000000020000000300000007
00000007000000030000000700000004000000030000000700000007000000050000000600000003
00000007000000040000000500000010000000050000000600000008000000050000000700000006
00000002000000030000000400000006000000060000000300000004000000070000000800000009
00000004000000020000000400000006000000060000000500000003000000050000000500000006
00000002000000060000000600000005000000020000000600000002000000030000000300000005
00000004000000020000000200000003000000050000000600000002000000050000000400000004
00000005000000070000000300000006000000020000000700000002000000040000000300000007
00000005000000030000000700000005000000050000000200000006000000040000000300000003
00000006000000010000000500000002000000030000000300000003000000010000000500000004
00000004000000040000000600000003000000050000000400000002000000030000000400000005
00000004000000020000000400000001000000050000000400000005000000040000000200000003
00000004000000000000000300000001000000020000000300000003000000040000000300000001
00000002000000030000000400000001000000010000000400000003000000010000000200000002
00000005000000020000000200000005000000020000000700000000000000020000000500000001
00000001000000040000000300000005000000060000000300000001000000020000000300000003
00000002000000020000000400000002000000010000000100000000000000050000000200000002
00000002000000010000000400000002000000050000000200000002000000040000000400000002
00000003000000020000000100000002000000010000000400000001000000030000000300000000
00000003000000030000000100000006000000030000000100000000000000030000000400000003
00000002000000020000000100000002000000000000000400000003000000040000000300000003
00000004000000050000000500000002000000030000000300000004000000020000000200000001
00000001000000020000000100000001000000020000000300000003000000020000000200000001
00000004000000010000000400000001000000020000000200000005000000040000000200000002
00000002000000050000000100000005000000020000000300000005000000000000000100000002
00000001000000020000000000000004000000010000000200000001000000010000000200000004
00000002000000020000000300000002000000050000000000000001000000020000000300000004
00000002000000040000000400000000000000000000000300000002000000030000000100000002
00000001000000030000000200000002000000010000000300000003000000020000000300000000
00000000000000010000000400000001000000040000000000000001000000040000000100000001
00000001000000010000000200000005000000010000000400000004000000020000000000000002
00000000000000030000000100000000000000000000000200000001000000010000000000000000
00000001000000030000000200000002000000040000000000000004000000030000000000000001
00000001000000000000000300000001000000010000000200000000000000010000000300000001
00000002000000010000000100000001000000000000000300000001000000030000000000000001
00000002000000020000000300000000000000020000000300000005000000010000000200000001
00000001000000020000000100000001000000010000000000000001000000020000000400000004
00000000000000000000000200000002000000010000000000000002000000000000000200000001
00000001000000010000000200000002000000000000000100000003000000020000000000000000
00000003000000010000000100000001000000040000000100000000000000000000000100000001
00000000000000000000000200000002000000020000000100000006000000000000000300000003
00000001000000030000000000000002000000000000000100000002000000030000000100000003
00000000000000000000000000000002000000010000000200000001000000010000000100000001
00000002000000010000000100000001000000020000000100000001000000010000000300000002
00000000000000010000000100000001000000010000000300000000000000010000000000000000
00000002000000010000000000000001000000000000000200000002000000000000000100000001
00000000000000020000000300000002000000000000000200000003000000000000000100000002
00000000000000010000000000000002000000030000000200000001000000000000000300000001
00000000000000010000000200000000000000010000000000000001000000020000000000000001
00000000000000020000000000000002000000000000000300000001000000010000000100000002
00000002000000030000000300000002000000000000000200000002000000010000000000000000
00000000000000020000000100000002000000010000000000000000000000020000000100000000
00000002000000000000000000000001000000010000000100000000000000000000000200000003
00000002000000010000000100000000000000020000000000000000000000020000000200000000
00000001000000020000000000000001000000010000000200000001000000000000000300000001
00000004000000000000000400000000000000010000000200000002000000000000000000000000
00000001000000030000000100000001000000000000000100000000000000010000000100000001
00000000000000000000000100000001000000010000000200000003000000030000000300000001
00000002000000000000000100000002000000010000000200000001000000020000000100000002
00000002000000020000000000000001000000010000000000000001000000020000000100000000
00000001000000000000000100000001000000020000000200000002000000010000000000000000
00000000000000000000000100000000000000020000000000000003000000000000000200000000
00000002000000000000000000000003000000010000000100000002000000030000000200000001
00000001000000010000000300000002000000020000000100000000000000000000000000000000
00000001000000030000000100000001000000010000000000000002000000000000000000000000
00000001000000030000000100000001000000010000000000000001000000000000000100000001
00000001000000000000000000000000000000010000000100000002000000000000000100000001
00000000000000000000000100000000000000000000000000000000000000000000000100000001
00000002000000020000000000000000000000010000000200000000000000010000000000000002
00000003000000000000000200000000000000000000000100000000000000020000000500000000
00000000000000000000000000000000000000010000000000000000000000000000000100000001
00000000000000000000000000000001000000000000000000000002000000000000000100000000
00000000000000020000000000000000000000000000000100000000000000000000000100000000
00000002000000000000000100000001000000010000000000000002000000030000000000000000
00000001000000020000000000000000000000000000000100000001000000000000000100000000
00000000000000010000000200000000000000010000000100000000000000000000000000000002
00000003000000010000000100000001000000000000000100000001000000000000000100000002
00000000000000000000000200000000000000010000000100000000000000020000000000000000
00000001000000020000000200000000000000000000000000000000000000000000000000000002
00000000000000010000000000000000000000000000000000000001000000000000000100000001
00000003000000010000000100000001000000000000000100000000000000000000000100000001
00000000000000010000000200000000000000020000000200000000000000030000000000000001
00000000000000000000000300000000000000000000000000000000000000000000000100000001
00000000000000000000000000000000000000000000000000000000000000000000000000000000
00000000000000000000000000000000000000000000000000000000000000000000000000000000
00000000000000000000000000000000000000000000000000000000000000000000000000000000
00000000000000000000000000000000000000000000000000000000000000000000000000000000
00000000000000000000000000000000000000000000000000000000000000000000000000000000
00000000000000000000000000000000000000000000000000000000000000000000000000000000
00000000000000000000000000000000000000000000000000000000000000000000000000000000
00000000000000000000000000000000000000000000000000000000000000000000000000000000
00000000000000000000000000000000000000000000000000000000000000000000000000000000
00000000000000000000000000000000000000000000000000000000000000000000000000000000
00000000000000000000000000000000000000000000000000000000000000000000000000000000
00000000000000000000000000000000000000000000000000000000000000000000000000000000
00000000000000000000000000000000000000000000000000000000000000000000000000000000
00000000000000000000000000000000000000000000000000000000000000000000000000000000
00000000000000000000000000000000000000000000000000000000000000000000000000000000
00000000000000000000000000000000000000000000000000000000000000000000000000000000
00000000000000000000000000000000000000000000000000000000000000000000000000000000
00000000000000000000000000000000000000000000000000000000000000000000000000000000
00000000000000000000000000000000000000000000000000000000000000000000000000000000
00000000000000000000000000000000000000000000000000000000000000000000000000000000
00000000000000000000000000000000000000000000000000000000000000000000000000000000
00000000000000000000000000000000000000000000000000000000000000000000000000000000
00000000000000000000000000000000000000000000000000000000000000000000000000000000
00000000000000000000000000000000000000000000000000000000000000000000000000000000
00000000000000000000000000000000000000000000000000000000000000000000000000000000
000000000000000000000000000000000000000000000000