0  2
1  4
2  1
3  1
4  1
5  1
6  3
7  3
8  2
9  3
10  1
11  2
12  2
13  1
14  2
15  1
16  1
17  2
18  5
19  4
20  3
21  8
22  4
23  1
24  2
25  6
26  5
27  4
28  2
29  1
30  1
31  3
32  6
33  4
34  4
35  2
36  0
37  6
38  7
39  4
40  4
41  9
42  7
43  3
44  2
45  1
46  12
47  7
48  7
49  8
50  5
51  9
52  8
53  5
54  5
55  9
56  12
57  4
58  8
59  7
60  9
61  6
62  9
63  9
64  11
65  8
66  9
67  4
68  8
69  8
70  13
71  12
72  8
73  8
74  7
75  8
76  15
77  11
78  12
79  10
80  12
81  10
82  10
83  9
84  11
85  14
86  15
87  15
88  11
89  10
90  13
91  24
92  11
93  19
94  11
95  14
96  14
97  13
98  18
99  16
100  11
101  20
102  18
103  25
104  20
105  26
106  19
107  22
108  19
109  22
110  20
111  24
112  21
113  25
114  24
115  31
116  23
117  26
118  18
119  21
120  20
121  33
122  23
123  19
124  36
125  30
126  28
127  30
128  42
129  38
130  25
131  41
132  29
133  42
134  31
135  35
136  46
137  49
138  45
139  51
140  48
141  62
142  56
143  59
144  58
145  57
146  73
147  65
148  81
149  98
150  100
151  96
152  103
153  109
154  127
155  137
156  123
157  171
158  184
159  184
160  225
161  248
162  317
163  398
164  546
165  661
166  962
167  1132
168  1475
169  1768
170  2142
171  2282
172  2592
173  2798
174  2967
175  3183
176  3205
177  3012
178  3169
179  3088
180  3024
181  3052
182  3052
183  2936
184  3048
185  2917
186  2859
187  2852
188  2796
189  2769
190  2783
191  2657
192  2719
193  2598
194  2658
195  2645
196  2552
197  2505
198  2460
199  2440
200  2395
201  2485
202  2372
203  2333
204  2298
205  2336
206  2294
207  2293
208  2203
209  2268
210  2239
211  2098
212  2175
213  2074
214  2125
215  2085
216  2003
217  2014
218  2026
219  2014
220  1926
221  1957
222  1909
223  1847
224  1825
225  1768
226  1781
227  1805
228  1807
229  1710
230  1759
231  1690
232  1696
233  1722
234  1734
235  1717
236  1615
237  1681
238  1665
239  1582
240  1638
241  1659
242  1633
243  1565
244  1612
245  1496
246  1619
247  1598
248  1556
249  1435
250  1515
251  1448
252  1433
253  1472
254  1396
255  1491
256  1400
257  1366
258  1371
259  1381
260  1336
261  1421
262  1342
263  1323
264  1344
265  1374
266  1335
267  1320
268  1280
269  1266
270  1201
271  1348
272  1281
273  1256
274  1232
275  1224
276  1174
277  1203
278  1204
279  1175
280  1179
281  1181
282  1111
283  1091
284  1144
285  1110
286  1117
287  1051
288  1024
289  1021
290  1073
291  1029
292  1073
293  1065
294  1034
295  1087
296  1023
297  1066
298  1025
299  991
300  967
301  992
302  991
303  966
304  1021
305  954
306  977
307  983
308  956
309  927
310  974
311  956
312  997
313  924
314  886
315  894
316  884
317  967
318  916
319  950
320  911
321  887
322  924
323  916
324  917
325  851
326  894
327  841
328  790
329  863
330  872
331  871
332  841
333  835
334  852
335  790
336  823
337  880
338  824
339  837
340  812
341  840
342  762
343  812
344  832
345  804
346  795
347  811
348  784
349  776
350  820
351  749
352  719
353  765
354  759
355  707
356  784
357  733
358  720
359  727
360  736
361  725
362  698
363  780
364  742
365  807
366  722
367  720
368  653
369  705
370  694
371  689
372  688
373  735
374  655
375  686
376  692
377  704
378  689
379  705
380  678
381  690
382  691
383  686
384  683
385  629
386  666
387  625
388  671
389  664
390  664
391  631
392  600
393  598
394  622
395  643
396  645
397  630
398  626
399  645
400  635
401  602
402  624
403  667
404  553
405  600
406  560
407  572
408  578
409  552
410  551
411  565
412  568
413  550
414  538
415  530
416  589
417  542
418  554
419  523
420  522
421  516
422  568
423  552
424  543
425  538
426  523
427  549
428  502
429  521
430  499
431  515
432  515
433  520
434  481
435  457
436  490
437  492
438  472
439  464
440  480
441  454
442  461
443  460
444  453
445  451
446  484
447  438
448  481
449  462
450  457
451  477
452  454
453  457
454  432
455  433
456  438
457  420
458  413
459  433
460  426
461  471
462  397
463  427
464  391
465  406
466  407
467  451
468  433
469  451
470  458
471  407
472  393
473  379
474  445
475  422
476  409
477  408
478  419
479  391
480  396
481  406
482  347
483  432
484  389
485  384
486  397
487  380
488  407
489  365
490  396
491  403
492  386
493  383
494  407
495  380
496  398
497  399
498  366
499  385
500  425
501  420
502  382
503  364
504  350
505  390
506  396
507  363
508  386
509  359
510  354
511  353
512  381
513  360
514  371
515  345
516  401
517  380
518  368
519  374
520  382
521  369
522  363
523  370
524  376
525  351
526  367
527  346
528  357
529  327
530  371
531  373
532  337
533  336
534  335
535  329
536  331
537  300
538  318
539  315
540  305
541  343
542  323
543  291
544  333
545  340
546  306
547  293
548  324
549  317
550  299
551  292
552  322
553  318
554  312
555  315
556  291
557  306
558  290
559  313
560  291
561  318
562  317
563  306
564  317
565  279
566  305
567  256
568  297
569  292
570  282
571  305
572  324
573  293
574  262
575  323
576  258
577  290
578  269
579  308
580  248
581  284
582  280
583  293
584  267
585  276
586  258
587  265
588  277
589  285
590  274
591  274
592  269
593  281
594  252
595  277
596  258
597  273
598  249
599  255
600  283
601  273
602  240
603  258
604  280
605  250
606  295
607  273
608  247
609  257
610  270
611  266
612  250
613  265
614  265
615  288
616  273
617  263
618  259
619  266
620  272
621  253
622  238
623  229
624  250
625  268
626  276
627  251
628  239
629  264
630  281
631  233
632  262
633  246
634  241
635  242
636  278
637  249
638  277
639  257
640  240
641  250
642  260
643  261
644  251
645  285
646  228
647  229
648  286
649  266
650  251
651  258
652  249
653  262
654  239
655  235
656  235
657  242
658  251
659  234
660  215
661  245
662  242
663  244
664  223
665  230
666  208
667  234
668  243
669  221
670  248
671  213
672  218
673  202
674  211
675  226
676  202
677  247
678  229
679  204
680  206
681  189
682  204
683  199
684  230
685  203
686  215
687  200
688  209
689  187
690  184
691  194
692  192
693  179
694  169
695  177
696  202
697  181
698  176
699  187
700  172
701  179
702  198
703  151
704  162
705  174
706  138
707  144
708  172
709  152
710  145
711  173
712  160
713  156
714  143
715  167
716  129
717  137
718  142
719  118
720  159
721  147
722  127
723  126
724  112
725  130
726  127
727  111
728  126
729  121
730  132
731  123
732  128
733  143
734  122
735  117
736  115
737  118
738  112
739  109
740  102
741  117
742  97
743  102
744  125
745  116
746  112
747  117
748  104
749  120
750  119
751  113
752  89
753  108
754  128
755  86
756  96
757  107
758  110
759  103
760  112
761  120
762  115
763  94
764  106
765  110
766  103
767  89
768  116
769  96
770  103
771  103
772  90
773  109
774  95
775  86
776  82
777  86
778  103
779  92
780  77
781  101
782  76
783  101
784  85
785  87
786  81
787  99
788  92
789  84
790  86
791  85
792  81
793  76
794  110
795  90
796  79
797  100
798  71
799  90
800  84
801  82
802  78
803  76
804  83
805  107
806  81
807  93
808  77
809  86
810  88
811  72
812  76
813  94
814  86
815  75
816  79
817  67
818  93
819  75
820  99
821  93
822  67
823  79
824  84
825  59
826  84
827  62
828  72
829  76
830  62
831  81
832  77
833  91
834  77
835  62
836  82
837  87
838  77
839  76
840  83
841  72
842  85
843  73
844  81
845  78
846  63
847  75
848  64
849  66
850  74
851  59
852  59
853  60
854  80
855  69
856  69
857  80
858  61
859  53
860  67
861  69
862  60
863  59
864  52
865  65
866  69
867  73
868  68
869  71
870  60
871  44
872  73
873  68
874  62
875  64
876  54
877  59
878  52
879  77
880  55
881  65
882  47
883  68
884  56
885  50
886  60
887  62
888  61
889  68
890  59
891  61
892  54
893  54
894  61
895  64
896  51
897  60
898  58
899  60
900  52
901  58
902  52
903  53
904  59
905  70
906  62
907  59
908  48
909  58
910  47
911  57
912  51
913  50
914  47
915  68
916  54
917  56
918  59
919  52
920  51
921  54
922  48
923  63
924  58
925  42
926  46
927  57
928  46
929  53
930  48
931  53
932  51
933  42
934  50
935  59
936  43
937  55
938  49
939  61
940  54
941  42
942  56
943  48
944  57
945  36
946  57
947  43
948  57
949  41
950  39
951  50
952  38
953  54
954  55
955  44
956  46
957  46
958  41
959  43
960  44
961  40
962  44
963  41
964  49
965  51
966  43
967  47
968  48
969  37
970  34
971  48
972  36
973  54
974  46
975  47
976  45
977  46
978  32
979  46
980  43
981  44
982  46
983  51
984  41
985  43
986  40
987  31
988  37
989  49
990  47
991  43
992  30
993  44
994  44
995  40
996  42
997  41
998  43
999  38
1000  42
1001  38
1002  43
1003  38
1004  45
1005  41
1006  39
1007  44
1008  45
1009  45
1010  48
1011  30
1012  34
1013  31
1014  24
1015  32
1016  35
1017  34
1018  40
1019  37
1020  39
1021  38
1022  40
1023  37
1024  46
1025  52
1026  40
1027  24
1028  38
1029  31
1030  42
1031  37
1032  33
1033  40
1034  36
1035  46
1036  30
1037  35
1038  40
1039  31
1040  34
1041  46
1042  38
1043  38
1044  34
1045  32
1046  36
1047  35
1048  32
1049  39
1050  33
1051  40
1052  32
1053  37
1054  36
1055  25
1056  38
1057  29
1058  20
1059  36
1060  35
1061  46
1062  29
1063  32
1064  37
1065  25
1066  36
1067  41
1068  29
1069  39
1070  30
1071  38
1072  32
1073  36
1074  33
1075  25
1076  26
1077  34
1078  33
1079  32
1080  42
1081  20
1082  38
1083  28
1084  28
1085  33
1086  21
1087  22
1088  37
1089  26
1090  27
1091  38
1092  36
1093  25
1094  21
1095  32
1096  25
1097  29
1098  29
1099  22
1100  29
1101  28
1102  26
1103  29
1104  23
1105  19
1106  27
1107  31
1108  29
1109  20
1110  26
1111  30
1112  30
1113  30
1114  25
1115  23
1116  35
1117  28
1118  30
1119  28
1120  32
1121  32
1122  30
1123  22
1124  27
1125  17
1126  26
1127  24
1128  23
1129  29
1130  36
1131  22
1132  26
1133  28
1134  28
1135  19
1136  14
1137  28
1138  23
1139  26
1140  30
1141  20
1142  30
1143  24
1144  18
1145  26
1146  35
1147  24
1148  21
1149  35
1150  29
1151  24
1152  26
1153  31
1154  22
1155  29
1156  17
1157  26
1158  22
1159  25
1160  28
1161  25
1162  14
1163  36
1164  19
1165  27
1166  22
1167  23
1168  24
1169  38
1170  25
1171  16
1172  23
1173  20
1174  28
1175  22
1176  15
1177  20
1178  20
1179  30
1180  23
1181  14
1182  20
1183  18
1184  28
1185  25
1186  22
1187  22
1188  16
1189  27
1190  25
1191  22
1192  22
1193  25
1194  26
1195  26
1196  21
1197  22
1198  29
1199  22
1200  22
1201  16
1202  19
1203  25
1204  17
1205  14
1206  18
1207  17
1208  19
1209  17
1210  15
1211  21
1212  21
1213  15
1214  26
1215  19
1216  19
1217  19
1218  20
1219  12
1220  15
1221  28
1222  19
1223  20
1224  25
1225  11
1226  23
1227  29
1228  16
1229  21
1230  18
1231  22
1232  25
1233  15
1234  22
1235  38
1236  24
1237  20
1238  21
1239  15
1240  15
1241  21
1242  23
1243  24
1244  15
1245  17
1246  24
1247  17
1248  21
1249  21
1250  23
1251  13
1252  12
1253  12
1254  9
1255  22
1256  22
1257  15
1258  17
1259  11
1260  13
1261  20
1262  24
1263  21
1264  17
1265  18
1266  19
1267  19
1268  12
1269  15
1270  18
1271  6
1272  9
1273  13
1274  15
1275  9
1276  16
1277  14
1278  14
1279  11
1280  15
1281  19
1282  10
1283  18
1284  15
1285  11
1286  19
1287  16
1288  19
1289  16
1290  12
1291  15
1292  14
1293  13
1294  14
1295  14
1296  16
1297  13
1298  19
1299  10
1300  18
1301  14
1302  12
1303  20
1304  13
1305  12
1306  14
1307  18
1308  19
1309  19
1310  16
1311  8
1312  9
1313  16
1314  14
1315  14
1316  17
1317  9
1318  15
1319  17
1320  10
1321  14
1322  12
1323  9
1324  12
1325  15
1326  15
1327  9
1328  15
1329  18
1330  14
1331  11
1332  16
1333  14
1334  9
1335  12
1336  13
1337  17
1338  11
1339  14
1340  11
1341  16
1342  13
1343  17
1344  15
1345  19
1346  13
1347  14
1348  13
1349  10
1350  19
1351  14
1352  14
1353  12
1354  17
1355  15
1356  9
1357  14
1358  13
1359  11
1360  13
1361  10
1362  17
1363  20
1364  10
1365  16
1366  12
1367  16
1368  14
1369  11
1370  11
1371  14
1372  15
1373  7
1374  15
1375  11
1376  6
1377  14
1378  9
1379  12
1380  17
1381  9
1382  12
1383  11
1384  8
1385  12
1386  11
1387  9
1388  12
1389  18
1390  10
1391  9
1392  17
1393  14
1394  12
1395  12
1396  8
1397  8
1398  7
1399  6
1400  8
1401  11
1402  8
1403  7
1404  13
1405  10
1406  8
1407  13
1408  15
1409  9
1410  11
1411  9
1412  11
1413  14
1414  10
1415  11
1416  9
1417  8
1418  12
1419  5
1420  3
1421  12
1422  14
1423  14
1424  8
1425  8
1426  12
1427  10
1428  13
1429  11
1430  17
1431  10
1432  14
1433  11
1434  9
1435  8
1436  14
1437  9
1438  11
1439  17
1440  6
1441  4
1442  11
1443  9
1444  12
1445  6
1446  12
1447  13
1448  9
1449  12
1450  11
1451  13
1452  10
1453  9
1454  9
1455  9
1456  6
1457  10
1458  10
1459  13
1460  12
1461  7
1462  9
1463  8
1464  11
1465  5
1466  6
1467  8
1468  5
1469  12
1470  2
1471  11
1472  7
1473  7
1474  11
1475  13
1476  11
1477  7
1478  7
1479  6
1480  6
1481  6
1482  8
1483  11
1484  9
1485  15
1486  6
1487  5
1488  11
1489  3
1490  8
1491  15
1492  15
1493  4
1494  8
1495  6
1496  6
1497  7
1498  15
1499  5
1500  11
1501  3
1502  10
1503  4
1504  7
1505  15
1506  5
1507  4
1508  10
1509  13
1510  9
1511  6
1512  5
1513  7
1514  6
1515  16
1516  5
1517  12
1518  3
1519  12
1520  5
1521  8
1522  8
1523  9
1524  8
1525  12
1526  9
1527  2
1528  9
1529  9
1530  8
1531  6
1532  6
1533  11
1534  10
1535  11
1536  11
1537  6
1538  7
1539  3
1540  12
1541  6
1542  11
1543  12
1544  4
1545  9
1546  11
1547  10
1548  7
1549  6
1550  4
1551  5
1552  6
1553  7
1554  10
1555  9
1556  14
1557  9
1558  2
1559  11
1560  9
1561  9
1562  7
1563  5
1564  7
1565  3
1566  5
1567  7
1568  6
1569  4
1570  7
1571  9
1572  5
1573  7
1574  5
1575  9
1576  10
1577  3
1578  5
1579  7
1580  9
1581  13
1582  8
1583  6
1584  7
1585  4
1586  4
1587  10
1588  7
1589  8
1590  6
1591  8
1592  2
1593  6
1594  7
1595  8
1596  9
1597  5
1598  8
1599  13
1600  7
1601  9
1602  5
1603  6
1604  6
1605  4
1606  6
1607  6
1608  4
1609  8
1610  3
1611  8
1612  5
1613  7
1614  8
1615  5
1616  6
1617  3
1618  8
1619  5
1620  9
1621  5
1622  8
1623  7
1624  6
1625  7
1626  10
1627  5
1628  9
1629  6
1630  8
1631  8
1632  7
1633  3
1634  5
1635  13
1636  8
1637  5
1638  7
1639  8
1640  5
1641  6
1642  9
1643  6
1644  8
1645  5
1646  8
1647  6
1648  8
1649  9
1650  2
1651  5
1652  9
1653  9
1654  5
1655  5
1656  3
1657  7
1658  8
1659  3
1660  7
1661  7
1662  5
1663  6
1664  4
1665  11
1666  4
1667  2
1668  8
1669  4
1670  2
1671  4
1672  7
1673  3
1674  4
1675  5
1676  6
1677  3
1678  5
1679  7
1680  5
1681  8
1682  5
1683  8
1684  3
1685  5
1686  3
1687  10
1688  12
1689  6
1690  3
1691  8
1692  2
1693  5
1694  4
1695  6
1696  5
1697  8
1698  5
1699  6
1700  4
1701  4
1702  10
1703  5
1704  6
1705  11
1706  5
1707  10
1708  7
1709  8
1710  5
1711  6
1712  5
1713  2
1714  4
1715  2
1716  3
1717  3
1718  4
1719  5
1720  9
1721  8
1722  1
1723  4
1724  2
1725  4
1726  2
1727  2
1728  4
1729  2
1730  5
1731  4
1732  7
1733  6
1734  5
1735  3
1736  4
1737  8
1738  4
1739  5
1740  2
1741  7
1742  6
1743  4
1744  2
1745  4
1746  3
1747  4
1748  6
1749  7
1750  7
1751  9
1752  8
1753  5
1754  2
1755  4
1756  6
1757  4
1758  5
1759  7
1760  5
1761  7
1762  1
1763  7
1764  2
1765  8
1766  5
1767  2
1768  5
1769  1
1770  2
1771  2
1772  6
1773  2
1774  6
1775  5
1776  4
1777  3
1778  4
1779  3
1780  5
1781  4
1782  6
1783  5
1784  5
1785  6
1786  5
1787  4
1788  4
1789  3
1790  1
1791  5
1792  5
1793  6
1794  5
1795  3
1796  2
1797  5
1798  3
1799  10
1800  5
1801  6
1802  5
1803  1
1804  4
1805  7
1806  5
1807  2
1808  2
1809  7
1810  3
1811  6
1812  4
1813  6
1814  0
1815  1
1816  1
1817  4
1818  2
1819  4
1820  3
1821  4
1822  3
1823  2
1824  3
1825  4
1826  4
1827  4
1828  3
1829  4
1830  5
1831  3
1832  4
1833  2
1834  6
1835  1
1836  3
1837  4
1838  5
1839  2
1840  5
1841  2
1842  1
1843  2
1844  7
1845  5
1846  4
1847  0
1848  4
1849  4
1850  5
1851  5
1852  5
1853  2
1854  3
1855  3
1856  1
1857  5
1858  4
1859  1
1860  2
1861  4
1862  1
1863  3
1864  1
1865  1
1866  10
1867  7
1868  4
1869  2
1870  4
1871  7
1872  3
1873  2
1874  3
1875  2
1876  2
1877  2
1878  7
1879  3
1880  4
1881  1
1882  4
1883  1
1884  5
1885  6
1886  3
1887  4
1888  3
1889  2
1890  1
1891  3
1892  4
1893  1
1894  1
1895  5
1896  3
1897  2
1898  3
1899  6
1900  4
1901  3
1902  3
1903  4
1904  3
1905  1
1906  3
1907  1
1908  4
1909  2
1910  1
1911  5
1912  1
1913  2
1914  0
1915  2
1916  6
1917  2
1918  0
1919  2
1920  4
1921  6
1922  2
1923  1
1924  2
1925  3
1926  3
1927  3
1928  2
1929  3
1930  2
1931  2
1932  2
1933  3
1934  0
1935  0
1936  4
1937  1
1938  1
1939  5
1940  4
1941  1
1942  4
1943  1
1944  3
1945  4
1946  3
1947  4
1948  4
1949  3
1950  0
1951  3
1952  6
1953  6
1954  6
1955  3
1956  4
1957  2
1958  1
1959  6
1960  2
1961  5
1962  7
1963  2
1964  2
1965  3
1966  4
1967  1
1968  8
1969  1
1970  5
1971  5
1972  1
1973  2
1974  1
1975  2
1976  1
1977  2
1978  7
1979  4
1980  2
1981  3
1982  3
1983  4
1984  3
1985  2
1986  4
1987  3
1988  3
1989  1
1990  0
1991  2
1992  4
1993  3
1994  3
1995  3
1996  3
1997  1
1998  2
1999  3
2000  5
2001  4
2002  5
2003  2
2004  2
2005  2
2006  2
2007  1
2008  0
2009  2
2010  3
2011  6
2012  2
2013  4
2014  3
2015  2
2016  4
2017  0
2018  0
2019  0
2020  3
2021  2
2022  1
2023  2
2024  3
2025  1
2026  2
2027  7
2028  3
2029  1
2030  1
2031  3
2032  4
2033  1
2034  4
2035  1
2036  2
2037  2
2038  3
2039  2
2040  0
2041  1
2042  3
2043  0
2044  1
2045  2
2046  0
2047  1
2048  1
2049  2
2050  1
2051  1
2052  5
2053  2
2054  1
2055  4
2056  3
2057  4
2058  0
2059  1
2060  2
2061  2
2062  3
2063  1
2064  2
2065  0
2066  2
2067  0
2068  1
2069  2
2070  3
2071  1
2072  4
2073  2
2074  1
2075  2
2076  0
2077  4
2078  4
2079  1
2080  1
2081  1
2082  2
2083  1
2084  1
2085  2
2086  1
2087  0
2088  1
2089  3
2090  5
2091  2
2092  3
2093  2
2094  2
2095  1
2096  1
2097  0
2098  3
2099  3
2100  1
2101  1
2102  3
2103  3
2104  1
2105  1
2106  2
2107  4
2108  3
2109  1
2110  2
2111  0
2112  1
2113  2
2114  3
2115  6
2116  1
2117  0
2118  1
2119  1
2120  2
2121  2
2122  4
2123  1
2124  3
2125  0
2126  3
2127  3
2128  3
2129  2
2130  4
2131  2
2132  2
2133  2
2134  4
2135  1
2136  3
2137  4
2138  4
2139  3
2140  5
2141  0
2142  1
2143  0
2144  4
2145  4
2146  1
2147  0
2148  1
2149  2
2150  1
2151  2
2152  0
2153  1
2154  1
2155  1
2156  4
2157  1
2158  2
2159  2
2160  4
2161  1
2162  1
2163  3
2164  2
2165  1
2166  0
2167  3
2168  0
2169  4
2170  0
2171  1
2172  3
2173  2
2174  0
2175  0
2176  2
2177  1
2178  0
2179  1
2180  0
2181  2
2182  2
2183  1
2184  1
2185  1
2186  3
2187  0
2188  3
2189  5
2190  2
2191  2
2192  0
2193  1
2194  2
2195  2
2196  1
2197  1
2198  4
2199  3
2200  3
2201  1
2202  3
2203  1
2204  1
2205  0
2206  2
2207  2
2208  1
2209  0
2210  0
2211  2
2212  4
2213  2
2214  0
2215  1
2216  3
2217  2
2218  3
2219  1
2220  3
2221  1
2222  3
2223  2
2224  1
2225  2
2226  2
2227  0
2228  2
2229  2
2230  1
2231  0
2232  1
2233  1
2234  2
2235  0
2236  3
2237  0
2238  1
2239  2
2240  3
2241  0
2242  1
2243  0
2244  2
2245  4
2246  1
2247  3
2248  2
2249  1
2250  3
2251  1
2252  1
2253  1
2254  3
2255  1
2256  2
2257  4
2258  1
2259  1
2260  3
2261  2
2262  1
2263  0
2264  0
2265  3
2266  0
2267  2
2268  2
2269  0
2270  0
2271  2
2272  3
2273  1
2274  2
2275  1
2276  1
2277  0
2278  0
2279  1
2280  1
2281  2
2282  1
2283  1
2284  0
2285  2
2286  1
2287  3
2288  1
2289  0
2290  1
2291  0
2292  3
2293  2
2294  1
2295  1
2296  1
2297  3
2298  1
2299  2
2300  1
2301  0
2302  0
2303  0
2304  1
2305  0
2306  2
2307  2
2308  3
2309  1
2310  1
2311  2
2312  4
2313  1
2314  1
2315  2
2316  1
2317  2
2318  0
2319  1
2320  1
2321  0
2322  0
2323  2
2324  0
2325  0
2326  1
2327  1
2328  1
2329  2
2330  0
2331  1
2332  2
2333  1
2334  0
2335  1
2336  1
2337  1
2338  0
2339  2
2340  1
2341  1
2342  1
2343  1
2344  0
2345  0
2346  2
2347  1
2348  1
2349  1
2350  1
2351  0
2352  1
2353  2
2354  0
2355  1
2356  0
2357  0
2358  1
2359  0
2360  1
2361  1
2362  0
2363  1
2364  1
2365  2
2366  0
2367  0
2368  0
2369  1
2370  2
2371  0
2372  4
2373  0
2374  0
2375  2
2376  0
2377  0
2378  2
2379  1
2380  0
2381  0
2382  2
2383  1
2384  2
2385  3
2386  1
2387  0
2388  1
2389  1
2390  0
2391  1
2392  2
2393  0
2394  3
2395  1
2396  1
2397  1
2398  0
2399  2
2400  1
2401  0
2402  0
2403  3
2404  0
2405  2
2406  1
2407  5
2408  0
2409  0
2410  0
2411  1
2412  2
2413  2
2414  1
2415  0
2416  1
2417  0
2418  0
2419  2
2420  5
2421  1
2422  2
2423  1
2424  1
2425  2
2426  0
2427  1
2428  1
2429  1
2430  0
2431  1
2432  2
2433  3
2434  0
2435  0
2436  0
2437  1
2438  0
2439  0
2440  0
2441  0
2442  0
2443  1
2444  3
2445  0
2446  1
2447  3
2448  2
2449  1
2450  1
2451  0
2452  0
2453  1
2454  1
2455  0
2456  0
2457  0
2458  3
2459  0
2460  0
2461  1
2462  0
2463  1
2464  0
2465  1
2466  2
2467  2
2468  1
2469  0
2470  0
2471  2
2472  1
2473  1
2474  0
2475  0
2476  0
2477  0
2478  1
2479  2
2480  1
2481  1
2482  0
2483  1
2484  1
2485  0
2486  1
2487  1
2488  2
2489  0
2490  0
2491  0
2492  0
2493  0
2494  0
2495  0
2496  0
2497  2
2498  0
2499  0
2500  0
2501  0
2502  1
2503  0
2504  1
2505  1
2506  0
2507  2
2508  1
2509  0
2510  1
2511  1
2512  1
2513  0
2514  0
2515  1
2516  1
2517  1
2518  3
2519  0
2520  1
2521  0
2522  0
2523  2
2524  1
2525  2
2526  0
2527  1
2528  1
2529  1
2530  0
2531  2
2532  0
2533  0
2534  1
2535  1
2536  1
2537  1
2538  0
2539  3
2540  0
2541  1
2542  1
2543  1
2544  2
2545  0
2546  1
2547  2
2548  1
2549  2
2550  0
2551  0
2552  1
2553  1
2554  1
2555  1
2556  0
2557  1
2558  0
2559  0
2560  1
2561  0
2562  1
2563  1
2564  2
2565  2
2566  1
2567  1
2568  0
2569  0
2570  2
2571  0
2572  0
2573  1
2574  1
2575  0
2576  1
2577  1
2578  1
2579  0
2580  2
2581  0
2582  0
2583  0
2584  0
2585  0
2586  0
2587  1
2588  1
2589  0
2590  1
2591  0
2592  1
2593  0
2594  0
2595  3
2596  0
2597  0
2598  0
2599  2
2600  0
2601  2
2602  1
2603  0
2604  0
2605  0
2606  2
2607  0
2608  0
2609  0
2610  1
2611  0
2612  0
2613  0
2614  0
2615  1
2616  0
2617  0
2618  0
2619  1
2620  0
2621  1
2622  0
2623  2
2624  0
2625  1
2626  0
2627  0
2628  0
2629  0
2630  1
2631  1
2632  0
2633  1
2634  0
2635  0
2636  0
2637  0
2638  0
2639  0
2640  1
2641  1
2642  0
2643  1
2644  2
2645  1
2646  1
2647  1
2648  0
2649  0
2650  0
2651  2
2652  1
2653  2
2654  0
2655  0
2656  0
2657  1
2658  1
2659  0
2660  0
2661  0
2662  0
2663  0
2664  0
2665  0
2666  0
2667  0
2668  1
2669  0
2670  0
2671  1
2672  0
2673  1
2674  0
2675  0
2676  0
2677  0
2678  0
2679  0
2680  0
2681  0
2682  0
2683  1
2684  0
2685  0
2686  1
2687  0
2688  1
2689  0
2690  0
2691  1
2692  0
2693  0
2694  0
2695  1
2696  0
2697  0
2698  0
2699  1
2700  0
2701  0
2702  0
2703  1
2704  0
2705  1
2706  0
2707  1
2708  0
2709  0
2710  0
2711  1
2712  0
2713  3
2714  2
2715  0
2716  2
2717  1
2718  0
2719  0
2720  1
2721  0
2722  0
2723  0
2724  2
2725  0
2726  1
2727  0
2728  1
2729  0
2730  0
2731  0
2732  1
2733  0
2734  0
2735  1
2736  1
2737  0
2738  0
2739  1
2740  0
2741  2
2742  1
2743  0
2744  1
2745  0
2746  0
2747  0
2748  0
2749  0
2750  0
2751  0
2752  0
2753  3
2754  1
2755  0
2756  0
2757  0
2758  2
2759  0
2760  0
2761  0
2762  2
2763  0
2764  0
2765  1
2766  0
2767  0
2768  1
2769  0
2770  0
2771  1
2772  0
2773  0
2774  0
2775  0
2776  1
2777  0
2778  0
2779  0
2780  0
2781  0
2782  1
2783  0
2784  0
2785  1
2786  0
2787  0
2788  0
2789  0
2790  1
2791  1
2792  0
2793  0
2794  1
2795  0
2796  0
2797  0
2798  0
2799  1
2800  2
2801  0
2802  0
2803  2
2804  0
2805  1
2806  0
2807  0
2808  0
2809  0
2810  0
2811  0
2812  0
2813  1
2814  0
2815  0
2816  0
2817  0
2818  0
2819  0
2820  0
2821  1
2822  0
2823  0
2824  0
2825  0
2826  0
2827  0
2828  0
2829  0
2830  0
2831  0
2832  0
2833  0
2834  0
2835  0
2836  0
2837  0
2838  0
2839  1
2840  0
2841  0
2842  2
2843  0
2844  1
2845  0
2846  0
2847  0
2848  0
2849  2
2850  0
2851  0
2852  0
2853  0
2854  0
2855  0
2856  0
2857  1
2858  0
2859  1
2860  0
2861  1
2862  0
2863  1
2864  1
2865  1
2866  0
2867  0
2868  0
2869  0
2870  0
2871  1
2872  0
2873  1
2874  0
2875  0
2876  0
2877  0
2878  0
2879  0
2880  0
2881  0
2882  0
2883  0
2884  0
2885  0
2886  0
2887  1
2888  0
2889  0
2890  0
2891  0
2892  1
2893  1
2894  0
2895  0
2896  0
2897  0
2898  0
2899  0
2900  0
2901  0
2902  1
2903  0
2904  0
2905  0
2906  0
2907  1
2908  0
2909  0
2910  1
2911  0
2912  0
2913  0
2914  0
2915  0
2916  0
2917  0
2918  0
2919  0
2920  0
2921  1
2922  0
2923  0
2924  0
2925  0
2926  0
2927  0
2928  0
2929  0
2930  0
2931  0
2932  1
2933  0
2934  0
2935  0
2936  0
2937  0
2938  0
2939  0
2940  0
2941  0
2942  0
2943  1
2944  0
2945  0
2946  1
2947  0
2948  0
2949  0
2950  0
2951  0
2952  0
2953  0
2954  0
2955  0
2956  0
2957  0
2958  0
2959  0
2960  0
2961  0
2962  0
2963  0
2964  0
2965  0
2966  0
2967  0
2968  0
2969  0
2970  0
2971  0
2972  0
2973  0
2974  0
2975  1
2976  0
2977  0
2978  0
2979  1
2980  0
2981  0
2982  0
2983  0
2984  0
2985  0
2986  0
2987  0
2988  0
2989  0
2990  1
2991  0
2992  0
2993  0
2994  0
2995  0
2996  1
2997  0
2998  0
2999  0
3000  0
3001  0
3002  0
3003  0
3004  0
3005  0
3006  0
3007  0
3008  1
3009  0
3010  1
3011  0
3012  1
3013  0
3014  0
3015  0
3016  0
3017  0
3018  0
3019  0
3020  0
3021  0
3022  0
3023  0
3024  0
3025  0
3026  0
3027  0
3028  0
3029  1
3030  0
3031  0
3032  0
3033  1
3034  0
3035  0
3036  0
3037  0
3038  0
3039  0
3040  0
3041  0
3042  0
3043  0
3044  0
3045  0
3046  0
3047  0
3048  0
3049  0
3050  0
3051  0
3052  0
3053  0
3054  0
3055  0
3056  0
3057  0
3058  0
3059  0
3060  0
3061  0
3062  0
3063  0
3064  0
3065  0
3066  1
3067  0
3068  0
3069  0
3070  1
3071  0
3072  0
3073  0
3074  0
3075  0
3076  0
3077  0
3078  0
3079  0
3080  0
3081  0
3082  1
3083  0
3084  1
3085  0
3086  0
3087  0
3088  0
3089  0
3090  0
3091  0
3092  0
3093  0
3094  0
3095  0
3096  0
3097  0
3098  0
3099  0
3100  0
3101  0
3102  0
3103  0
3104  0
3105  0
3106  0
3107  0
3108  1
3109  0
3110  0
3111  0
3112  0
3113  0
3114  0
3115  0
3116  1
3117  1
3118  1
3119  0
3120  0
3121  0
3122  0
3123  0
3124  0
3125  0
3126  1
3127  0
3128  0
3129  0
3130  0
3131  0
3132  1
3133  0
3134  0
3135  0
3136  0
3137  0
3138  0
3139  0
3140  0
3141  0
3142  0
3143  0
3144  0
3145  0
3146  0
3147  0
3148  0
3149  0
3150  0
3151  0
3152  0
3153  0
3154  0
3155  0
3156  0
3157  0
3158  0
3159  0
3160  0
3161  0
3162  0
3163  0
3164  0
3165  0
3166  0
3167  0
3168  0
3169  0
3170  0
3171  0
3172  0
3173  0
3174  0
3175  0
3176  0
3177  0
3178  0
3179  0
3180  0
3181  0
3182  0
3183  0
3184  0
3185  0
3186  0
3187  0
3188  0
3189  0
3190  0
3191  0
3192  0
3193  0
3194  0
3195  0
3196  0
3197  0
3198  0
3199  0
3200  0
3201  0
3202  0
3203  0
3204  0
3205  0
3206  0
3207  0
3208  0
3209  0
3210  0
3211  0
3212  0
3213  0
3214  0
3215  0
3216  0
3217  0
3218  1
3219  0
3220  0
3221  0
3222  0
3223  0
3224  0
3225  0
3226  0
3227  0
3228  0
3229  0
3230  0
3231  0
3232  0
3233  0
3234  0
3235  0
3236  0
3237  0
3238  0
3239  0
3240  0
3241  0
3242  0
3243  0
3244  0
3245  0
3246  1
3247  0
3248  0
3249  0
3250  0
3251  0
3252  0
3253  0
3254  0
3255  0
3256  0
3257  0
3258  0
3259  0
3260  1
3261  0
3262  0
3263  0
3264  0
3265  0
3266  0
3267  0
3268  0
3269  0
3270  0
3271  0
3272  0
3273  1
3274  0
3275  0
3276  0
3277  0
3278  0
3279  0
3280  0
3281  0
3282  0
3283  0
3284  0
3285  0
3286  0
3287  0
3288  0
3289  0
3290  0
3291  0
3292  0
3293  0
3294  0
3295  0
3296  0
3297  0
3298  0
3299  1
3300  0
3301  0
3302  0
3303  0
3304  0
3305  0
3306  0
3307  0
3308  0
3309  0
3310  0
3311  0
3312  0
3313  0
3314  0
3315  0
3316  0
3317  0
3318  0
3319  0
3320  0
3321  0
3322  0
3323  0
3324  0
3325  0
3326  0
3327  0
3328  0
3329  0
3330  0
3331  0
3332  0
3333  0
3334  0
3335  0
3336  0
3337  0
3338  0
3339  0
3340  0
3341  0
3342  0
3343  0
3344  0
3345  0
3346  0
3347  0
3348  0
3349  0
3350  0
3351  0
3352  0
3353  0
3354  0
3355  0
3356  0
3357  0
3358  0
3359  0
3360  0
3361  0
3362  0
3363  0
3364  0
3365  0
3366  1
3367  0
3368  0
3369  0
3370  0
3371  0
3372  0
3373  0
3374  0
3375  0
3376  0
3377  0
3378  0
3379  0
3380  0
3381  0
3382  0
3383  0
3384  0
3385  0
3386  0
3387  0
3388  0
3389  0
3390  0
3391  0
3392  0
3393  0
3394  0
3395  0
3396  0
3397  0
3398  0
3399  0
3400  0
3401  0
3402  0
3403  0
3404  0
3405  0
3406  0
3407  0
3408  0
3409  0
3410  0
3411  0
3412  0
3413  0
3414  0
3415  0
3416  0
3417  0
3418  0
3419  0
3420  0
3421  0
3422  0
3423  0
3424  0
3425  0
3426  0
3427  0
3428  0
3429  0
3430  0
3431  0
3432  0
3433  0
3434  0
3435  0
3436  0
3437  0
3438  0
3439  0
3440  0
3441  0
3442  0
3443  0
3444  0
3445  1
3446  0
3447  0
3448  0
3449  0
3450  0
3451  0
3452  0
3453  0
3454  1
3455  0
3456  0
3457  0
3458  0
3459  0
3460  0
3461  0
3462  0
3463  0
3464  0
3465  0
3466  0
3467  0
3468  0
3469  0
3470  0
3471  0
3472  0
3473  0
3474  0
3475  1
3476  1
3477  0
3478  0
3479  0
3480  0
3481  0
3482  0
3483  0
3484  0
3485  0
3486  0
3487  0
3488  0
3489  0
3490  0
3491  0
3492  1
3493  0
3494  0
3495  0
3496  0
3497  0
3498  0
3499  0
3500  0
3501  0
3502  0
3503  0
3504  0
3505  0
3506  0
3507  0
3508  0
3509  0
3510  0
3511  0
3512  0
3513  0
3514  0
3515  0
3516  0
3517  0
3518  0
3519  0
3520  0
3521  0
3522  0
3523  0
3524  0
3525  0
3526  0
3527  0
3528  0
3529  0
3530  0
3531  0
3532  0
3533  0
3534  0
3535  1
3536  0
3537  0
3538  0
3539  0
3540  0
3541  0
3542  0
3543  0
3544  0
3545  0
3546  0
3547  0
3548  0
3549  0
3550  0
3551  0
3552  0
3553  0
3554  0
3555  0
3556  0
3557  0
3558  0
3559  0
3560  0
3561  0
3562  0
3563  0
3564  0
3565  0
3566  0
3567  0
3568  0
3569  0
3570  0
3571  1
3572  0
3573  0
3574  0
3575  0
3576  0
3577  0
3578  0
3579  0
3580  0
3581  1
3582  0
3583  0
3584  0
3585  0
3586  0
3587  1
3588  0
3589  0
3590  0
3591  0
3592  0
3593  0
3594  0
3595  0
3596  0
3597  0
3598  0
3599  0
3600  0
3601  0
3602  0
3603  0
3604  0
3605  0
3606  0
3607  0
3608  0
3609  0
3610  0
3611  0
3612  0
3613  0
3614  0
3615  0
3616  0
3617  0
3618  0
3619  0
3620  0
3621  0
3622  0
3623  0
3624  0
3625  0
3626  0
3627  0
3628  0
3629  0
3630  0
3631  0
3632  0
3633  0
3634  0
3635  0
3636  0
3637  0
3638  0
3639  0
3640  0
3641  0
3642  0
3643  0
3644  0
3645  0
3646  0
3647  0
3648  0
3649  0
3650  0
3651  0
3652  0
3653  0
3654  0
3655  0
3656  0
3657  0
3658  0
3659  0
3660  0
3661  0
3662  0
3663  0
3664  0
3665  0
3666  0
3667  0
3668  0
3669  0
3670  0
3671  0
3672  0
3673  0
3674  0
3675  0
3676  0
3677  0
3678  0
3679  0
3680  0
3681  0
3682  0
3683  0
3684  0
3685  0
3686  0
3687  0
3688  0
3689  0
3690  0
3691  0
3692  0
3693  0
3694  0
3695  0
3696  0
3697  0
3698  0
3699  0
3700  0
3701  0
3702  0
3703  0
3704  0
3705  0
3706  0
3707  0
3708  0
3709  0
3710  0
3711  0
3712  0
3713  0
3714  0
3715  0
3716  0
3717  0
3718  0
3719  0
3720  0
3721  0
3722  0
3723  0
3724  0
3725  0
3726  0
3727  0
3728  0
3729  0
3730  0
3731  0
3732  0
3733  0
3734  0
3735  0
3736  0
3737  0
3738  0
3739  0
3740  0
3741  0
3742  0
3743  0
3744  0
3745  0
3746  0
3747  0
3748  0
3749  0
3750  0
3751  0
3752  0
3753  0
3754  0
3755  0
3756  0
3757  0
3758  0
3759  0
3760  0
3761  0
3762  0
3763  0
3764  0
3765  0
3766  0
3767  0
3768  0
3769  0
3770  0
3771  0
3772  0
3773  0
3774  0
3775  0
3776  0
3777  0
3778  0
3779  0
3780  0
3781  0
3782  0
3783  0
3784  0
3785  0
3786  0
3787  0
3788  0
3789  0
3790  0
3791  0
3792  0
3793  0
3794  0
3795  0
3796  0
3797  0
3798  0
3799  0
3800  0
3801  0
3802  0
3803  0
3804  0
3805  0
3806  0
3807  0
3808  0
3809  0
3810  0
3811  0
3812  0
3813  0
3814  0
3815  0
3816  0
3817  0
3818  0
3819  0
3820  0
3821  0
3822  0
3823  0
3824  0
3825  0
3826  0
3827  0
3828  0
3829  0
3830  0
3831  0
3832  0
3833  0
3834  0
3835  0
3836  0
3837  0
3838  0
3839  0
3840  0
3841  0
3842  0
3843  0
3844  0
3845  0
3846  0
3847  0
3848  0
3849  0
3850  0
3851  0
3852  0
3853  0
3854  0
3855  0
3856  0
3857  0
3858  0
3859  0
3860  0
3861  0
3862  0
3863  0
3864  0
3865  0
3866  0
3867  0
3868  0
3869  0
3870  0
3871  0
3872  0
3873  0
3874  0
3875  0
3876  0
3877  0
3878  0
3879  0
3880  0
3881  0
3882  0
3883  0
3884  0
3885  0
3886  0
3887  0
3888  0
3889  0
3890  0
3891  0
3892  0
3893  0
3894  0
3895  0
3896  0
3897  0
3898  0
3899  0
3900  0
3901  0
3902  0
3903  0
3904  0
3905  0
3906  0
3907  0
3908  0
3909  0
3910  0
3911  0
3912  0
3913  0
3914  0
3915  0
3916  0
3917  0
3918  0
3919  0
3920  0
3921  0
3922  0
3923  0
3924  0
3925  0
3926  0
3927  0
3928  0
3929  0
3930  0
3931  0
3932  0
3933  0
3934  0
3935  0
3936  0
3937  0
3938  0
3939  0
3940  0
3941  0
3942  0
3943  0
3944  0
3945  0
3946  0
3947  0
3948  0
3949  0
3950  0
3951  0
3952  0
3953  0
3954  0
3955  0
3956  0
3957  0
3958  0
3959  0
3960  0
3961  0
3962  0
3963  0
3964  0
3965  0
3966  0
3967  0
3968  0
3969  0
3970  0
3971  0
3972  0
3973  0
3974  0
3975  0
3976  0
3977  0
3978  0
3979  0
3980  0
3981  0
3982  0
3983  0
3984  0
3985  0
3986  0
3987  0
3988  0
3989  0
3990  0
3991  0
3992  0
3993  0
3994  0
3995  0
3996  0
3997  0
3998  0
3999  0
4000  0
4001  0
4002  0
4003  0
4004  0
4005  0
4006  0
4007  0
4008  0
4009  0
4010  0
4011  0
4012  0
4013  0
4014  0
4015  0
4016  0
4017  0
4018  0
4019  0
4020  0
4021  0
4022  0
4023  0
4024  0
4025  0
4026  0
4027  0
4028  0
4029  0
4030  0
4031  0
4032  0
4033  0
4034  0
4035  0
4036  0
4037  0
4038  0
4039  0
4040  0
4041  0
4042  0
4043  0
4044  0
4045  0
4046  0
4047  0
4048  0
4049  0
4050  0
4051  0
4052  0
4053  0
4054  0
4055  0
4056  0
4057  0
4058  0
4059  0
4060  0
4061  0
4062  0
4063  0
4064  0
4065  0
4066  0
4067  0
4068  0
4069  0
4070  0
4071  0
4072  0
4073  0
4074  0
4075  0
4076  0
4077  0
4078  0
4079  0
4080  0
4081  0
4082  0
4083  0
4084  0
4085  0
4086  0
4087  0
4088  0
4089  0
4090  0
4091  0
4092  0
4093  0
4094  0
4095  0
