 0000105 0000014 0000000 0004095 1040720 0182347
00000000000000000000000000000000000000000000000000000000000000000000000000000000
00000000000000000000000000000000000000010000005300000187000002220000007100000032
00000016000000060000000200000004000000020000000000000003000000020000000100000004
00000001000000030000000300000007000000010000000400000002000000020000000100000002
00000000000000010000000200000000000000010000000100000000000000000000000000000000
00000000000000000000000000000000000000000000000000000000000000000000000000000000
00000000000000000000000000000000000000000000000000000000000000000000000000000000
00000000000000000000000000000000000000000000000000000000000000000000000000000000
00000000000000000000000000000000000000000000000000000000000000000000000000000000
00000000000000000000000000000000000000000000000000000000000000000000000000000000
00000000000000000000000000000000000000000000000000000000000000000000000000000000
00000000000000000000000000000000000000000000000000000000000000000000000000000000
00000000000000000000000000000000000000000000000000000000000000000000000000000000
00000000000000000000000000000000000000000000000000000000000000000000000000000000
00000000000000000000000000000000000000000000000000000000000000000000000000000000
00000000000000000000000000000000000000000000000000000000000000000000000000000000
00000000000000000000000000000000000000000000000000000000000000000000000000000000
00000000000000000000000000000000000000000000000000000000000000000000000000000000
00000000000000030000002900000106000001590000020300000206000001490000008400000038
00000024000000200000001300000021000000150000001400000015000000140000000800000006
00000011000000050000001400000006000000050000000800000014000000060000001000000011
00000010000000070000000900000009000000080000000900000008000000030000001000000008
00000010000000110000000900000006000000090000000600000010000000100000001100000005
00000004000000110000000800000010000000100000000900000004000000070000000700000009
00000015000000080000001000000011000000120000000700000003000000110000001200000014
00000010000000080000001100000007000000120000001300000004000000080000001100000004
00000010000000090000001400000007000000110000000900000008000000090000000400000012
00000017000000180000001600000013000000100000001000000008000000060000001000000013
00000006000000090000001200000003000000080000000700000008000000110000000400000011
00000014000000120000000600000010000000060000001400000008000000070000000900000013
00000010000000100000000900000015000000060000001100000007000000140000000800000007
00000006000000060000000500000004000000080000001200000002000000060000000700000007
00000005000000060000001000000009000000100000000800000009000000070000001100000012
00000007000000180000000600000006000000080000000900000010000000160000000700000009
00000005000000080000000600000010000000070000000700000008000000050000001200000006
00000004000000140000000900000009000000060000000700000004000000080000000800000008
00000007000000040000000700000013000000140000001400000007000000060000000900000004
00000006000000110000000500000015000000070000000600000005000000110000000800000013
00000011000000040000000900000005000000060000001000000009000000110000001200000011
00000007000000110000000900000009000000120000001100000008000000080000000400000009
00000006000000110000000700000005000000070000000700000009000000090000001200000009
00000012000000100000000500000009000000100000000500000010000000100000001200000010
00000007000000120000000800000007000000160000000500000007000000100000001000000010
00000005000000070000001000000007000000040000000500000008000000120000000900000008
00000013000000080000000200000009000000100000001400000007000000120000000600000008
00000008000000060000000600000008000000060000000900000011000000130000000600000010
00000006000000090000001300000010000000060000000900000009000000080000001200000009
00000006000000090000000800000012000000060000000700000006000000100000000600000007
00000006000000120000000800000007000000160000000800000007000000060000001100000008
00000007000000050000000800000006000000080000001600000005000000150000001000000009
00000007000000080000000800000002000000060000001200000007000000070000001000000010
00000017000000120000000800000008000000100000000400000007000000140000001100000010
00000010000000100000000500000014000000160000001000000010000000170000000800000006
00000008000000120000000900000011000000080000000700000010000000100000000500000008
00000011000000060000001500000010000000060000000900000004000000030000001400000009
00000009000000130000001000000015000000070000001300000007000000070000001100000008
00000008000000100000001100000010000000080000000500000013000000090000000800000012
00000007000000050000001200000004000000070000000500000009000000080000000800000014
00000007000000050000000800000011000000040000001000000008000000070000000900000009
00000012000000070000000800000009000000110000000800000006000000080000000800000007
00000009000000110000000700000008000000100000000600000006000000050000000800000007
00000013000000050000000700000008000000060000001100000012000000080000001000000005
00000013000000100000000900000009000000060000001300000010000000070000001200000008
00000010000000090000000600000009000000090000000900000010000000100000000400000016
00000007000000030000000400000006000000070000001100000011000000100000001200000006
00000007000000090000000800000005000000080000000900000005000000070000000800000006
00000006000000080000000900000009000000090000000700000004000000100000001000000010
00000009000000090000001200000009000000070000000400000009000000090000000500000005
00000006000000130000001100000009000000070000001100000016000000130000001000000005
00000011000000070000000900000006000000070000000900000012000000130000000300000007
00000009000000070000001100000005000000070000000300000008000000040000001200000012
00000006000000110000001200000014000000120000001100000014000000090000000500000011
00000006000000060000001200000009000000110000001000000006000000090000000600000010
00000012000000100000000600000007000000120000001700000010000000080000001200000006
00000018000000060000001100000006000000050000000700000009000000060000001300000006
00000005000000080000001300000004000000100000000900000011000000120000001100000015
00000006000000110000000600000011000000120000000700000011000000080000000900000011
00000013000000060000001200000010000000190000000500000008000000100000001600000017
00000012000000090000000900000013000000100000000800000006000000070000001000000012
00000005000000070000000700000010000000140000000700000009000000090000001000000004
00000007000000080000001100000008000000050000000500000006000000120000000500000003
00000014000000060000000900000007000000110000000600000007000000070000001100000005
00000013000000080000001100000011000000100000000500000008000000050000000600000009
00000008000000080000000500000011000000080000000700000009000000110000000700000016
00000009000000120000001400000012000000170000000600000007000000130000001400000011
00000010000000110000000600000010000000100000000900000009000000100000001000000005
00000008000000060000000800000007000000100000001000000008000000130000000700000007
00000007000000050000000300000013000000090000001500000010000000080000000300000007
00000003000000160000000700000007000000060000000900000009000000040000000900000008
00000008000000030000000900000007000000100000000600000006000000080000001100000008
00000009000000070000000700000010000000090000000400000010000000080000000900000014
00000015000000060000001100000019000000050000000900000011000000120000000600000006
00000012000000050000000700000007000000120000000900000008000000070000001100000007
00000007000000100000000700000010000000080000000200000011000000130000001400000010
00000011000000110000001100000005000000080000000600000010000000200000000500000005
00000003000000070000000800000007000000080000000900000007000000080000000600000011
00000009000000070000000700000009000000060000001000000008000000090000001400000009
00000006000000130000001000000009000000110000000800000009000000100000000700000006
00000008000000120000000900000011000000140000001000000006000000070000000800000011
00000007000000140000001100000006000000080000000700000009000000120000001400000005
00000010000000090000000600000010000000130000000800000006000000110000001000000011
00000013000000160000000900000015000000060000000900000009000000120000001300000013
00000007000000030000000900000007000000110000001400000009000000070000001200000010
00000006000000070000000600000008000000130000000800000012000000040000000300000011
00000012000000090000000600000008000000120000000500000014000000100000000700000007
00000005000000100000000900000008000000110000000800000011000000080000001200000013
00000004000000060000000500000009000000100000001000000006000000070000000500000017
00000010000000110000000700000008000000110000001000000006000000100000001100000011
00000010000000090000001500000007000000090000001400000011000000070000000800000011
00000008000000170000000800000010000000070000001500000011000000150000001200000009
00000016000000110000000800000007000000170000001300000009000000100000001300000008
00000013000000080000001000000009000000130000001400000008000000100000000700000012
00000014000000130000000900000013000000060000000800000012000000120000001400000012
00000013000000140000001200000011000000080000001200000016000000090000000800000009
00000008000000110000000900000016000000130000001200000008000000100000001400000006
00000011000000100000000800000015000000110000000700000007000000070000001400000012
00000007000000110000001400000010000000090000001300000010000000110000001600000007
00000013000000120000000900000008000000140000000900000007000000070000000700000010
00000015000000140000001500000010000000140000000600000007000000090000001000000007
00000012000000160000001200000015000000080000001200000011000000030000001100000010
00000008000000120000001300000010000000100000001900000016000000120000000700000010
00000013000000060000000800000013000000110000001000000011000000100000001300000012
00000011000000080000000800000013000000120000001100000014000000090000001100000009
00000011000000160000001700000014000000180000000500000011000000080000001200000011
00000010000000100000001100000007000000150000001300000007000000090000000800000010
00000012000000100000001100000007000000070000000600000011000000110000001600000017
00000001000000140000000700000010000000090000001200000013000000100000001000000006
00000010000000120000001100000011000000060000001200000008000000110000000800000014
00000010000000050000000600000007000000140000000900000010000000100000001100000003
00000008000000100000000700000013000000080000001200000014000000060000001000000011
00000014000000130000001200000008000000110000000800000005000000110000000900000011
00000015000000110000000900000015000000070000001400000008000000070000001000000014
00000011000000090000001000000008000000180000001200000013000000120000001000000013
00000004000000080000000800000010000000100000000800000011000000090000001500000004
00000011000000130000000600000013000000090000001200000008000000120000000900000008
00000017000000090000000700000008000000090000002000000005000000080000000600000006
00000014000000090000001400000008000000140000001200000007000000120000001100000010
00000017000000120000001700000010000000150000001400000008000000090000001300000011
00000009000000130000000600000019000000110000001300000013000000050000001400000010
00000019000000110000000700000013000000130000000600000010000000080000001000000014
00000010000000090000001300000012000000080000001300000011000000100000001200000017
00000011000000110000001100000004000000090000000800000010000000110000001200000012
00000013000000100000001200000011000000120000001000000010000000110000001600000012
00000007000000120000000900000012000000130000000600000007000000110000001000000015
00000010000000150000000600000010000000170000001300000005000000120000001000000013
00000006000000100000001200000010000000140000001000000009000000090000001500000006
00000010000000120000001000000008000000070000001300000010000000150000001000000006
00000009000000110000001000000007000000030000001000000013000000130000000900000010
00000012000000050000000600000014000000120000001700000011000000100000001000000008
00000016000000170000000700000008000000130000001600000008000000160000002400000009
00000012000000110000001200000013000000140000000900000012000000090000001000000009
00000012000000080000000800000011000000140000000600000010000000130000000900000015
00000007000000100000001700000009000000130000001300000009000000140000001500000015
00000019000000210000001300000011000000140000001000000010000000150000001400000016
00000009000000110000001500000015000000120000001900000011000000090000001700000009
00000022000000130000001100000017000000150000001700000010000000150000001000000012
00000013000000150000001700000014000000150000001600000018000000130000001000000021
00000018000000190000001700000016000000130000001600000014000000070000002000000010
00000021000000200000001600000013000000110000002600000010000000120000001100000009
00000011000000180000001000000017000000150000001900000013000000130000001600000019
00000021000000170000001900000020000000130000001700000012000000250000002000000013
00000019000000170000001900000017000000220000001600000017000000170000002300000015
00000023000000210000002200000020000000290000002200000029000000290000003400000033
00000038000000290000002900000016000000240000002300000015000000270000001200000028
00000026000000250000002100000017000000170000001700000014000000100000001500000010
00000015000000170000001800000008000000070000000600000018000000090000001600000010
00000012000000100000001500000004000000080000000500000012000000070000001200000009
00000011000000080000000900000003000000070000000700000010000000090000000900000008
00000010000000110000001200000009000000160000000600000007000000060000001200000009
00000008000000100000001100000008000000080000001000000006000000100000001500000003
00000012000000110000001400000007000000130000000900000007000000110000000600000014
00000006000000080000000900000010000000150000001000000008000000130000001100000015
00000015000000070000000500000008000000060000001000000007000000050000001300000007
00000003000000030000001500000009000000080000000900000017000000100000000600000007
00000004000000100000001100000008000000090000000800000010000000090000000500000010
00000005000000110000000700000013000000150000000700000010000000100000000800000007
00000010000000090000000900000013000000070000001300000003000000090000000600000008
00000007000000150000000300000010000000110000000600000011000000060000000900000010
00000014000000080000001300000012000000160000000700000011000000090000000800000014
00000009000000070000001200000007000000100000001200000011000000080000001000000010
00000012000000120000000700000010000000080000001300000009000000090000001100000013
00000019000000080000000900000008000000150000001300000013000000160000001100000013
00000009000000130000001100000008000000120000001300000022000000110000002300000012
00000009000000120000001100000012000000120000001800000013000000120000001500000011
00000023000000170000001400000012000000120000001300000020000000190000002300000017
00000021000000150000001900000013000000140000001900000022000000200000002100000016
00000024000000150000001900000022000000200000002100000024000000290000002600000026
00000029000000190000003100000022000000280000002900000028000000210000002600000031
00000026000000310000002400000027000000270000002800000033000000470000003200000035
00000039000000310000003500000043000000460000003600000039000000280000005400000038
00000038000000370000004600000033000000410000004700000049000000470000004300000044
00000031000000680000004300000032000000560000006200000057000000490000004400000057
00000050000000390000004900000049000000390000005600000052000000530000004100000045
00000058000000450000004900000062000000540000005500000043000000470000004700000041
00000050000000580000004600000056000000480000005800000046000000550000005900000046
00000053000000600000004600000054000000560000004700000056000000490000004700000039
00000042000000540000005300000044000000470000005200000044000000470000005200000054
00000047000000500000004200000041000000530000003700000058000000510000004600000053
00000050000000430000004700000052000000460000004300000043000000540000005800000045
00000064000000540000004900000047000000550000006100000056000000690000005500000051
00000054000000640000007200000049000000540000005900000051000000760000005500000082
00000057000000790000006500000054000000570000006200000075000000550000008500000079
00000081000000720000009000000079000000780000007200000086000001090000007000000093
00000098000000900000009500000109000001030000011000000114000000990000009200000117
00000105000001120000009600000123000001120000012800000134000001310000012000000129
00000139000001430000013800000120000001320000013500000120000001580000015100000145
00000159000001820000017200000145000001740000018700000183000001760000016800000196
00000185000001580000022300000209000001920000020800000206000002180000022300000208
00000233000002540000025800000250000002740000029500000281000003000000026900000315
00000327000003520000036000000344000003740000041000000438000004390000051100000516
00000557000005740000062000000724000007510000081300000920000009530000109600001148
00001263000013600000140800001597000015590000163600001659000017300000181200001775
00001850000018870000182000001816000017160000171100001624000015680000144300001387
00001345000011920000107600000988000008830000069600000588000005170000045000000345
00000286000002070000013400000096000000710000004600000048000000300000002100000020
00000016000000110000000700000010000000140000000700000012000000090000001300000009
00000014000000040000000900000011000000130000000700000015000000100000000500000007
00000008000000100000001100000011000000130000000900000013000000160000001100000019
00000011000000090000001000000012000000050000000800000011000000080000000700000009
00000005000000070000000700000008000000090000000700000009000000080000001000000009
00000005000000130000001000000010000000090000000700000010000000070000000700000011
00000003000000070000000700000007000000080000001300000010000000090000001500000007
00000007000000120000001200000009000000050000000800000008000000110000000900000007
00000011000000100000001000000007000000110000001300000006000000110000001200000008
00000010000000110000000700000008000000070000000900000005000000140000001000000008
00000004000000110000000900000006000000090000000700000012000000080000000800000013
00000008000000110000000900000008000000080000000500000006000000090000000700000012
00000006000000100000000700000012000000110000001300000014000000090000001100000004
00000009000000060000001000000008000000090000001500000008000000090000000800000013
00000014000000100000000700000009000000210000001200000009000000080000001100000011
00000002000000050000000700000007000000060000000600000010000000130000001100000014
00000010000000150000000500000012000000070000000900000011000000120000001000000006
00000009000000150000000800000009000000100000001200000014000000050000000500000010
00000005000000090000001400000007000000090000001000000009000000040000001000000006
00000012000000050000000700000008000000040000000900000006000000100000001100000007
00000013000000090000000700000009000000120000000900000008000000070000000900000006
00000007000000130000000900000007000000130000001100000008000000120000001300000002
00000013000000100000001100000006000000060000000900000009000000080000001100000005
00000016000000120000001200000008000000110000000500000010000000070000000800000008
00000010000000110000000900000006000000130000000500000007000000090000000900000010
00000009000000090000001600000012000000090000000800000010000000130000001100000006
00000005000000110000001100000010000000050000001100000008000000070000001000000009
00000009000000080000000500000010000000060000000900000011000000080000000900000006
00000013000000090000000900000009000000090000000800000011000000060000001000000011
00000004000000090000001400000008000000120000000400000008000000060000000800000007
00000006000000080000001300000010000000170000001000000007000000040000001100000011
00000011000000070000001000000004000000150000001200000006000000130000000900000006
00000005000000060000000900000007000000090000000400000007000000070000000600000013
00000006000000120000000900000010000000170000000700000010000000040000001300000007
00000009000000160000000800000005000000120000000400000006000000030000000700000015
00000004000000080000000700000007000000070000000500000009000000010000001100000008
00000009000000110000001000000006000000120000001000000010000000130000000300000011
00000007000000090000000900000008000000070000000900000007000000090000001000000006
00000007000000120000001100000008000000100000001300000008000000090000000800000007
00000015000000090000002000000007000000160000000700000008000000110000000500000011
00000012000000040000000500000012000000070000000400000010000000060000000600000005
00000011000000120000000400000014000000060000000600000009000000140000000900000015
00000007000000050000000700000009000000100000001000000009000000050000000800000004
00000006000000140000000800000007000000080000000900000004000000140000000600000008
00000007000000090000000700000007000000090000000800000006000000100000001000000011
00000008000000100000000800000011000000120000001300000011000000030000001000000008
00000007000000120000000800000009000000050000000900000007000000070000000600000006
00000005000000090000000600000006000000080000000300000007000000060000000600000011
00000011000000100000000800000008000000080000000600000011000000080000000500000011
00000008000000080000001500000011000000060000000600000011000000090000000800000010
00000010000000090000000600000005000000100000000900000007000000100000000900000008
00000008000000120000001800000012000000060000000900000011000000110000001100000007
00000005000000100000001000000007000000120000000700000005000000140000000800000012
00000008000000050000000500000009000000100000001500000011000000090000000800000005
00000004000000140000000300000012000000060000000800000010000000070000001200000008
00000013000000040000001200000010000000120000001100000008000000130000000600000008
00000009000000050000001200000014000000070000000700000007000000140000000900000009
00000011000000100000000900000012000000110000001200000008000000110000001400000012
00000007000000080000000700000004000000120000000300000003000000150000000900000006
00000005000000090000000700000006000000170000000900000012000000110000001100000011
00000008000000080000000400000013000000090000000500000007000000040000000700000008
00000013000000090000000700000006000000040000000800000011000000060000001000000010
00000010000000080000000500000007000000120000001000000009000000050000001100000009
00000015000000140000001000000011000000120000000700000009000000060000001200000008
00000017000000060000001000000008000000110000000800000012000000060000000900000009
00000005000000070000001100000006000000150000000900000007000000110000001400000009
00000008000000090000000500000013000000040000001400000013000000070000001000000013
00000008000000070000001100000014000000090000001400000016000000080000001100000009
00000006000000040000000500000013000000080000001200000007000000090000001300000005
00000016000000100000001100000004000000040000000600000013000000080000001200000008
00000011000000060000000600000008000000100000001100000009000000070000000800000004
00000007000000100000001100000013000000140000001100000008000000120000000600000010
00000006000000050000000800000012000000140000000700000015000000100000000700000008
00000011000000100000000900000013000000030000001000000011000000130000001100000009
00000013000000100000001100000012000000060000000800000011000000150000001200000010
00000011000000120000000800000016000000100000001200000003000000100000002000000008
00000011000000140000001000000012000000060000001100000008000000120000001300000014
00000009000000150000001600000007000000080000001000000017000000140000001200000011
00000009000000070000001500000012000000090000001500000017000000110000001900000017
00000014000000180000001700000021000000140000001000000005000000130000001800000010
00000017000000150000001100000016000000260000001200000027000000180000002500000041
00000041000000430000004300000054000000680000006700000090000000830000009200000079
00000080000000740000007300000061000000740000007000000063000000580000004600000058
00000039000000450000003900000028000000300000001600000015000000160000001700000008
00000004000000100000000700000007000000080000000900000004000000080000001000000007
00000011000000090000001100000014000000120000000500000008000000070000001000000010
00000008000000080000000800000013000000080000000500000008000000060000001600000017
00000008000000060000001000000006000000100000001400000008000000070000001500000010
00000009000000080000000600000008000000090000001100000015000000110000001000000012
00000009000000070000000900000008000000110000000700000004000000140000001000000011
00000007000000060000000700000006000000090000000900000008000000090000000700000012
00000011000000080000000800000010000000060000001000000005000000060000001100000005
00000010000000070000000900000009000000050000000700000008000000160000000600000005
00000011000000060000000700000008000000090000001400000008000000080000000600000007
00000006000000050000001300000006000000100000000300000008000000070000000600000010
00000004000000110000000600000018000000080000000400000005000000100000000900000008
00000004000000120000001200000004000000010000000900000014000000080000000500000012
00000012000000120000000900000010000000130000000500000011000000100000000900000005
00000007000000130000000400000008000000110000001100000010000000080000001100000008
00000006000000100000000600000015000000090000001300000006000000140000000900000009
00000008000000100000000800000010000000090000000700000008000000070000000800000007
00000011000000110000000600000007000000140000000800000008000000100000001400000005
00000008000000140000000900000005000000070000000700000008000000060000001300000013
00000006000000160000001100000007000000110000000900000005000000110000000700000012
00000009000000080000001200000008000000050000000800000006000000110000001200000002
00000006000000090000001000000008000000110000000600000008000000130000001200000007
00000007000000060000000700000005000000090000000800000004000000120000000700000013
00000012000000090000000600000014000000040000000700000010000000110000001400000010
00000009000000070000000400000011000000090000000700000005000000120000001100000008
00000007000000110000000500000003000000180000000400000007000000100000001500000009
00000009000000050000000700000010000000060000001100000004000000120000000800000011
00000006000000110000001100000006000000080000001200000008000000150000000600000005
00000007000000100000000900000007000000140000000500000008000000030000000500000008
00000006000000050000001100000005000000080000001000000010000000060000001200000014
00000011000000090000000700000002000000140000000900000011000000030000001000000008
00000007000000110000000800000007000000110000000900000008000000070000000400000006
00000012000000090000000900000009000000050000000800000012000000110000000600000009
00000009000000050000000600000004000000070000000500000012000000040000001100000010
00000012000000050000000700000012000000060000000600000012000000090000001200000010
00000007000000070000000800000011000000110000000900000008000000180000000500000010
00000005000000090000001300000007000000050000000800000009000000110000000400000010
00000009000000080000000900000009000000100000001200000011000000050000001000000008
00000003000000100000000700000006000000090000001000000014000000090000000700000007
00000006000000070000001000000008000000070000000900000008000000080000000600000011
00000015000000090000001200000007000000030000000900000011000000090000001200000009
00000008000000130000000900000010000000110000001300000005000000040000000900000005
00000007000000090000000400000008000000040000000400000002000000050000000400000007
00000005000000050000000100000002000000060000000100000001000000010000000000000000
00000000000000000000000000000000000000000000000000000000000000000000000000000000
00000000000000000000000000000000000000000000000000000000000000000000000000000000
00000000000000000000000000000000000000000000000000000000000000000000000000000000
00000000000000000000000000000000000000000000000000000000000000000000000000000000
00000000000000000000000000000000000000000000000000000000000000000000000000000000
00000000000000000000000000000000000000000000000000000000000000000000000000000000
00000000000000000000000000000000000000000000000000000000000000000000000000000000
00000000000000000000000000000000000000010000000000000000000000000000000000000000
00000000000000000000000000000000000000000000000000000000000000000000000000000000
00000000000000000000000000000000000000000000000000000000000000000000000000000000
00000000000000000000000000000000000000000000000000000000000000000000000000000000
00000000000000000000000000000000000000000000000000000000000000000000000000000000
00000000000000000000000000000000000000000000000000000000000000000000000000000000
00000000000000000000000000000000000000000000000000000000000000000000000000000000
00000000000000000000000000000000000000000000000000000000000000000000000000000000
00000000000000000000000000000000000000000000000000000000000000000000000000000000
00000000000000000000000000000000000000000000000000000000000000000000000000000000
00000000000000000000000000000000000000000000000000000000000000000000000000000000
00000000000000000000000000000000000000000000000000000000000000000000000000000000
00000000000000000000000000000000000000000000000000000000000000000000000000000000
00000000000000000000000000000000000000000000000000000000000000000000000000000000
00000000000000000000000000000000000000000000000000000000000000000000000000000000
00000000000000000000000000000000000000000000000000000000000000000000000000000000
00000000000000000000000000000000000000000000000000000000000000000000000000000000
00000000000000000000000000000000000000000000000000000000000000000000000000000000
00000000000000000000000000000000000000000000000000000000000000000000000000000000
00000000000000000000000000000000000000000000000000000000000000000000000000000000
00000000000000000000000000000000000000000000000000000000000000000000000000000000
00000000000000000000000000000000000000000000000000000000000000000000000000000000
00000000000000000000000000000000000000000000000000000000000000000000000000000000
00000000000000000000000000000000000000000000000000000000000000000000000000000000
00000000000000000000000000000000000000000000000000000000000000000000000000000000
00000000000000000000000000000000000000000000000000000000000000000000000000000000
00000000000000000000000000000000000000000000000000000000000000000000000000000000
00000000000000000000000000000000000000000000000000000000000000000000000000000000
00000000000000000000000000000000000000000000000000000000000000000000000000000000
00000000000000000000000000000000000000000000000000000000000000000000000000000000
00000000000000000000000000000000000000000000000000000000000000000000000000000000
00000000000000000000000000000000000000000000000000000000000000000000000000000000
00000000000000000000000000000000000000000000000000000000000000000000000000000000
00000000000000000000000000000000000000000000000000000000000000000000000000000000
00000000000000000000000000000000000000000000000000000000000000000000000000000000
00000000000000000000000000000000000000000000000000000000000000000000000000000000
00000000000000000000000000000000000000000000000000000000000000000000000000000000
00000000000000000000000000000000000000000000000000000000000000000000000000000000
00000000000000000000000000000000000000000000000000000000000000000000000000000000
00000000000000000000000000000000000000000000000000000000000000000000000000000000
00000000000000000000000000000000000000000000000000000000000000000000000000000000
00000000000000000000000000000000000000000000000000000000000000000000000000000000
00000000000000000000000000000000000000000000000000000000000000000000000000000000
00000000000000000000000000000000000000000000000000000000000000000000000000000000
00000000000000000000000000000000000000000000000000000000000000000000000000000000
00000000000000000000000000000000000000000000000000000000000000000000000000000000
00000000000000000000000000000000000000000000000000000000000000000000000000000000
00000000000000000000000000000000000000000000000000000000000000000000000000000000
00000000000000000000000000000000000000000000000000000000000000000000000000000000
00000000000000000000000000000000000000000000000000000000000000000000000000000000
00000000000000000000000000000000000000000000000000000000000000000000000000000000
00000000000000000000000000000000000000000000000000000000000000000000000000000000
00000000000000000000000000000000000000000000000000000000000000000000000000000000
00000000000000000000000000000000000000000000000000000000000000000000000000000000
00000000000000000000000000000000000000000000000000000000000000000000000000000000
00000000000000000000000000000000000000000000000000000000000000000000000000000000
00000000000000000000000000000000000000000000000000000000000000000000000000000000
00000000000000000000000000000000000000000000000000000000000000000000000000000000
00000000000000000000000000000000000000000000000000000000000000000000000000000000
000000000000000000000000000000000000000000000000