 0000105 0000022 0000000 0004095 1040720 0182347
00000000000000000000000000000000000000000000000000000000000000000000000000000000
00000000000000000000000000000000000000020000006000000221000002380000007200000024
00000013000000030000000200000002000000040000000000000001000000080000000000000003
00000001000000020000000200000001000000020000000200000001000000020000000200000004
00000002000000030000000100000000000000000000000000000000000000010000000000000000
00000000000000000000000000000000000000000000000000000000000000000000000000000000
00000000000000000000000000000000000000000000000000000000000000000000000000000000
00000000000000000000000000000000000000000000000000000000000000000000000000000000
00000000000000000000000000000000000000000000000000000000000000000000000000000000
00000000000000000000000000000000000000000000000000000000000000000000000000000000
00000000000000000000000000000000000000000000000000000000000000000000000000000000
00000000000000000000000000000000000000000000000000000000000000000000000000000000
00000000000000000000000000000000000000000000000000000000000000000000000000000000
00000000000000000000000000000000000000000000000000000000000000000000000000000000
00000000000000000000000000000000000000000000000000000000000000000000000000000000
00000000000000000000000000000000000000000000000000000000000000000000000000000000
00000000000000000000000000000000000000000000000000000000000000000000000000000000
00000000000000000000000000000000000000000000000000000000000000000000000000000000
00000000000000020000003500000131000001840000022100000223000001850000009600000048
00000031000000320000002200000020000000150000002000000016000000190000001300000012
00000009000000100000001000000015000000070000001000000013000000120000001200000010
00000014000000070000001100000006000000130000001100000011000000070000000600000012
00000010000000080000001300000009000000090000001400000010000000120000001000000013
00000006000000100000001300000016000000090000001000000010000000130000000900000014
00000013000000090000000600000010000000110000000700000008000000120000000800000008
00000006000000040000001500000007000000120000000900000010000000110000000700000010
00000006000000160000001500000005000000110000000800000009000000150000001200000015
00000009000000100000001200000007000000130000001000000007000000060000000900000006
00000014000000160000001100000009000000140000000900000010000000130000000800000007
00000009000000120000000500000010000000070000000600000010000000110000001000000014
00000010000000110000001400000013000000090000001000000009000000060000000900000011
00000012000000090000000700000011000000110000000900000007000000120000000600000010
00000010000000050000001200000009000000080000001500000005000000070000001100000007
00000013000000060000001600000012000000160000001200000010000000110000001100000009
00000010000000110000001100000013000000080000001200000011000000090000001000000012
00000008000000140000000700000007000000120000001200000015000000120000000700000008
00000011000000060000000800000008000000120000001100000010000000090000001000000016
00000007000000110000000600000018000000110000001300000012000000130000001000000013
00000016000000040000000500000013000000170000000400000011000000100000001000000013
00000010000000100000001500000011000000090000000900000008000000050000000900000011
00000011000000100000000800000004000000060000001100000008000000050000001000000013
00000009000000050000001100000008000000080000001300000012000000110000000700000009
00000014000000160000000700000013000000110000000600000010000000100000001200000010
00000013000000130000001300000013000000100000000700000007000000100000001100000009
00000006000000060000001200000010000000120000000300000013000000120000000800000012
00000016000000080000000800000005000000100000000900000011000000090000000400000018
00000016000000090000001300000011000000070000001200000009000000120000001600000017
00000009000000110000001000000014000000100000000900000012000000040000000900000011
00000007000000120000000700000010000000120000000800000010000000160000001900000011
00000007000000070000001400000013000000070000001200000007000000070000001200000011
00000010000000120000000900000008000000060000001200000013000000110000000600000009
00000006000000140000000900000017000000110000001100000011000000080000001100000015
00000009000000080000001000000010000000070000000900000009000000090000000800000009
00000017000000090000001400000008000000090000000800000007000000090000001000000015
00000008000000160000001100000016000000110000000800000012000000150000000900000011
00000011000000110000000500000011000000160000000600000012000000070000001200000008
00000010000000150000001400000016000000070000000500000013000000140000001300000010
00000009000000140000001300000013000000150000001300000010000000130000001100000010
00000017000000080000000200000011000000060000000700000011000000130000000800000011
00000008000000090000001200000012000000070000000900000015000000100000000800000008
00000010000000130000001100000011000000080000001400000011000000060000001100000002
00000007000000180000001200000009000000120000000900000014000000100000000900000010
00000008000000110000001000000007000000050000000400000010000000110000000600000012
00000015000000090000000900000008000000110000000600000010000000070000001800000010
00000013000000090000001800000005000000070000001300000022000000080000001100000014
00000006000000080000000800000007000000090000000100000007000000110000000900000009
00000013000000120000001100000010000000070000001300000010000000060000001100000014
00000006000000120000000900000009000000100000000900000008000000160000000700000015
00000008000000070000001000000014000000080000000600000012000000080000001000000011
00000015000000080000001500000013000000090000000600000010000000150000001100000009
00000007000000090000001400000008000000110000000800000014000000070000001400000009
00000004000000080000000500000016000000090000000800000015000000110000002000000007
00000017000000140000000900000013000000110000001300000010000000090000000700000008
00000014000000120000001500000008000000150000001700000010000000110000001200000011
00000005000000080000001300000008000000090000001200000017000000110000001100000010
00000019000000060000000800000011000000110000001300000010000000050000000700000010
00000007000000160000001200000015000000140000000900000008000000080000001300000007
00000010000000180000001000000007000000090000001200000016000000120000000800000008
00000013000000060000000900000011000000050000001200000009000000110000000800000010
00000004000000090000001000000011000000130000001000000013000000140000000700000015
00000007000000100000001300000005000000100000001600000012000000120000000600000012
00000016000000050000001300000009000000090000000500000013000000110000000600000009
00000012000000060000000900000015000000150000000900000007000000090000000800000008
00000014000000110000001000000010000000070000001600000010000000080000000900000015
00000010000000090000000800000013000000090000001400000009000000030000001300000008
00000013000000160000000900000004000000130000001200000013000000090000001100000009
00000010000000070000000900000012000000090000000900000007000000100000001100000013
00000017000000070000001100000013000000090000001100000016000000120000001100000012
00000009000000100000000700000012000000080000000500000011000000090000001500000007
00000010000000130000000400000013000000140000001500000012000000160000001300000010
00000010000000120000000800000015000000090000001300000010000000110000001200000008
00000018000000080000001400000014000000130000001200000014000000170000001600000006
00000011000000120000001300000010000000100000000900000009000000100000000600000010
00000010000000130000001300000011000000090000001400000011000000100000001400000009
00000008000000120000001300000015000000130000000900000010000000090000001000000010
00000011000000130000001100000011000000130000001000000007000000120000001200000009
00000007000000050000001000000014000000050000000500000009000000150000001100000011
00000011000000090000001000000009000000100000001600000010000000120000001900000008
00000012000000130000001500000014000000080000001500000009000000160000001200000013
00000012000000150000001000000009000000140000001100000011000000090000001600000013
00000015000000140000001500000012000000060000001500000011000000110000001400000010
00000013000000090000001500000019000000160000001300000009000000100000000900000015
00000011000000070000000700000011000000110000001000000013000000170000001200000017
00000009000000100000000600000019000000090000001000000010000000040000000800000009
00000015000000130000001000000010000000120000001300000012000000090000001500000009
00000010000000170000000800000017000000130000001000000014000000110000001100000014
00000015000000070000001600000008000000110000001500000016000000060000001600000012
00000012000000080000001000000008000000100000001600000006000000060000001600000012
00000018000000070000000800000008000000110000001000000012000000150000001100000012
00000011000000110000001200000010000000180000001900000015000000160000001400000011
00000009000000120000001000000009000000160000001100000016000000100000000800000012
00000010000000140000000600000011000000090000000700000014000000160000000800000014
00000011000000090000000900000011000000110000001100000011000000210000001000000012
00000014000000120000001100000008000000120000001000000007000000100000001100000013
00000007000000170000001200000009000000130000001700000012000000070000001500000012
00000016000000210000001000000012000000150000000900000005000000160000001000000007
00000009000000100000001000000013000000080000001000000012000000120000001300000012
00000010000000070000001100000013000000080000001000000017000000100000001100000016
00000008000000150000001100000011000000090000001300000012000000100000001400000012
00000012000000080000001300000016000000120000000800000016000000130000001300000007
00000008000000080000000700000010000000150000001300000015000000160000000900000011
00000016000000130000001400000014000000140000001200000020000000150000001600000012
00000005000000170000000800000011000000120000000700000014000000120000000900000016
00000011000000120000001300000008000000100000001000000013000000230000001500000013
00000013000000140000000700000015000000160000000600000019000000080000000600000010
00000011000000150000001500000022000000080000001400000008000000120000002000000011
00000013000000060000001400000014000000090000001000000013000000100000001300000009
00000017000000170000001100000011000000110000001000000011000000110000001200000011
00000012000000080000000700000010000000080000001000000012000000150000001000000015
00000015000000120000001400000010000000140000000900000016000000130000001300000013
00000010000000110000001300000013000000250000000900000017000000140000001200000017
00000013000000140000001200000012000000110000001500000013000000100000001600000021
00000012000000110000000900000010000000180000001000000004000000110000001100000012
00000017000000100000001300000009000000120000000900000013000000110000001300000019
00000016000000070000000700000014000000120000001400000011000000040000001900000012
00000015000000100000001200000013000000100000000800000008000000170000000600000011
00000011000000080000001100000010000000110000001500000018000000100000001600000019
00000008000000110000001700000013000000200000001200000009000000150000001800000013
00000009000000110000001600000011000000080000001600000013000000120000001100000021
00000014000000120000001800000015000000120000001400000017000000140000001500000020
00000018000000170000000900000017000000190000001400000014000000080000001900000016
00000015000000150000001800000013000000130000001400000011000000190000001400000013
00000010000000150000001500000016000000150000001500000014000000220000001300000008
00000013000000160000001500000015000000140000002000000016000000100000002400000019
00000016000000180000002000000011000000160000001700000013000000260000002500000011
00000021000000170000001100000021000000140000001700000012000000130000001800000015
00000015000000220000001700000023000000130000001300000015000000150000001900000017
00000014000000170000001700000023000000110000002000000013000000200000002600000020
00000017000000210000001200000023000000180000001800000028000000140000002200000021
00000023000000180000002200000021000000140000000900000020000000270000002500000017
00000028000000240000002200000038000000230000003500000032000000290000002800000029
00000039000000330000002100000023000000190000002600000035000000240000002200000024
00000030000000150000001600000018000000140000000800000012000000140000001100000009
00000014000000090000000800000013000000090000001000000014000000080000001000000015
00000013000000090000001300000015000000060000000600000006000000130000001100000016
00000009000000180000001000000011000000130000001600000009000000060000001200000012
00000011000000170000001500000015000000120000000700000014000000090000001000000013
00000016000000080000000900000017000000190000000800000012000000080000000600000008
00000014000000100000000900000012000000130000001300000008000000100000001000000017
00000006000000090000001400000011000000100000000800000009000000110000000900000009
00000013000000110000001300000011000000070000001300000015000000150000001300000008
00000011000000090000000600000007000000100000000900000018000000160000000800000009
00000009000000070000002000000009000000130000001100000011000000110000000800000011
00000011000000100000001200000014000000120000001100000009000000100000001200000011
00000009000000130000000600000007000000090000000400000007000000090000001200000012
00000012000000150000001900000016000000140000001000000014000000180000001200000008
00000008000000080000001000000009000000150000000700000016000000100000001900000013
00000015000000070000001500000015000000160000001500000013000000090000001500000019
00000008000000080000001700000014000000090000001300000009000000130000001000000007
00000012000000110000001400000014000000150000001100000009000000100000001700000016
00000011000000190000000900000013000000140000001700000006000000070000001800000010
00000015000000200000000800000008000000160000002400000014000000140000001300000012
00000014000000150000002000000024000000130000002800000024000000130000002400000012
00000020000000230000001300000016000000210000002800000030000000260000002200000022
00000025000000290000002000000021000000240000003300000027000000250000003000000030
00000024000000340000004000000042000000260000002700000027000000410000003700000033
00000033000000340000004100000034000000370000004400000044000000360000004200000040
00000042000000540000004300000040000000440000003700000057000000380000004000000045
00000045000000370000004900000038000000470000003900000048000000490000006200000038
00000035000000580000005500000038000000440000005200000048000000630000005900000049
00000042000000540000005500000043000000520000004500000051000000610000005900000052
00000043000000530000005200000045000000450000005000000052000000490000005800000051
00000064000000470000004900000040000000570000005000000056000000580000006600000050
00000046000000570000004900000053000000450000005600000058000000400000006000000053
00000047000000450000004800000062000000540000005900000055000000560000005100000046
00000054000000490000003900000060000000470000003400000051000000410000005600000056
00000053000000560000005300000049000000460000007100000061000000490000005800000051
00000048000000570000005000000063000000570000005300000048000000600000005000000065
00000070000000650000005000000059000000710000006100000057000000710000007300000061
00000058000000680000007400000068000000890000007100000102000001020000007800000089
00000074000000940000009300000086000000940000009300000082000000730000010800000110
00000079000001170000010900000105000001060000012500000113000001200000010500000135
00000122000001010000011700000131000001180000012500000156000001200000014100000144
00000153000001710000015900000158000001480000015600000192000001750000015500000194
00000170000001860000016900000186000002030000019500000163000001910000021700000196
00000199000002150000019800000252000002180000023100000228000002530000025400000286
00000264000002890000030600000295000003160000030000000313000003330000039600000373
00000399000004080000045100000408000004640000055600000595000006350000068000000722
00000739000008140000087100000989000010110000116300001288000013970000138700001486
00001540000016650000168500001775000017720000181700001903000018530000179000001715
00001784000017470000159300001601000014880000143600001344000012630000108300001087
00000901000008070000069800000575000005200000037600000306000002520000018000000160
00000096000000790000003800000034000000230000003100000018000000120000001500000015
00000013000000100000000700000013000000110000000900000009000000150000000900000010
00000011000000150000001700000019000000130000001300000012000000140000000800000022
00000012000000160000001300000016000000130000001700000008000000160000001100000015
00000014000000100000000600000010000000130000001000000012000000080000000800000006
00000013000000100000000700000006000000080000001100000011000000090000000600000007
00000013000000130000001200000012000000140000001100000009000000100000000400000007
00000008000000110000001100000008000000090000001000000009000000160000001000000014
00000009000000080000001000000014000000120000001200000013000000150000000900000012
00000010000000150000000800000014000000120000000900000014000000070000001500000012
00000015000000130000001200000008000000110000001000000008000000120000001600000009
00000007000000100000001500000011000000070000000900000007000000090000000800000011
00000006000000090000000900000012000000100000001600000018000000060000000700000005
00000010000000130000001100000012000000090000001200000012000000110000001000000006
00000007000000070000001300000010000000090000000700000007000000080000000400000011
00000012000000060000000400000013000000110000000800000019000000100000001300000008
00000010000000140000000600000008000000080000000800000009000000180000000800000009
00000014000000080000001700000012000000100000001000000012000000090000000600000010
00000013000000220000001400000007000000100000001500000008000000100000001000000013
00000010000000050000000600000016000000110000001100000013000000090000001000000011
00000008000000080000000600000007000000180000001100000009000000130000000900000012
00000011000000120000000700000014000000070000001300000011000000060000001100000009
00000014000000060000000600000010000000050000001100000015000000060000000700000003
00000011000000030000001400000011000000120000000500000011000000150000000700000008
00000010000000100000000700000017000000120000001200000017000000100000001000000016
00000012000000060000001700000013000000100000001000000010000000100000001100000004
00000012000000070000001100000005000000120000000800000016000000060000000800000006
00000010000000160000001200000012000000070000001000000003000000150000000800000014
00000009000000080000000500000011000000090000001400000019000000090000000900000005
00000016000000130000001700000014000000100000001800000015000000090000000800000009
00000013000000130000000800000006000000080000001200000015000000090000001100000007
00000007000000100000001100000012000000140000001300000010000000120000000800000006
00000012000000110000000800000006000000080000001000000009000000120000000900000010
00000010000000070000000800000010000000100000000900000009000000080000000900000008
00000010000000120000000800000009000000150000000600000009000000080000001100000012
00000009000000100000001100000013000000140000001600000011000000110000001100000012
00000006000000110000001700000010000000130000001700000013000000100000001000000014
00000008000000100000001000000014000000100000000400000011000000080000000800000011
00000008000000080000000300000011000000090000000700000006000000060000001200000006
00000009000000110000000400000017000000070000000700000011000000120000001000000013
00000017000000130000001300000013000000090000001200000016000000120000001500000013
00000014000000060000001100000014000000110000000800000008000000140000001400000012
00000012000000110000001200000015000000090000001100000015000000100000001100000008
00000015000000070000001100000006000000100000001700000015000000100000000800000009
00000010000000090000000900000017000000100000000900000010000000070000000900000009
00000011000000040000001000000006000000090000001000000015000000070000001300000012
00000011000000140000000400000007000000090000001200000012000000110000001300000011
00000010000000100000000800000009000000170000001000000014000000170000001300000008
00000019000000170000001400000017000000110000001400000008000000170000000900000006
00000013000000070000001000000007000000170000001100000011000000130000000700000018
00000010000000080000001500000009000000100000000900000007000000150000000900000010
00000010000000100000000500000009000000080000001100000013000000090000001000000012
00000008000000100000001300000012000000100000001000000010000000100000001100000011
00000010000000190000000800000015000000100000000800000011000000090000000800000009
00000009000000150000000700000011000000130000001400000009000000120000000800000010
00000009000000110000001500000004000000060000000800000010000000100000000900000009
00000009000000110000001400000011000000070000001000000016000000100000000500000011
00000010000000040000001500000016000000130000001500000012000000090000001500000010
00000016000000080000000600000007000000130000000900000007000000120000001100000010
00000007000000080000001000000018000000060000001200000011000000100000000900000013
00000008000000070000001000000011000000100000001400000015000000090000000600000010
00000011000000110000001300000006000000140000000900000009000000140000000900000011
00000013000000140000000600000013000000150000001200000009000000140000001700000013
00000010000000100000000900000013000000080000000700000002000000140000001200000012
00000010000000140000000700000010000000110000001100000009000000090000001000000011
00000011000000090000001600000013000000100000001000000012000000090000001400000006
00000011000000120000000700000011000000160000000900000011000000090000001500000014
00000009000000090000000700000012000000150000001000000010000000100000000600000005
00000018000000110000000900000011000000050000000500000006000000130000001500000007
00000007000000090000001200000008000000060000001000000009000000110000000800000014
00000014000000170000000600000009000000140000001100000008000000090000001200000010
00000008000000130000001400000012000000130000000600000006000000130000000800000008
00000018000000060000001500000012000000160000001300000007000000070000001000000011
00000013000000090000000800000015000000120000001200000012000000090000000900000007
00000009000000130000001200000009000000090000001200000011000000080000001200000007
00000008000000110000001400000017000000120000001300000012000000120000001500000012
00000016000000110000000700000019000000100000001100000015000000120000001800000011
00000007000000190000001100000017000000170000001700000015000000080000001600000016
00000020000000120000001300000016000000090000001300000016000000150000001600000014
00000018000000110000001300000014000000170000001400000019000000180000001600000008
00000020000000190000001700000023000000140000001600000018000000200000001600000020
00000021000000250000003700000027000000200000003900000040000000460000005000000054
00000068000000700000006400000074000000830000007300000084000000700000006700000057
00000059000000830000007000000049000000590000005100000042000000500000003400000035
00000031000000270000003000000013000000200000001500000009000000150000001600000011
00000010000000160000001000000007000000120000000900000012000000050000001000000005
00000014000000090000001300000014000000130000000600000011000000140000001400000011
00000015000000070000000600000010000000120000000800000010000000180000001800000017
00000010000000100000002000000014000000170000001400000008000000120000001000000008
00000011000000100000001300000005000000100000000900000008000000120000000900000014
00000009000000120000001300000014000000090000001400000010000000120000001100000008
00000009000000120000001300000010000000080000001100000013000000150000001600000009
00000011000000110000001500000015000000200000000500000007000000080000000300000005
00000004000000140000000900000010000000130000000500000014000000150000000600000010
00000009000000140000001300000010000000100000001000000012000000170000000900000006
00000015000000110000000900000008000000060000000400000007000000060000001200000009
00000004000000070000001000000011000000060000001400000017000000190000000700000008
00000013000000100000001400000010000000120000000400000010000000070000001100000012
00000016000000110000001000000011000000130000001100000015000000110000001400000013
00000006000000050000000700000005000000090000001200000008000000080000001300000008
00000005000000130000000500000014000000090000001000000008000000120000001100000012
00000011000000110000000500000011000000080000001500000007000000070000001400000009
00000009000000120000001300000009000000160000001100000004000000120000000600000008
00000006000000110000000700000013000000090000000900000011000000090000001000000012
00000005000000110000000900000012000000070000001400000006000000090000001100000015
00000007000000110000000900000016000000140000001400000013000000060000001400000014
00000013000000130000000800000013000000150000001000000005000000100000001000000012
00000008000000140000000800000013000000130000001400000010000000060000001100000008
00000009000000140000001400000011000000140000000700000011000000110000000700000010
00000009000000160000001200000012000000090000000600000010000000080000000600000004
00000013000000160000001800000008000000110000001300000016000000090000001000000008
00000017000000100000000700000010000000120000001300000008000000130000001100000012
00000008000000030000000600000006000000220000000800000010000000120000001100000018
00000008000000070000001400000009000000090000001000000011000000080000000800000012
00000010000000120000001300000013000000130000000800000007000000120000001300000008
00000010000000120000000800000014000000100000000500000010000000080000000900000010
00000012000000070000001100000010000000090000001700000015000000140000001200000009
00000009000000150000001000000009000000120000001700000013000000120000000900000006
00000011000000110000001300000006000000090000001600000013000000110000000500000006
00000011000000120000001000000013000000140000001000000010000000110000001100000008
00000005000000130000000800000004000000150000000900000009000000070000000800000017
00000010000000140000001700000006000000120000001400000012000000060000000900000011
00000007000000060000001500000005000000080000001000000008000000110000000700000009
00000010000000110000000900000010000000070000001400000009000000110000001200000014
00000010000000060000001100000014000000100000001400000014000000090000000900000015
00000010000000140000000800000007000000130000001400000010000000080000001100000015
00000011000000070000000900000003000000100000001200000007000000120000000700000006
00000006000000070000000700000011000000120000001000000008000000070000001700000011
00000009000000110000001200000008000000130000000900000016000000040000000800000010
00000012000000130000001200000009000000120000000800000017000000210000000500000009
00000011000000110000001300000012000000100000001100000007000000090000000700000011
00000010000000070000001200000005000000090000000900000012000000100000001100000008
00000009000000100000000500000010000000090000000800000006000000060000001000000015
00000010000000040000001200000013000000140000001400000011000000090000001100000010
00000016000000060000001200000009000000080000000900000010000000080000001200000011
00000005000000120000000800000016000000100000001300000019000000050000001000000015
00000006000000090000000900000015000000110000000300000007000000080000000900000007
00000015000000130000001000000013000000070000000900000019000000110000001000000013
00000013000000100000001100000006000000120000001200000008000000100000001100000010
00000005000000130000000900000010000000080000000600000007000000010000000400000004
00000006000000030000000600000005000000020000000000000001000000020000000000000000
00000000000000000000000000000000000000000000000000000000000000000000000000000000
00000000000000000000000000000000000000000000000000000000000000000000000000000000
00000000000000000000000000000000000000000000000000000000000000000000000000000000
00000000000000000000000000000000000000000000000000000000000000000000000000000000
00000000000000000000000000000000000000000000000000000000000000000000000000000000
00000000000000000000000000000000000000000000000000000000000000000000000000000000
00000000000000000000000000000000000000000000000000000000000000000000000000000000
00000000000000000000000000000000000000000000000000000000000000000000000000000000
00000000000000000000000000000000000000000000000000000000000000000000000000000000
00000000000000000000000000000000000000000000000000000000000000000000000000000000
00000000000000000000000000000000000000000000000000000000000000000000000000000000
00000000000000000000000000000000000000000000000000000000000000000000000000000000
00000000000000000000000000000000000000000000000000000000000000000000000000000000
00000000000000000000000000000000000000000000000000000000000000000000000000000000
00000000000000000000000000000000000000000000000000000000000000000000000000000000
00000000000000000000000000000000000000000000000000000000000000000000000000000000
00000000000000000000000000000000000000000000000000000000000000000000000000000000
00000000000000000000000000000000000000000000000000000000000000000000000000000000
00000000000000000000000000000000000000000000000000000000000000000000000000000000
00000000000000000000000000000000000000000000000000000000000000000000000000000000
00000000000000000000000000000000000000000000000000000000000000000000000000000000
00000000000000000000000000000000000000000000000000000000000000000000000000000000
00000000000000000000000000000000000000000000000000000000000000000000000000000000
00000000000000000000000000000000000000000000000000000000000000000000000000000000
00000000000000000000000000000000000000000000000000000000000000000000000000000000
00000000000000000000000000000000000000000000000000000000000000000000000000000000
00000000000000000000000000000000000000000000000000000000000000000000000000000000
00000000000000000000000000000000000000000000000000000000000000000000000000000000
00000000000000000000000000000000000000000000000000000000000000000000000000000000
00000000000000000000000000000000000000000000000000000000000000000000000000000000
00000000000000000000000000000000000000000000000000000000000000000000000000000000
00000000000000000000000000000000000000000000000000000000000000000000000000000000
00000000000000000000000000000000000000000000000000000000000000000000000000000000
00000000000000000000000000000000000000000000000000000000000000000000000000000000
00000000000000000000000000000000000000000000000000000000000000000000000000000000
00000000000000000000000000000000000000000000000000000000000000000000000000000000
00000000000000000000000000000000000000000000000000000000000000000000000000000000
00000000000000000000000000000000000000000000000000000000000000000000000000000000
00000000000000000000000000000000000000000000000000000000000000000000000000000000
00000000000000000000000000000000000000000000000000000000000000000000000000000000
00000000000000000000000000000000000000000000000000000000000000000000000000000000
00000000000000000000000000000000000000000000000000000000000000000000000000000000
00000000000000000000000000000000000000000000000000000000000000000000000000000000
00000000000000000000000000000000000000000000000000000000000000000000000000000000
00000000000000000000000000000000000000000000000000000000000000000000000000000000
00000000000000000000000000000000000000000000000000000000000000000000000000000000
00000000000000000000000000000000000000000000000000000000000000000000000000000000
00000000000000000000000000000000000000000000000000000000000000000000000000000000
00000000000000000000000000000000000000000000000000000000000000000000000000000000
00000000000000000000000000000000000000000000000000000000000000000000000000000000
00000000000000000000000000000000000000000000000000000000000000000000000000000000
00000000000000000000000000000000000000000000000000000000000000000000000000000000
00000000000000000000000000000000000000000000000000000000000000000000000000000000
00000000000000000000000000000000000000000000000000000000000000000000000000000000
00000000000000000000000000000000000000000000000000000000000000000000000000000000
00000000000000000000000000000000000000000000000000000000000000000000000000000000
00000000000000000000000000000000000000000000000000000000000000000000000000000000
00000000000000000000000000000000000000000000000000000000000000000000000000000000
00000000000000000000000000000000000000000000000000000000000000000000000000000000
00000000000000000000000000000000000000000000000000000000000000000000000000000000
00000000000000000000000000000000000000000000000000000000000000000000000000000000
00000000000000000000000000000000000000000000000000000000000000000000000000000000
00000000000000000000000000000000000000000000000000000000000000000000000000000000
00000000000000000000000000000000000000000000000000000000000000000000000000000000
00000000000000000000000000000000000000000000000000000000000000000000000000000000
00000000000000000000000000000000000000000000000000000000000000000000000000000000
000000000000000000000000000000000000000000000000