 0000105 0000032 0000000 0004095 1040720 0182347
00000000000000000000000000000000000000000000000000000000000000000000000000000000
00000000000000000000000000000000000000020000005000000201000001850000007200000015
00000007000000050000000100000001000000000000000000000000000000000000000100000001
00000002000000000000000100000002000000020000000000000002000000000000000200000002
00000000000000010000000000000001000000000000000000000001000000000000000000000000
00000000000000000000000000000000000000000000000000000000000000000000000000000000
00000000000000000000000000000000000000000000000000000000000000000000000000000000
00000000000000000000000000000000000000000000000000000000000000000000000000000000
00000000000000000000000000000000000000000000000000000000000000000000000000000000
00000000000000000000000000000000000000000000000000000000000000000000000000000000
00000000000000000000000000000000000000000000000000000000000000000000000000000000
00000000000000000000000000000000000000000000000000000000000000000000000000000000
00000000000000000000000000000000000000000000000000000000000000000000000000000000
00000000000000000000000000000000000000000000000000000000000000000000000000000000
00000000000000000000000000000000000000000000000000000000000000000000000000000000
00000000000000000000000000000000000000000000000000000000000000000000000000000000
00000000000000000000000000000000000000000000000000000000000000000000000000000000
00000000000000000000000000000000000000000000000000000000000000000000000000000000
00000000000000050000003400000090000001810000019700000219000001500000008200000052
00000027000000210000001300000018000000200000000600000008000000100000001100000011
00000013000000100000001100000010000000110000000900000009000000110000000900000007
00000015000000060000001400000008000000080000000600000008000000150000000600000012
00000010000000200000000800000012000000080000000500000009000000120000000700000011
00000009000000090000000800000005000000090000001000000007000000080000000900000010
00000014000000110000001100000010000000090000000900000006000000030000001100000011
00000008000000130000000400000009000000070000001000000016000000070000001100000012
00000012000000060000001000000006000000080000000700000015000000060000000800000004
00000013000000120000000600000004000000090000001600000009000000090000001100000009
00000012000000060000001000000009000000090000000700000014000000080000001000000009
00000014000000080000000400000010000000130000000700000006000000100000001400000008
00000010000000070000001000000007000000080000000800000010000000070000000900000012
00000016000000110000001300000009000000110000000700000012000000120000000900000010
00000005000000050000001100000009000000140000000700000010000000080000001300000013
00000010000000100000000800000010000000110000001000000006000000100000001200000009
00000014000000070000000800000007000000120000000900000005000000090000000400000012
00000007000000100000001000000003000000070000000700000011000000100000000500000012
00000008000000080000000500000010000000090000000700000008000000060000000700000007
00000009000000080000000800000009000000060000000800000006000000060000000600000006
00000010000000100000000800000007000000110000001400000007000000120000000800000008
00000007000000130000000900000012000000090000000900000005000000120000000900000008
00000010000000080000001000000006000000080000000800000008000000100000000900000009
00000005000000140000000600000012000000070000002200000009000000080000001200000006
00000008000000070000000600000008000000130000000600000008000000130000000800000008
00000013000000090000000500000007000000020000001200000011000000130000001000000011
00000013000000090000000200000017000000090000000700000010000000100000001100000012
00000015000000110000000900000012000000110000001300000012000000140000000700000004
00000009000000040000000700000007000000100000000900000004000000100000000900000013
00000011000000090000001000000012000000100000000400000013000000070000001000000013
00000009000000100000000800000010000000070000001000000009000000140000001700000009
00000011000000150000000800000010000000110000001000000012000000060000001100000008
00000007000000130000001300000007000000120000000900000008000000090000000400000006
00000007000000150000000600000009000000110000001700000011000000090000001000000010
00000009000000100000000700000007000000130000000600000014000000110000000600000010
00000009000000050000000700000009000000060000001200000012000000140000001300000012
00000006000000090000000700000014000000090000000800000007000000150000001400000008
00000008000000090000001700000010000000040000000600000007000000070000000400000008
00000006000000140000001200000011000000110000000800000009000000050000001300000014
00000011000000030000000500000007000000090000000800000011000000140000001000000002
00000007000000120000000500000011000000100000001000000007000000100000000700000009
00000008000000080000000700000006000000080000000800000007000000130000000400000011
00000009000000060000000700000009000000080000000900000010000000100000001000000005
00000007000000130000001200000006000000050000000600000014000000100000001000000014
00000008000000070000001200000007000000100000000500000009000000110000000800000008
00000011000000160000001000000007000000090000001000000009000000110000000700000016
00000007000000060000000700000013000000100000000800000008000000070000001300000012
00000014000000170000001100000009000000100000000800000007000000090000001000000012
00000006000000090000001400000010000000100000001000000004000000080000000800000010
00000008000000120000000900000004000000080000001700000012000000090000000700000009
00000013000000140000000900000008000000060000000800000008000000110000001200000009
00000006000000090000001200000015000000070000000800000006000000090000001100000008
00000009000000100000000700000010000000070000000600000010000000120000000400000005
00000009000000110000001300000012000000080000001000000011000000070000000600000006
00000012000000110000000800000003000000060000001200000011000000070000000800000008
00000007000000070000001000000004000000040000000800000007000000060000000600000009
00000005000000060000000700000010000000110000000800000012000000080000000900000012
00000015000000110000000800000013000000050000000400000013000000070000001000000009
00000009000000070000001000000010000000040000001300000004000000090000000500000008
00000009000000120000000900000009000000110000001000000010000000030000001200000009
00000010000000070000000900000010000000080000001400000009000000080000000400000008
00000009000000050000001400000007000000120000000700000010000000060000001000000007
00000012000000110000000900000016000000100000000700000012000000050000000900000004
00000012000000080000000500000007000000100000001200000008000000060000001200000016
00000007000000130000000600000008000000100000000900000006000000120000000900000005
00000007000000110000000500000012000000080000001200000006000000010000001000000008
00000007000000100000000600000011000000070000001000000007000000110000001200000012
00000009000000110000000700000011000000050000000400000012000000040000000700000009
00000013000000090000001200000007000000060000001000000011000000110000000900000009
00000009000000040000001000000008000000090000000900000008000000060000000800000011
00000007000000110000001300000009000000080000000900000007000000080000001200000006
00000007000000140000001600000011000000080000000800000005000000060000000800000007
00000017000000080000000800000012000000140000001100000007000000110000000800000013
00000009000000150000001100000015000000090000000500000010000000050000000900000008
00000008000000110000001200000007000000070000001400000007000000070000000900000005
00000004000000050000000800000009000000100000000800000009000000050000000900000012
00000010000000080000000900000005000000090000000900000008000000110000001200000008
00000008000000100000001000000006000000120000001200000011000000080000000700000009
00000013000000080000001100000008000000100000001100000008000000090000001400000008
00000008000000070000001100000009000000130000001200000010000000140000001500000011
00000009000000090000000500000011000000070000000600000010000000070000001000000008
00000007000000040000001000000012000000090000000800000010000000090000000900000013
00000007000000090000000800000008000000090000001200000008000000110000001000000007
00000011000000090000001400000011000000130000001000000011000000090000000700000008
00000005000000120000000600000009000000100000000600000005000000130000000500000006
00000006000000070000001100000007000000080000000700000001000000090000001100000009
00000010000000100000001000000008000000060000000700000013000000080000000600000008
00000010000000070000001000000013000000080000001000000009000000070000001500000010
00000010000000080000000400000015000000080000001000000016000000150000001100000018
00000006000000070000000800000010000000100000000900000008000000120000000800000009
00000011000000090000000800000012000000060000000800000008000000170000000800000008
00000007000000100000001100000012000000120000001500000006000000100000000500000007
00000006000000100000000400000011000000110000000800000004000000040000000900000004
00000008000000090000000600000011000000090000000300000009000000080000001200000007
00000012000000100000000500000013000000130000000800000010000000070000000900000010
00000007000000080000000500000009000000070000001500000014000000090000000500000021
00000004000000120000001000000009000000060000000500000011000000160000001300000011
00000012000000070000000900000011000000050000000900000009000000090000001000000005
00000012000000130000000900000012000000020000001800000013000000040000001500000010
00000010000000040000001200000011000000080000001200000017000000150000001500000006
00000008000000080000001300000007000000080000001400000006000000190000001100000010
00000006000000150000000900000012000000100000001100000007000000080000001100000007
00000010000000070000000600000007000000100000001000000011000000090000001100000011
00000009000000070000000800000008000000050000001700000011000000070000000300000006
00000014000000040000001400000012000000090000001100000010000000150000001200000011
00000010000000090000000800000012000000080000000600000007000000150000001100000006
00000008000000100000000600000008000000110000000800000012000000110000000700000012
00000003000000150000001300000009000000080000000500000009000000080000000700000007
00000005000000070000000900000004000000110000000900000012000000030000000800000010
00000012000000080000000800000008000000130000000800000007000000070000001400000012
00000013000000040000000900000013000000090000001200000005000000080000001000000010
00000008000000100000000900000003000000130000001400000014000000050000001200000013
00000004000000080000001300000009000000080000001100000012000000120000000800000008
00000007000000080000001300000010000000090000000900000010000000040000001200000008
00000010000000100000001100000015000000100000001200000008000000110000000600000009
00000011000000080000000600000004000000170000001400000011000000050000000900000007
00000010000000130000001000000005000000110000000300000006000000120000001100000012
00000011000000090000000500000010000000140000000800000007000000130000000800000006
00000007000000090000001200000004000000100000001200000009000000120000000800000006
00000008000000100000000700000011000000090000000800000008000000070000000600000006
00000012000000130000001300000010000000070000001000000009000000170000000900000012
00000013000000130000001300000015000000070000001400000008000000110000001100000012
00000011000000020000001300000011000000060000000700000008000000050000000800000012
00000012000000050000001200000019000000100000001300000009000000070000001300000005
00000010000000080000000600000002000000100000000600000014000000100000000800000010
00000011000000080000000500000007000000110000001000000012000000130000001000000014
00000006000000120000001700000006000000140000000800000007000000070000001200000008
00000008000000080000001100000009000000150000000600000004000000070000001100000009
00000006000000090000000600000006000000120000000600000002000000090000000900000002
00000004000000080000000800000012000000090000001600000005000000160000000700000009
00000010000000070000001400000011000000130000001000000016000000100000000600000006
00000012000000050000000700000007000000140000000900000008000000130000001200000012
00000007000000100000001000000012000000140000001300000009000000130000001400000011
00000011000000070000001200000012000000150000001100000008000000090000001000000013
00000006000000070000000700000011000000090000001000000013000000160000000900000010
00000007000000110000001100000011000000140000000800000011000000080000001000000008
00000013000000110000001200000010000000030000001000000010000000100000001000000005
00000011000000130000001100000004000000080000001300000008000000160000001000000010
00000007000000170000001300000008000000140000000800000011000000040000001100000008
00000010000000170000001100000005000000100000001800000010000000110000001300000009
00000007000000080000001000000011000000120000001500000012000000120000000800000015
00000015000000170000001700000008000000160000001200000009000000100000000800000013
00000015000000130000000900000008000000140000001200000009000000110000000900000008
00000014000000090000001300000008000000100000001600000010000000080000000900000011
00000014000000070000001300000009000000070000001000000007000000090000000900000011
00000004000000120000000200000011000000080000001300000007000000090000001500000018
00000014000000070000001000000008000000110000000800000010000000120000000900000014
00000010000000080000001300000008000000140000001200000016000000090000000400000009
00000006000000080000001700000011000000080000001600000007000000140000000500000007
00000009000000050000001000000014000000100000000800000007000000040000001000000007
00000008000000070000000600000008000000190000001300000007000000080000001000000010
00000008000000150000000900000005000000100000000900000012000000110000000900000010
00000011000000110000001100000011000000070000000500000012000000040000000700000010
00000010000000100000000600000009000000070000001000000010000000100000000600000013
00000009000000060000001300000016000000090000000900000013000000110000001100000007
00000009000000150000001000000011000000040000001100000004000000060000000400000015
00000010000000110000000700000015000000070000000700000013000000050000001100000011
00000006000000100000001300000018000000100000001100000012000000060000000900000011
00000011000000090000001000000008000000120000000700000011000000140000001500000010
00000010000000130000001200000012000000150000000400000015000000090000001100000014
00000007000000100000001400000011000000100000000800000010000000120000000700000004
00000007000000070000000700000011000000110000001700000015000000090000000600000010
00000022000000110000001900000015000000060000000500000013000000140000000900000013
00000007000000130000001000000021000000070000001200000013000000110000001300000011
00000010000000090000001500000015000000080000001900000017000000090000001700000007
00000011000000110000001500000014000000230000001000000007000000150000000900000021
00000009000000190000001900000019000000130000000700000015000000180000001300000016
00000015000000090000001300000015000000220000001500000011000000170000001600000014
00000009000000200000001800000022000000110000001200000015000000150000001400000021
00000013000000220000001400000024000000250000001300000020000000140000001700000016
00000015000000190000001300000018000000220000001200000011000000150000002000000024
00000016000000180000002400000017000000160000001500000012000000210000001700000017
00000016000000190000001700000022000000210000002100000015000000190000002500000020
00000020000000170000002400000014000000310000001300000020000000150000002000000013
00000023000000130000002100000018000000190000001800000012000000230000001300000021
00000013000000230000001800000022000000220000003100000012000000160000001300000008
00000022000000160000001600000019000000180000001800000022000000210000002100000023
00000018000000330000001700000025000000200000002600000016000000230000003300000025
00000030000000220000002600000030000000200000001800000018000000260000002200000028
00000016000000200000002600000021000000220000003600000027000000320000003100000033
00000032000000220000002400000029000000330000003500000032000000290000002700000049
00000032000000290000003000000039000000280000002100000037000000270000003200000025
00000035000000330000003300000037000000270000003900000041000000460000004100000041
00000037000000360000004000000049000000380000004000000048000000440000004200000059
00000054000000490000004400000056000000430000005200000054000000560000005700000064
00000052000000540000006400000073000000640000007700000070000000660000007400000066
00000085000000780000009500000084000000740000008300000070000000950000007600000096
00000103000001180000009700000119000001060000010100000106000001000000012200000138
00000142000001510000013800000151000001880000013600000188000002050000017200000249
00000252000002210000024900000312000003290000031700000335000003580000037700000399
00000382000004080000039000000384000004210000042200000404000003630000036100000343
00000363000003320000029800000282000002780000026500000201000002090000016700000160
00000118000001110000008700000055000000530000003900000027000000240000002100000016
00000013000000060000001400000012000000060000000800000010000000170000001200000008
00000011000000070000001000000007000000070000001400000009000000140000000900000012
00000006000000120000000400000009000000110000000700000007000000060000000800000007
00000004000000040000000500000012000000130000000900000008000000090000000600000012
00000008000000120000000800000005000000110000001200000007000000090000000800000005
00000008000000070000000500000013000000110000001600000008000000130000000800000009
00000007000000080000000900000008000000090000000700000005000000100000001600000003
00000005000000090000001000000010000000120000000400000012000000100000000800000008
00000009000000110000001700000007000000090000000900000009000000130000001100000008
00000004000000060000000900000010000000130000000800000009000000060000000400000009
00000009000000100000000600000011000000100000001600000011000000090000000900000008
00000010000000070000001100000006000000120000000800000006000000130000001500000009
00000014000000080000000900000007000000150000000400000009000000090000000900000006
00000009000000090000000900000008000000100000001000000003000000120000000700000007
00000007000000080000000600000015000000060000001400000011000000060000000900000013
00000006000000080000001100000017000000090000001100000008000000130000001000000005
00000016000000120000001700000009000000110000000700000010000000060000000500000006
00000010000000120000000900000009000000070000001100000011000000110000001600000003
00000008000000130000001100000010000000070000000700000012000000160000000500000006
00000013000000040000000900000003000000120000000600000007000000050000000700000007
00000009000000050000001300000007000000050000000900000005000000080000001200000011
00000010000000050000001400000006000000140000000800000004000000090000000900000011
00000008000000040000000800000009000000050000000800000006000000080000000600000008
00000010000000080000001000000008000000070000001000000010000000110000000800000010
00000007000000120000000900000011000000040000001300000011000000120000000900000010
00000013000000110000001100000007000000140000000400000012000000090000001100000007
00000008000000110000001200000008000000060000000600000017000000090000000400000009
00000010000000120000000600000006000000110000000600000014000000070000001100000004
00000006000000080000001000000012000000080000000800000007000000140000000900000009
00000008000000090000000700000009000000130000000700000010000000110000001400000014
00000010000000090000001000000015000000070000001200000007000000070000000900000010
00000009000000090000000700000005000000130000000700000003000000140000000900000009
00000008000000110000000500000008000000100000001200000010000000060000000700000008
00000006000000050000001000000010000000140000000600000010000000130000000800000009
00000007000000100000001000000011000000100000000600000009000000150000001200000009
00000008000000080000000600000009000000100000000600000010000000180000000700000010
00000012000000120000000600000009000000090000000600000008000000080000001400000007
00000004000000100000000600000018000000090000001000000006000000070000001200000010
00000009000000120000000900000017000000080000001100000011000000110000001200000006
00000004000000050000001200000012000000040000000700000007000000090000000500000009
00000011000000090000000900000012000000080000000600000009000000080000000300000008
00000009000000050000000900000015000000100000000500000004000000140000001300000005
00000012000000120000000200000010000000080000000900000010000000100000000600000009
00000012000000090000000700000011000000020000001200000010000000030000001400000012
00000011000000100000000700000008000000070000001100000006000000080000001100000005
00000007000000100000001000000013000000090000000900000004000000140000000200000007
00000010000000060000001300000013000000070000001600000012000000090000000600000009
00000003000000100000001000000010000000060000000600000007000000140000000700000014
00000007000000110000000600000005000000110000001000000011000000070000001100000006
00000009000000080000000900000014000000090000000800000006000000120000000500000007
00000007000000140000000600000010000000100000000800000010000000080000000900000009
00000006000000070000000600000013000000070000001700000014000000040000001100000006
00000009000000050000001300000010000000070000000700000007000000120000000400000013
00000007000000160000001100000003000000100000001200000009000000120000000800000008
00000013000000130000000800000011000000100000001100000008000000100000001300000009
00000010000000070000001000000011000000080000000700000007000000100000000500000008
00000009000000110000000800000011000000090000001100000015000000160000000600000014
00000008000000110000000500000005000000070000000800000009000000070000000600000010
00000010000000100000000900000013000000100000000500000012000000130000001200000012
00000011000000100000001100000010000000020000000400000007000000100000001400000012
00000008000000130000000700000007000000090000000800000012000000120000000700000011
00000011000000090000001300000008000000120000001000000010000000140000001000000009
00000010000000100000001000000006000000140000000700000010000000130000001400000011
00000008000000090000000600000014000000070000001500000012000000060000001000000010
00000006000000100000000900000009000000050000001000000008000000180000000600000008
00000012000000100000000800000012000000080000000700000008000000100000000600000010
00000010000000100000001000000006000000100000001200000010000000080000000800000014
00000007000000120000000900000006000000070000001100000011000000090000000400000009
00000015000000050000000400000005000000100000001100000012000000090000001300000008
00000010000000160000001300000008000000080000001300000007000000110000001000000005
00000007000000050000000800000010000000110000000600000007000000140000000400000013
00000010000000130000000900000005000000070000000500000007000000090000001200000011
00000012000000080000000700000011000000080000000700000010000000050000001100000006
00000008000000080000001400000011000000110000001100000007000000090000001000000008
00000011000000070000000700000009000000110000000800000009000000110000001700000008
00000005000000100000001300000016000000070000000700000013000000160000000900000009
00000011000000100000001000000013000000090000001100000007000000110000001700000005
00000014000000060000001500000013000000100000001000000012000000080000001200000011
00000006000000120000000500000010000000130000001600000006000000110000000700000014
00000014000000100000000800000008000000160000000800000005000000150000000700000013
00000011000000080000001400000009000000100000001300000012000000170000001200000012
00000012000000120000001400000015000000220000001500000024000000230000002700000037
00000028000000340000003100000035000000340000003500000033000000370000003400000027
00000038000000320000002800000030000000270000002200000019000000220000001400000016
00000016000000170000001000000020000000080000001400000007000000110000000700000010
00000011000000120000001400000006000000090000000900000013000000090000001200000007
00000011000000050000000800000005000000050000000800000017000000120000001200000010
00000012000000120000000800000009000000060000001100000010000000030000000900000006
00000012000000080000001200000008000000110000001400000014000000090000000400000011
00000006000000070000001300000012000000120000001700000017000000190000001200000007
00000015000000050000001000000008000000130000000700000009000000060000000400000016
00000011000000070000001400000011000000080000000600000011000000130000000900000007
00000016000000100000000800000009000000100000000700000012000000110000001500000006
00000014000000100000001300000010000000110000000900000004000000070000002200000007
00000009000000060000000700000011000000050000000800000014000000080000000400000010
00000007000000050000001500000007000000080000000900000008000000090000000700000011
00000014000000110000001200000012000000150000000800000004000000040000001000000010
00000006000000090000001400000011000000070000000800000009000000060000000600000016
00000005000000110000000700000010000000090000000600000005000000120000000700000012
00000010000000110000000900000008000000020000001200000013000000100000001000000011
00000009000000100000001000000011000000090000001700000005000000060000000800000006
00000011000000110000001100000009000000050000000700000003000000100000000800000017
00000007000000070000001000000007000000080000000800000011000000110000000700000006
00000011000000090000000900000010000000090000000700000007000000090000000800000009
00000011000000100000000600000014000000080000000600000006000000050000000600000008
00000006000000070000000900000014000000140000000500000008000000130000001000000015
00000010000000060000001200000008000000110000000500000008000000110000000900000008
00000006000000090000001200000011000000080000000800000011000000070000000900000011
00000007000000080000000700000009000000080000000800000007000000050000001600000014
00000012000000080000001100000003000000130000000500000007000000130000001200000008
00000016000000100000001400000007000000050000000600000008000000090000001400000010
00000013000000080000001400000007000000110000001000000012000000070000001000000007
00000006000000080000001200000016000000040000001500000006000000100000001200000007
00000011000000070000001000000009000000170000000600000008000000060000001000000015
00000011000000100000000700000011000000100000000900000008000000080000000900000009
00000010000000090000000800000007000000070000000700000009000000110000001200000011
00000006000000080000000500000010000000050000001000000011000000060000000600000005
00000011000000070000001000000008000000030000000700000007000000080000000700000006
00000012000000040000000700000009000000080000001000000009000000110000001100000011
00000007000000080000001100000013000000080000001300000008000000030000000800000009
00000007000000070000001400000007000000110000001100000012000000080000000600000001
00000017000000070000000700000015000000080000000400000012000000150000000700000006
00000009000000070000001000000009000000060000000800000006000000080000000900000006
00000018000000070000000700000014000000080000000400000010000000120000001200000005
00000009000000150000000900000012000000070000000400000010000000150000001100000011
00000008000000080000000400000014000000060000001000000008000000080000000800000014
00000006000000130000001200000013000000070000001000000012000000110000000800000008
00000009000000060000001500000013000000130000000700000010000000110000000500000009
00000007000000080000001000000006000000050000000400000007000000130000000800000010
00000005000000190000001000000011000000100000001000000010000000100000001300000007
00000005000000080000000700000008000000100000000600000012000000060000000600000005
00000006000000020000000200000001000000010000000200000003000000010000000000000000
00000000000000000000000000000000000000000000000000000000000000000000000000000000
00000000000000000000000000000000000000000000000000000000000000000000000000000000
00000000000000000000000000000000000000000000000000000000000000000000000000000000
00000000000000000000000000000000000000000000000000000000000000000000000000000000
00000000000000000000000000000000000000000000000000000000000000000000000000000000
00000000000000000000000000000000000000000000000000000000000000000000000000000000
00000000000000000000000000000000000000000000000000000000000000000000000000000000
00000000000000000000000000000000000000000000000000000000000000000000000000000000
00000000000000000000000000000000000000000000000000000000000000000000000000000000
00000000000000000000000000000000000000000000000000000000000000000000000000000000
00000000000000000000000000000000000000000000000000000000000000000000000000000000
00000000000000000000000000000000000000000000000000000000000000000000000000000000
00000000000000000000000000000000000000000000000000000000000000000000000000000000
00000000000000000000000000000000000000000000000000000000000000000000000000000000
00000000000000000000000000000000000000000000000000000000000000000000000000000000
00000000000000000000000000000000000000000000000000000000000000000000000000000000
00000000000000000000000000000000000000000000000000000000000000000000000000000000
00000000000000000000000000000000000000000000000000000000000000000000000000000000
00000000000000000000000000000000000000000000000000000000000000000000000000000000
00000000000000000000000000000000000000000000000000000000000000000000000000000000
00000000000000000000000000000000000000000000000000000000000000000000000000000000
00000000000000000000000000000000000000000000000000000000000000000000000000000000
00000000000000000000000000000000000000000000000000000000000000000000000000000000
00000000000000000000000000000000000000000000000000000000000000000000000000000000
00000000000000010000000000000000000000000000000000000000000000000000000000000000
00000000000000000000000000000000000000000000000000000000000000000000000000000000
00000000000000000000000000000000000000000000000000000000000000000000000000000000
00000000000000000000000000000000000000000000000000000000000000000000000000000000
00000000000000000000000000000000000000000000000000000000000000000000000000000000
00000000000000000000000000000000000000000000000000000000000000000000000000000000
00000000000000000000000000000000000000000000000000000000000000000000000000000000
00000000000000000000000000000000000000000000000000000000000000000000000000000000
00000000000000000000000000000000000000000000000000000000000000000000000000000000
00000000000000000000000000000000000000000000000000000000000000000000000000000000
00000000000000000000000000000000000000000000000000000000000000000000000000000000
00000000000000000000000000000000000000000000000000000000000000000000000000000000
00000000000000000000000000000000000000000000000000000000000000000000000000000000
00000000000000000000000000000000000000000000000000000000000000000000000000000000
00000000000000000000000000000000000000000000000000000000000000000000000000000000
00000000000000000000000000000000000000000000000000000000000000000000000000000000
00000000000000000000000000000000000000000000000000000000000000000000000000000000
00000000000000000000000000000000000000000000000000000000000000000000000000000000
00000000000000000000000000000000000000000000000000000000000000000000000000000000
00000000000000000000000000000000000000000000000000000000000000000000000000000000
00000000000000000000000000000000000000000000000000000000000000000000000000000000
00000000000000000000000000000000000000000000000000000000000000000000000000000000
00000000000000000000000000000000000000000000000000000000000000000000000000000000
00000000000000000000000000000000000000000000000000000000000000000000000000000000
00000000000000000000000000000000000000000000000000000000000000000000000000000000
00000000000000000000000000000000000000000000000000000000000000000000000000000000
00000000000000000000000000000000000000000000000000000000000000000000000000000000
00000000000000000000000000000000000000000000000000000000000000000000000000000000
00000000000000000000000000000000000000000000000000000000000000000000000000000000
00000000000000000000000000000000000000000000000000000000000000000000000000000000
00000000000000000000000000000000000000000000000000000000000000000000000000000000
00000000000000000000000000000000000000000000000000000000000000000000000000000000
00000000000000000000000000000000000000000000000000000000000000000000000000000000
00000000000000000000000000000000000000000000000000000000000000000000000000000000
00000000000000000000000000000000000000000000000000000000000000000000000000000000
00000000000000000000000000000000000000000000000000000000000000000000000000000000
00000000000000000000000000000000000000000000000000000000000000000000000000000000
00000000000000000000000000000000000000000000000000000000000000000000000000000000
00000000000000000000000000000000000000000000000000000000000000000000000000000000
00000000000000000000000000000000000000000000000000000000000000000000000000000000
00000000000000000000000000000000000000000000000000000000000000000000000000000000
00000000000000000000000000000000000000000000000000000000000000000000000000000000
000000000000000000000000000000000000000000000000