 0000105 0000054 0000000 0004095 1040720 0182347
00000000000000000000000000000000000000000000000000000000000000000000000000000000
00000000000000000000000000000000000000000000000000000000000000000000000000000000
00000000000000000000000000000000000000000000000000000000000000000000000000000000
00000000000000000000000000000000000000000000000000000000000000000000000000000000
00000000000000000000000000000000000000000000000000000000000000000000000000000000
00000000000000000000000000000000000000000000000000000000000000000000000000000000
00000000000000000000000000000000000000000000000000000000000000000000000000000000
00000000000000000000000000000000000000000000000000000000000000000000000000000000
00000000000000000000000000000000000000000000000000000000000000000000000000000000
00000000000000000000000000000000000000000000000000000000000000000000000000000000
00000000000000000000000000000000000000000000000000000000000000000000000000000000
00000000000000000000000000000000000000000000000000000000000000000000000000000000
00000000000000000000000000000000000000000000000000000000000000000000000000000000
00000000000000000000000000000000000000000000000000000000000000000000000000000000
00000000000000000000000000000000000000000000000000000000000000000000000000000000
00000000000000000000000000000000000000000000000000000000000000000000000000000000
00000000000000000000000000000000000000000000000000000000000000000000000000000000
00000000000000000000000000000000000000000000000000000000000000000000000000000000
00000000000000000000000000000000000000000000000000000000000000000000000000000000
00000000000000000000000000000000000000000000000000000000000000000000000000000000
00000000000000000000000000000000000000000000000000000000000000000000000000000000
00000000000000000000000000000000000000000000000000000000000000000000000000000000
00000000000000000000000000000000000000000000000000000000000000000000000000000000
00000000000000000000000000000000000000000000000000000000000000000000000000000000
00000000000000000000000000000000000000000000000000000000000000000000000000000000
00000000000000000000000000000000000000000000000000000000000000000000000000000000
00000000000000000000000000000000000000000000000000000000000000000000000000000000
00000000000000000000000000000000000000000000000000000000000000000000000000000000
00000000000000000000000000000000000000000000000000000000000000000000000000000000
00000000000000000000000000000000000000000000000000000000000000000000000000000000
00000000000000000000000000000000000000000000000000000000000000000000000000000000
00000000000000000000000000000000000000000000000000000000000000000000000000000000
00000000000000000000000000000000000000000000000000000000000000000000000000000000
00000000000000000000000000000000000000000000000000000000000000000000000000000000
00000000000000000000000000000000000000000000000000000000000000000000000000000000
00000000000000000000000000000000000000000000000000000000000000000000000000000000
00000000000000000000000000000000000000000000000000000000000000000000000000000000
00000000000000000000000000000000000000000000000000000000000000000000000000000000
00000000000000000000000000000000000000000000000000000000000000000000000000000000
00000000000000000000000000000000000000000000000000000000000000000000000000000000
00000000000000000000000000000000000000000000000000000000000000000000000000000000
00000000000000000000000000000000000000000000000000000000000000000000000000000000
00000000000000000000000000000000000000000000000000000000000000000000000000000000
00000000000000000000000000000000000000000000000000000000000000000000000000000000
00000000000000000000000000000000000000000000000000000000000000000000000000000000
00000000000000000000000000000000000000000000000000000000000000000000000000000000
00000000000000000000000000000000000000000000000000000000000000000000000000000000
00000000000000000000000000000000000000000000000000000000000000000000000000000000
00000000000000000000000000000000000000000000000000000000000000000000000000000000
00000000000000000000000000000000000000000000000000000000000000000000000000000000
00000000000000000000000000000000000000000000000000000000000000000000000000000000
00000000000000000000000000000000000000000000000000000000000000000000000000000000
00000000000000000000000000000000000000000000000000000000000000000000000000000000
00000000000000000000000000000000000000000000000000000000000000000000000000000000
00000000000000000000000000000000000000000000000000000000000000000000000000000000
00000000000000000000000000000000000000000000000000000000000000000000000000000000
00000000000000000000000000000000000000000000000000000000000000000000000000000000
00000000000000000000000000000000000000000000000000000000000000000000000000000000
00000000000000000000000000000000000000000000000000000000000000000000000000000000
00000000000000000000000000000000000000000000000000000000000000000000000000000000
00000000000000000000000000000000000000000000000000000000000000000000000000000000
00000000000000000000000000000000000000000000000000000000000000000000000000000000
00000000000000000000000000000000000000000000000000000000000000000000000000000000
00000000000000000000000000000000000000000000000000000000000000000000000000000000
00000000000000000000000000000000000000000000000000000000000000000000000000000000
00000000000000000000000000000000000000000000000000000000000000000000000000000000
00000000000000000000000000000000000000000000000000000000000000000000000000000000
00000000000000000000000000000000000000000000000000000000000000000000000000000000
00000000000000000000000000000000000000000000000000000000000000000000000000000000
00000000000000000000000000000000000000000000000000000000000000000000000000000000
00000000000000000000000000000000000000000000000000000000000000000000000000000000
00000000000000000000000000000000000000000000000000000000000000000000000000000000
00000000000000000000000000000000000000000000000000000000000000000000000000000000
00000000000000000000000000000000000000000000000000000000000000000000000000000000
00000000000000000000000000000000000000000000000000000000000000000000000000000000
00000000000000000000000000000000000000000000000000000000000000000000000000000000
00000000000000000000000000000000000000000000000000000000000000000000000000000000
00000000000000000000000000000000000000000000000000000000000000000000000000000000
00000000000000000000000000000000000000000000000000000000000000000000000000000000
00000000000000000000000000000000000000000000000000000000000000000000000000000000
00000000000000000000000000000000000000000000000000000000000000000000000000000000
00000000000000000000000000000000000000000000000000000000000000000000000000000000
00000000000000000000000000000000000000000000000000000000000000000000000000000000
00000000000000000000000000000000000000000000000000000000000000000000000000000000
00000000000000000000000000000000000000000000000000000000000000000000000000000000
00000000000000000000000000000000000000000000000000000000000000000000000000000000
00000000000000000000000000000000000000000000000000000000000000000000000000000000
00000000000000000000000000000000000000000000000000000000000000000000000000000000
00000000000000000000000000000000000000000000000000000000000000000000000000000000
00000000000000000000000000000000000000000000000000000000000000000000000000000000
00000000000000000000000000000000000000000000000000000000000000000000000000000000
00000000000000000000000000000000000000000000000000000000000000000000000000000000
00000000000000000000000000000000000000000000000000000000000000000000000000000000
00000000000000000000000000000000000000000000000000000000000000000000000000000000
00000000000000000000000000000000000000000000000000000000000000000000000000000000
00000000000000000000000000000000000000000000000000000000000000000000000000000000
00000000000000000000000000000000000000000000000000000000000000000000000000000000
00000000000000000000000000000000000000000000000000000000000000000000000000000000
00000000000000000000000000000000000000000000000000000000000000000000000000000000
00000000000000000000000000000000000000000000000000000000000000000000000000000000
00000000000000000000000000000000000000000000000000000000000000000000000000000000
00000000000000000000000000000000000000000000000000000000000000000000000000000000
00000000000000000000000000000000000000000000000000000000000000000000000000000000
00000000000000000000000000000000000000000000000000000000000000000000000000000000
00000000000000000000000000000000000000000000000000000000000000000000000000000000
00000000000000000000000000000000000000000000000000000000000000000000000000000000
00000000000000000000000000000000000000000000000000000000000000000000000000000000
00000000000000000000000000000000000000000000000000000000000000000000000000000000
00000000000000000000000000000000000000000000000000000000000000000000000000000000
00000000000000000000000000000000000000000000000000000000000000000000000000000000
00000000000000000000000000000000000000000000000000000000000000000000000000000000
00000000000000000000000000000000000000000000000000000000000000000000000000000000
00000000000000000000000000000000000000000000000000000000000000000000000000000000
00000000000000000000000000000000000000000000000000000000000000000000000000000000
00000000000000000000000000000000000000000000000000000000000000000000000000000000
00000000000000000000000000000000000000000000000000000000000000000000000000000000
00000000000000000000000000000000000000000000000000000000000000000000000000000000
00000000000000000000000000000000000000000000000000000000000000000000000000000000
00000000000000000000000000000000000000000000000000000000000000000000000000000000
00000000000000000000000000000000000000000000000000000000000000000000000000000000
00000000000000000000000000000000000000000000000000000000000000000000000000000000
00000000000000000000000000000000000000000000000000000000000000000000000000000000
00000000000000000000000000000000000000000000000000000000000000000000000000000000
00000000000000000000000000000000000000000000000000000000000000000000000000000000
00000000000000000000000000000000000000000000000000000000000000000000000000000000
00000000000000000000000000000000000000000000000000000000000000000000000000000000
00000000000000000000000000000000000000000000000000000000000000000000000000000000
00000000000000000000000000000000000000000000000000000000000000000000000000000000
00000000000000000000000000000000000000000000000000000000000000000000000000000000
00000000000000000000000000000000000000000000000000000000000000000000000000000000
00000000000000000000000000000000000000000000000000000000000000000000000000000000
00000000000000000000000000000000000000000000000000000000000000000000000000000000
00000000000000000000000000000000000000000000000000000000000000000000000000000000
00000000000000000000000000000000000000000000000000000000000000000000000000000000
00000000000000000000000000000000000000000000000000000000000000000000000000000000
00000000000000000000000000000000000000010000000000000000000000000000000000000000
00000000000000000000000000000000000000000000000100000000000000000000000000000000
00000000000000010000000000000000000000000000000000000000000000000000000000000000
00000000000000000000000100000000000000000000000000000000000000000000000100000000
00000000000000000000000000000000000000000000000000000001000000000000000000000000
00000000000000000000000100000000000000000000000100000000000000000000000000000000
00000000000000010000000000000000000000000000000100000000000000000000000000000000
00000000000000000000000000000000000000000000000000000001000000000000000000000000
00000000000000000000000000000000000000000000000200000000000000000000000100000000
00000000000000000000000100000001000000000000000000000001000000010000000100000001
00000001000000010000000000000002000000010000000100000000000000020000000000000002
00000004000000030000000200000002000000010000000000000001000000020000000100000003
00000004000000020000000100000004000000030000000600000002000000000000000400000004
00000006000000060000000600000004000000020000000400000004000000040000000700000006
00000004000000140000001300000004000000110000001300000010000000130000001300000021
00000016000000220000002000000019000000140000001900000011000000190000002700000023
00000023000000210000002700000031000000460000004300000045000000460000003300000044
00000053000000410000005300000059000000600000006100000065000000720000007500000064
00000081000000800000008800000086000001000000010400000100000001240000012500000120
00000111000001390000014100000132000001510000017900000159000001680000018000000188
00000219000002020000021200000219000002320000024500000263000002550000026500000314
00000320000003270000033700000357000003450000038800000375000003850000044700000443
00000444000004510000045000000492000005020000051200000551000005630000058100000613
00000616000006340000065800000650000006870000073500000741000007420000079100000848
00000788000008130000083700000844000008200000092800000952000009980000099400001016
00001023000010960000112600001057000011140000112000001138000010860000114500001157
00001156000011900000118400001132000011980000118100001255000012090000117300001230
00001249000012740000117500001232000011900000120000001225000011880000115500001146
00001246000011370000112600001137000010100000104000001126000010580000100100001049
00000926000009550000095200000915000008630000083200000812000008170000084500000795
00000792000007710000067400000727000006530000064900000587000007020000058800000540
00000540000005490000053400000531000004800000047900000467000004440000040100000419
00000410000003660000037600000347000003360000031100000298000002870000027700000288
00000258000002700000025600000243000002160000021800000217000001910000018300000183
00000158000001590000017300000140000001360000014300000161000001400000013600000115
00000118000001080000011700000110000000890000008100000086000000900000008500000091
00000081000000640000007200000074000000760000005000000066000000730000005300000063
00000071000000490000004700000041000000470000004700000045000000580000005200000051
00000040000000470000003300000033000000300000004600000030000000360000002500000032
00000026000000280000003700000022000000280000003100000034000000260000003000000022
00000018000000200000002300000024000000240000002000000019000000210000002800000021
00000011000000260000001900000022000000180000002400000014000000130000002000000028
00000020000000140000002100000019000000150000001700000026000000150000001600000017
00000022000000210000002100000026000000240000002500000023000000250000003200000014
00000021000000290000002900000025000000340000003100000036000000250000002800000037
00000035000000270000002500000044000000370000003700000044000000390000003900000047
00000051000000610000004900000041000000620000006000000058000000530000005900000067
00000075000000700000007100000072000000660000007100000077000000790000008200000087
00000083000000930000011300000120000001060000010600000111000001350000012100000131
00000137000001300000013200000174000001590000016800000145000001620000017800000144
00000180000001810000019100000186000002270000022000000223000002070000021700000248
00000208000002260000022700000267000002750000025200000289000002750000030300000305
00000306000003380000029900000341000002810000032100000321000003710000038200000363
00000422000003570000034400000344000003880000040300000400000004060000039300000403
00000441000004290000045500000450000004130000042000000455000004890000051400000507
00000551000004750000048100000443000004960000051700000521000005180000055500000524
00000529000005590000055300000572000005270000054500000545000005490000057500000572
00000570000005840000062800000590000006110000060900000614000005630000064400000597
00000594000006520000060100000615000006460000061800000666000006570000066600000635
00000654000006570000062900000637000006570000066200000659000006570000061600000622
00000640000006420000060500000652000005870000062600000676000006470000065700000652
00000641000006550000061500000641000006760000063100000655000006500000065000000630
00000636000005810000061700000630000006820000064100000589000006180000059200000607
00000581000006110000061600000606000006520000067000000606000005740000065800000586
00000637000006350000061400000618000005680000060500000598000005910000062300000593
00000533000005770000056300000576000006040000055500000575000005860000055800000536
00000539000005280000054400000543000005230000051600000533000005450000051700000531
00000514000005160000052500000488000005150000054800000519000004830000051100000502
00000473000005000000048600000475000004950000046400000488000004650000044500000501
00000439000004780000046900000415000004240000044000000465000004510000043800000408
00000416000004290000038800000437000004290000039600000418000003940000042400000388
00000402000004000000042800000369000004100000036400000445000004000000038200000370
00000363000003760000035600000350000003470000036900000314000003550000030800000334
00000361000003570000036100000345000003220000030700000338000003330000029500000334
00000314000003110000032000000298000002900000031100000327000003210000027800000309
00000306000002810000026900000283000003030000028700000232000002420000025700000254
00000253000002820000024900000255000002870000026300000265000002700000023900000255
00000222000002530000024700000253000002300000022600000246000002340000026000000230
00000222000002230000021500000209000002180000019700000230000001900000021000000207
00000206000001950000019500000207000001880000022200000204000001870000019000000192
00000175000001580000019100000209000001820000016500000164000001630000018100000178
00000168000001390000016600000159000001680000015600000152000001500000015000000175
00000140000001660000015400000164000001610000016000000157000001420000014100000145
00000141000001520000014200000143000001200000013300000140000001470000012200000136
00000132000001240000011700000116000001340000012600000112000001280000012000000100
00000120000001480000009400000127000001270000012400000098000001090000010800000099
00000092000001070000008800000093000001040000010400000115000001130000009700000092
00000084000000940000009400000093000001000000009500000090000000940000008900000080
00000090000000690000009800000090000000770000008500000081000000830000008500000075
00000073000000800000008900000065000000930000006300000066000000820000006900000062
00000081000000680000006800000074000000620000004600000062000000660000006200000067
00000059000000600000006000000075000000630000006500000062000000620000006200000054
00000045000000560000004600000055000000660000004600000069000000590000006000000043
00000071000000570000004900000048000000520000005700000044000000480000004200000044
00000050000000410000005000000052000000390000003800000056000000470000004800000048
00000054000000470000004200000056000000420000004500000048000000490000004800000031
00000044000000360000003700000045000000350000003500000036000000450000004200000046
00000032000000410000003500000030000000400000003500000049000000350000003600000036
00000030000000360000003100000033000000250000003000000030000000310000003000000036
00000041000000380000002700000033000000240000002800000027000000230000003400000030
00000025000000260000003300000028000000280000002500000022000000200000002600000027
00000025000000220000002800000023000000230000002600000031000000230000002800000020
00000030000000200000002000000023000000220000002200000018000000180000001800000013
00000022000000230000002500000014000000280000002800000016000000180000002000000013
00000023000000140000001700000020000000150000001600000025000000260000002700000018
00000022000000190000001300000019000000240000001800000018000000180000002100000016
00000020000000090000001600000023000000180000001600000015000000140000001300000012
00000015000000090000001400000013000000150000001700000014000000070000001500000010
00000019000000110000001400000014000000200000002100000013000000140000001600000009
00000008000000180000000800000020000000110000001000000013000000160000000900000013
00000013000000100000001400000017000000130000001100000012000000110000000800000017
00000011000000140000001000000012000000070000001300000008000000110000001100000012
00000013000000110000000600000012000000110000000900000009000000100000001200000009
00000010000000080000000500000013000000050000001000000011000000090000000900000010
00000007000000040000000300000005000000040000001300000009000000050000000800000008
00000012000000090000001600000011000000110000000300000008000000100000000500000006
00000008000000080000000900000006000000060000000600000006000000060000000400000006
00000005000000070000000600000007000000080000001000000010000000050000000800000008
00000005000000020000000900000008000000070000000700000007000000040000000200000006
00000004000000070000000700000004000000040000000300000007000000050000000300000007
00000004000000080000000700000007000000080000001000000003000000050000000400000004
00000003000000020000000500000004000000040000000800000001000000060000000300000007
00000004000000030000000400000005000000050000000300000003000000040000000200000005
00000003000000070000000500000004000000060000000200000005000000050000000300000005
00000001000000010000000300000003000000020000000100000002000000080000000200000002
00000005000000040000000200000005000000010000000700000003000000010000000300000003
00000000000000030000000400000005000000040000000400000004000000060000000300000002
00000001000000050000000100000006000000060000000500000000000000050000000400000004
00000002000000060000000500000004000000020000000200000003000000050000000300000005
00000001000000020000000400000001000000030000000100000002000000060000000200000004
00000001000000020000000200000001000000030000000300000002000000010000000100000002
00000001000000040000000200000002000000010000000000000000000000020000000200000005
00000002000000020000000600000007000000010000000400000002000000020000000300000002
00000001000000040000000100000003000000010000000400000001000000020000000100000003
00000001000000030000000200000002000000000000000600000006000000020000000000000003
00000001000000070000000400000003000000030000000400000003000000020000000400000000
00000002000000020000000300000002000000010000000100000002000000010000000100000001
00000002000000020000000000000002000000020000000200000000000000010000000500000001
00000004000000000000000000000001000000010000000100000001000000060000000100000002
00000002000000000000000200000001000000010000000200000003000000000000000100000001
00000000000000030000000000000002000000020000000100000001000000030000000000000001
00000003000000000000000100000000000000010000000200000001000000010000000200000001
00000003000000020000000300000002000000000000000100000002000000000000000000000006
00000001000000010000000300000000000000010000000100000000000000010000000100000003
00000001000000000000000200000003000000000000000000000001000000000000000200000000
00000001000000000000000100000000000000010000000100000001000000000000000000000000
00000001000000000000000100000003000000020000000100000000000000010000000000000002
00000002000000010000000200000000000000000000000000000000000000010000000100000000
00000001000000020000000100000001000000010000000100000002000000000000000100000002
00000001000000010000000000000000000000000000000100000005000000000000000100000000
00000002000000010000000200000000000000000000000500000000000000020000000100000001
00000001000000010000000100000003000000010000000000000001000000000000000200000000
00000001000000020000000000000000000000010000000100000000000000020000000000000001
00000001000000000000000000000001000000000000000100000000000000000000000200000000
00000000000000020000000100000000000000000000000000000000000000010000000000000000
00000000000000010000000200000000000000010000000000000000000000000000000100000000
00000001000000000000000100000000000000000000000200000001000000000000000100000001
00000001000000010000000200000000000000020000000000000000000000000000000000000000
00000000000000000000000000000000000000000000000000000000000000010000000000000002
00000000000000000000000000000000000000010000000000000000000000000000000100000000
00000000000000000000000100000000000000000000000000000001000000000000000200000000
00000000000000010000000100000000000000010000000100000000000000000000000100000001
00000000000000000000000100000001000000000000000000000000000000020000000000000001
00000000000000000000000000000001000000000000000000000001000000000000000200000000
00000003000000000000000000000000000000010000000000000002000000000000000100000000
00000002000000010000000000000000000000000000000000000000000000000000000000000001
00000000000000000000000000000002000000000000000000000001000000000000000000000001
00000000000000000000000000000001000000010000000000000002000000000000000000000000
00000000000000000000000000000001000000000000000100000000000000010000000000000000
00000001000000000000000000000001000000000000000000000001000000000000000000000001
00000001000000000000000100000001000000030000000100000000000000000000000000000000
00000000000000000000000100000000000000010000000000000000000000000000000000000000
00000000000000000000000000000000000000000000000000000000000000000000000000000000
00000000000000000000000000000000000000000000000000000000000000000000000100000000
00000000000000000000000100000000000000000000000000000000000000000000000000000001
00000000000000000000000100000002000000000000000100000000000000010000000000000000
00000000000000020000000000000001000000000000000000000000000000010000000100000002
00000000000000000000000000000001000000010000000100000000000000000000000000000001
00000000000000000000000000000001000000000000000000000000000000010000000100000000
00000000000000010000000000000000000000000000000000000000000000000000000000000000
00000000000000000000000000000001000000000000000000000000000000000000000100000000
00000000000000000000000200000000000000000000000000000000000000000000000000000001
00000000000000000000000000000000000000000000000000000000000000000000000000000000
00000000000000000000000000000001000000010000000100000000000000000000000000000001
00000000000000000000000100000000000000000000000000000000000000000000000000000001
00000002000000000000000000000001000000000000000100000000000000010000000100000000
00000000000000000000000000000000000000000000000000000000000000010000000000000000
00000001000000000000000000000000000000000000000200000001000000000000000000000000
00000000000000000000000000000000000000000000000000000001000000000000000000000000
00000001000000000000000000000000000000000000000000000000000000000000000000000000
00000000000000000000000000000000000000000000000000000000000000000000000000000000
00000000000000020000000000000000000000000000000000000001000000000000000000000001
00000000000000010000000000000000000000000000000000000000000000000000000000000000
00000000000000010000000000000002000000000000000000000000000000010000000200000001
00000001000000000000000000000000000000010000000000000000000000000000000100000000
00000001000000000000000100000000000000000000000000000001000000000000000000000000
00000000000000000000000000000001000000000000000100000000000000000000000000000000
00000000000000000000000000000001000000000000000000000000000000000000000000000000
00000000000000000000000000000000000000000000000000000000000000000000000000000001
00000000000000000000000000000000000000000000000000000001000000000000000000000000
00000000000000000000000000000000000000000000000000000000000000010000000000000000
00000001000000000000000000000001000000000000000000000000000000000000000000000000
00000001000000000000000200000000000000000000000000000000000000000000000000000000
00000000000000000000000000000000000000000000000000000000000000000000000100000000
00000000000000000000000000000000000000000000000000000001000000000000000000000000
00000000000000000000000000000001000000000000000000000000000000020000000000000000
00000001000000000000000000000000000000000000000000000000000000000000000000000000
00000001000000000000000000000000000000000000000000000001000000010000000000000000
00000000000000010000000000000000000000000000000000000000000000000000000000000000
00000000000000000000000000000000000000000000000000000000000000000000000000000001
00000000000000000000000100000000000000010000000000000000000000000000000000000000
00000001000000000000000000000001000000010000000100000000000000000000000100000000
00000000000000010000000000000000000000000000000000000000000000000000000000000000
00000000000000000000000000000000000000000000000000000000000000000000000100000000
00000000000000000000000000000000000000000000000000000000000000000000000000000000
00000000000000000000000000000000000000000000000000000002000000000000000000000000
00000000000000000000000000000000000000000000000000000001000000000000000000000000
00000000000000000000000000000001000000000000000000000000000000000000000000000000
00000000000000000000000100000000000000010000000000000000000000000000000100000000
00000000000000000000000000000000000000000000000000000000000000000000000000000000
00000001000000000000000000000000000000000000000000000001000000000000000100000000
00000000000000000000000000000000000000010000000000000000000000000000000100000000
00000000000000000000000100000000000000000000000000000000000000000000000000000000
00000000000000000000000000000000000000000000000000000000000000000000000000000000
00000000000000000000000000000000000000000000000000000000000000000000000000000000
00000000000000010000000000000000000000000000000000000000000000000000000200000000
00000000000000000000000000000000000000000000000000000000000000000000000000000000
00000000000000000000000000000001000000000000000000000000000000000000000000000000
00000000000000000000000000000000000000000000000000000000000000000000000000000000
00000000000000000000000000000000000000000000000000000000000000000000000000000000
00000000000000000000000000000000000000000000000000000000000000000000000000000001
00000000000000000000000000000000000000000000000000000000000000000000000000000000
00000000000000000000000000000000000000000000000000000000000000000000000000000001
00000000000000000000000000000000000000000000000000000000000000000000000000000000
00000000000000000000000000000000000000010000000000000000000000000000000000000000
00000000000000000000000000000000000000000000000000000000000000000000000100000000
00000000000000000000000000000000000000000000000100000000000000000000000000000000
00000000000000000000000000000000000000010000000000000000000000000000000000000000
00000000000000000000000000000000000000000000000000000000000000000000000000000000
00000000000000010000000000000000000000000000000000000000000000000000000000000000
00000000000000000000000000000000000000000000000000000000000000000000000000000000
00000000000000000000000000000000000000000000000000000000000000000000000000000000
00000000000000000000000000000000000000000000000000000000000000010000000000000000
00000000000000000000000000000000000000000000000200000000000000000000000000000000
00000000000000000000000000000000000000000000000000000000000000000000000000000000
00000000000000000000000000000000000000000000000000000000000000000000000000000000
00000000000000000000000000000000000000000000000000000000000000000000000000000000
00000000000000000000000000000000000000000000000000000000000000000000000000000000
00000000000000000000000000000000000000000000000000000000000000010000000000000000
00000000000000000000000000000000000000000000000000000000000000000000000000000000
00000000000000000000000000000000000000000000000000000000000000000000000000000000
00000000000000000000000000000000000000000000000000000000000000000000000000000000
00000000000000000000000000000000000000000000000000000000000000000000000000000000
00000000000000000000000000000000000000000000000000000000000000000000000000000000
00000000000000000000000000000000000000000000000000000000000000000000000000000000
00000000000000000000000000000000000000000000000000000000000000000000000000000000
00000000000000000000000000000000000000000000000000000000000000000000000000000000
00000000000000000000000000000000000000000000000000000000000000000000000000000000
00000000000000000000000000000000000000000000000000000000000000000000000000000000
00000000000000000000000000000000000000000000000000000000000000000000000000000000
00000000000000000000000000000000000000000000000000000000000000000000000000000000
00000000000000000000000000000000000000000000000000000000000000000000000000000000
00000000000000000000000000000000000000000000000000000000000000000000000000000000
00000000000000000000000000000000000000000000000000000000000000000000000000000000
00000000000000000000000000000000000000000000000000000000000000000000000000000000
00000000000000000000000000000000000000000000000000000000000000000000000000000000
00000000000000000000000000000000000000000000000000000000000000000000000000000000
00000000000000000000000000000000000000000000000000000000000000000000000000000000
00000000000000000000000000000000000000000000000000000000000000000000000000000000
00000000000000000000000000000000000000000000000000000000000000000000000000000000
00000000000000000000000000000000000000000000000000000000000000000000000000000000
00000000000000000000000000000000000000000000000000000000000000000000000000000000
00000000000000000000000000000000000000000000000000000000000000000000000000000000
00000000000000000000000000000000000000000000000000000000000000000000000000000000
000000000000000000000000000000000000000000000000