0  0
1  0
2  0
3  0
4  0
5  0
6  0
7  0
8  0
9  0
10  0
11  0
12  0
13  0
14  0
15  0
16  0
17  0
18  0
19  0
20  0
21  0
22  0
23  0
24  0
25  0
26  0
27  0
28  0
29  0
30  0
31  0
32  0
33  0
34  0
35  0
36  0
37  0
38  0
39  0
40  0
41  0
42  0
43  0
44  0
45  0
46  0
47  0
48  0
49  0
50  0
51  0
52  0
53  0
54  0
55  0
56  0
57  0
58  0
59  0
60  0
61  0
62  0
63  0
64  0
65  0
66  0
67  0
68  0
69  0
70  0
71  0
72  0
73  0
74  0
75  0
76  0
77  0
78  0
79  0
80  0
81  0
82  0
83  0
84  0
85  0
86  0
87  0
88  0
89  0
90  0
91  0
92  0
93  0
94  0
95  0
96  0
97  0
98  0
99  0
100  0
101  0
102  0
103  0
104  0
105  0
106  0
107  0
108  0
109  0
110  0
111  0
112  0
113  0
114  0
115  0
116  0
117  0
118  0
119  0
120  0
121  0
122  0
123  0
124  0
125  0
126  0
127  0
128  0
129  0
130  0
131  0
132  0
133  0
134  0
135  0
136  0
137  0
138  0
139  0
140  0
141  0
142  0
143  0
144  0
145  0
146  0
147  0
148  0
149  0
150  0
151  0
152  0
153  0
154  0
155  0
156  0
157  0
158  0
159  0
160  0
161  0
162  0
163  0
164  0
165  0
166  0
167  0
168  0
169  0
170  0
171  0
172  0
173  0
174  0
175  0
176  0
177  0
178  0
179  0
180  0
181  0
182  0
183  0
184  0
185  0
186  0
187  0
188  0
189  0
190  0
191  0
192  0
193  0
194  0
195  0
196  0
197  0
198  0
199  0
200  0
201  0
202  0
203  0
204  0
205  0
206  0
207  0
208  0
209  0
210  0
211  0
212  0
213  0
214  0
215  0
216  0
217  0
218  0
219  0
220  0
221  0
222  0
223  0
224  0
225  0
226  0
227  0
228  0
229  0
230  0
231  0
232  0
233  0
234  0
235  0
236  0
237  0
238  0
239  0
240  0
241  0
242  0
243  0
244  0
245  0
246  0
247  0
248  0
249  0
250  0
251  0
252  0
253  0
254  0
255  0
256  0
257  0
258  0
259  0
260  0
261  0
262  0
263  0
264  0
265  0
266  0
267  0
268  0
269  0
270  0
271  0
272  0
273  0
274  0
275  0
276  0
277  0
278  0
279  0
280  0
281  0
282  0
283  0
284  0
285  0
286  0
287  0
288  0
289  0
290  0
291  0
292  0
293  0
294  0
295  0
296  0
297  0
298  0
299  0
300  0
301  0
302  0
303  0
304  0
305  0
306  0
307  0
308  0
309  0
310  0
311  0
312  0
313  0
314  0
315  0
316  0
317  0
318  0
319  0
320  0
321  0
322  0
323  0
324  0
325  0
326  0
327  0
328  0
329  0
330  0
331  0
332  0
333  0
334  0
335  0
336  0
337  0
338  0
339  0
340  0
341  0
342  0
343  0
344  0
345  0
346  0
347  0
348  0
349  0
350  0
351  0
352  0
353  0
354  0
355  0
356  0
357  0
358  0
359  0
360  0
361  0
362  0
363  0
364  0
365  0
366  0
367  0
368  0
369  0
370  0
371  0
372  0
373  0
374  0
375  0
376  0
377  0
378  0
379  0
380  0
381  0
382  0
383  0
384  0
385  0
386  0
387  0
388  0
389  0
390  0
391  0
392  0
393  0
394  0
395  0
396  0
397  0
398  0
399  0
400  0
401  0
402  0
403  0
404  0
405  0
406  0
407  0
408  0
409  0
410  0
411  0
412  0
413  0
414  0
415  0
416  0
417  0
418  0
419  0
420  0
421  0
422  0
423  0
424  0
425  0
426  0
427  0
428  0
429  0
430  0
431  0
432  0
433  0
434  0
435  0
436  0
437  0
438  0
439  0
440  0
441  0
442  0
443  0
444  0
445  0
446  0
447  0
448  0
449  0
450  0
451  0
452  0
453  0
454  0
455  0
456  0
457  0
458  0
459  0
460  0
461  0
462  0
463  0
464  0
465  0
466  0
467  0
468  0
469  0
470  0
471  0
472  0
473  0
474  0
475  0
476  0
477  0
478  0
479  0
480  0
481  0
482  0
483  0
484  0
485  0
486  0
487  0
488  0
489  0
490  0
491  0
492  0
493  0
494  0
495  0
496  0
497  0
498  0
499  0
500  0
501  0
502  0
503  0
504  0
505  0
506  0
507  0
508  0
509  0
510  0
511  0
512  0
513  0
514  0
515  0
516  0
517  0
518  0
519  0
520  0
521  0
522  0
523  0
524  0
525  0
526  0
527  0
528  0
529  0
530  0
531  0
532  0
533  0
534  0
535  0
536  0
537  0
538  0
539  0
540  0
541  0
542  0
543  0
544  0
545  0
546  0
547  0
548  0
549  0
550  0
551  0
552  0
553  0
554  0
555  0
556  0
557  0
558  0
559  0
560  0
561  0
562  0
563  0
564  0
565  0
566  0
567  0
568  0
569  0
570  0
571  0
572  0
573  0
574  0
575  0
576  0
577  0
578  0
579  0
580  0
581  0
582  0
583  0
584  0
585  0
586  0
587  0
588  0
589  0
590  0
591  0
592  0
593  0
594  0
595  0
596  0
597  0
598  0
599  0
600  0
601  0
602  0
603  0
604  0
605  0
606  0
607  0
608  0
609  0
610  0
611  0
612  0
613  0
614  0
615  0
616  0
617  0
618  0
619  0
620  0
621  0
622  0
623  0
624  0
625  0
626  0
627  0
628  0
629  0
630  0
631  0
632  0
633  0
634  0
635  0
636  0
637  0
638  0
639  0
640  0
641  0
642  0
643  0
644  0
645  0
646  0
647  0
648  0
649  0
650  0
651  0
652  0
653  0
654  0
655  0
656  0
657  0
658  0
659  0
660  0
661  0
662  0
663  0
664  0
665  0
666  0
667  0
668  0
669  0
670  0
671  0
672  0
673  0
674  0
675  0
676  0
677  0
678  0
679  0
680  0
681  0
682  0
683  0
684  0
685  0
686  0
687  0
688  0
689  0
690  0
691  0
692  0
693  0
694  0
695  0
696  0
697  0
698  0
699  0
700  0
701  0
702  0
703  0
704  0
705  0
706  0
707  0
708  0
709  0
710  0
711  0
712  0
713  0
714  0
715  0
716  0
717  0
718  0
719  0
720  0
721  0
722  0
723  0
724  0
725  0
726  0
727  0
728  0
729  0
730  0
731  0
732  0
733  0
734  0
735  0
736  0
737  0
738  0
739  0
740  0
741  0
742  0
743  0
744  0
745  0
746  0
747  0
748  0
749  0
750  0
751  0
752  0
753  0
754  0
755  0
756  0
757  0
758  0
759  0
760  0
761  0
762  0
763  0
764  0
765  0
766  0
767  0
768  0
769  0
770  0
771  0
772  0
773  0
774  0
775  0
776  0
777  0
778  0
779  0
780  0
781  0
782  0
783  0
784  0
785  0
786  0
787  0
788  0
789  0
790  0
791  0
792  0
793  0
794  0
795  0
796  0
797  0
798  0
799  0
800  0
801  0
802  0
803  0
804  0
805  0
806  0
807  0
808  0
809  0
810  0
811  0
812  0
813  0
814  0
815  0
816  0
817  0
818  0
819  0
820  0
821  0
822  0
823  0
824  0
825  0
826  0
827  0
828  0
829  0
830  0
831  0
832  0
833  0
834  0
835  0
836  0
837  0
838  0
839  0
840  0
841  0
842  0
843  0
844  0
845  0
846  0
847  0
848  0
849  0
850  0
851  0
852  0
853  0
854  0
855  0
856  0
857  0
858  0
859  0
860  0
861  0
862  0
863  0
864  0
865  0
866  0
867  0
868  0
869  0
870  0
871  0
872  0
873  0
874  0
875  0
876  0
877  0
878  0
879  0
880  0
881  0
882  0
883  0
884  0
885  0
886  0
887  0
888  0
889  0
890  0
891  0
892  0
893  0
894  0
895  0
896  0
897  0
898  0
899  0
900  0
901  0
902  0
903  0
904  0
905  0
906  0
907  0
908  0
909  0
910  0
911  0
912  0
913  0
914  0
915  0
916  0
917  0
918  0
919  0
920  0
921  0
922  0
923  0
924  0
925  0
926  0
927  0
928  0
929  0
930  0
931  0
932  0
933  0
934  0
935  0
936  0
937  0
938  0
939  0
940  0
941  0
942  0
943  0
944  0
945  0
946  0
947  0
948  0
949  0
950  0
951  0
952  0
953  0
954  0
955  0
956  0
957  0
958  0
959  0
960  0
961  0
962  0
963  0
964  0
965  0
966  0
967  0
968  0
969  0
970  0
971  0
972  0
973  0
974  0
975  0
976  0
977  0
978  0
979  0
980  0
981  0
982  0
983  0
984  0
985  0
986  0
987  0
988  0
989  0
990  0
991  0
992  0
993  0
994  0
995  0
996  0
997  0
998  0
999  0
1000  0
1001  0
1002  0
1003  0
1004  0
1005  0
1006  0
1007  0
1008  0
1009  0
1010  0
1011  0
1012  0
1013  0
1014  0
1015  0
1016  0
1017  0
1018  0
1019  0
1020  0
1021  0
1022  0
1023  0
1024  0
1025  0
1026  0
1027  0
1028  0
1029  0
1030  0
1031  0
1032  0
1033  0
1034  0
1035  0
1036  0
1037  0
1038  0
1039  0
1040  0
1041  0
1042  0
1043  0
1044  0
1045  0
1046  0
1047  0
1048  0
1049  0
1050  0
1051  0
1052  0
1053  0
1054  0
1055  0
1056  0
1057  0
1058  0
1059  0
1060  0
1061  0
1062  0
1063  0
1064  0
1065  0
1066  0
1067  0
1068  0
1069  0
1070  0
1071  0
1072  0
1073  0
1074  0
1075  0
1076  0
1077  0
1078  0
1079  0
1080  0
1081  0
1082  0
1083  0
1084  0
1085  0
1086  0
1087  0
1088  0
1089  0
1090  0
1091  0
1092  0
1093  0
1094  0
1095  0
1096  0
1097  0
1098  0
1099  0
1100  0
1101  0
1102  0
1103  0
1104  0
1105  0
1106  0
1107  0
1108  0
1109  0
1110  0
1111  0
1112  0
1113  0
1114  0
1115  0
1116  0
1117  0
1118  0
1119  0
1120  0
1121  0
1122  0
1123  0
1124  0
1125  0
1126  0
1127  0
1128  0
1129  0
1130  0
1131  0
1132  0
1133  0
1134  0
1135  0
1136  0
1137  0
1138  0
1139  0
1140  0
1141  0
1142  0
1143  0
1144  0
1145  0
1146  0
1147  0
1148  0
1149  0
1150  0
1151  0
1152  0
1153  0
1154  0
1155  0
1156  0
1157  0
1158  0
1159  0
1160  0
1161  0
1162  0
1163  0
1164  0
1165  0
1166  0
1167  0
1168  0
1169  0
1170  0
1171  0
1172  0
1173  0
1174  0
1175  0
1176  0
1177  0
1178  0
1179  0
1180  0
1181  0
1182  0
1183  0
1184  0
1185  0
1186  0
1187  0
1188  0
1189  0
1190  0
1191  0
1192  0
1193  0
1194  0
1195  0
1196  0
1197  0
1198  0
1199  0
1200  0
1201  0
1202  0
1203  0
1204  0
1205  0
1206  0
1207  0
1208  0
1209  0
1210  0
1211  0
1212  0
1213  0
1214  0
1215  0
1216  0
1217  0
1218  0
1219  0
1220  0
1221  0
1222  0
1223  0
1224  0
1225  0
1226  0
1227  0
1228  0
1229  0
1230  0
1231  0
1232  0
1233  0
1234  0
1235  0
1236  0
1237  0
1238  0
1239  0
1240  0
1241  0
1242  0
1243  0
1244  0
1245  0
1246  0
1247  0
1248  0
1249  0
1250  0
1251  0
1252  0
1253  0
1254  0
1255  0
1256  0
1257  0
1258  0
1259  0
1260  0
1261  0
1262  0
1263  0
1264  0
1265  0
1266  0
1267  0
1268  0
1269  0
1270  0
1271  0
1272  0
1273  0
1274  0
1275  0
1276  0
1277  0
1278  0
1279  0
1280  0
1281  0
1282  0
1283  0
1284  0
1285  0
1286  0
1287  0
1288  0
1289  0
1290  0
1291  0
1292  0
1293  0
1294  0
1295  0
1296  0
1297  0
1298  0
1299  0
1300  0
1301  0
1302  0
1303  0
1304  0
1305  0
1306  0
1307  0
1308  0
1309  0
1310  0
1311  0
1312  0
1313  0
1314  0
1315  0
1316  0
1317  0
1318  0
1319  0
1320  0
1321  0
1322  0
1323  0
1324  0
1325  0
1326  0
1327  0
1328  0
1329  0
1330  0
1331  0
1332  0
1333  0
1334  0
1335  0
1336  0
1337  0
1338  0
1339  0
1340  0
1341  0
1342  0
1343  0
1344  0
1345  0
1346  0
1347  0
1348  0
1349  0
1350  0
1351  0
1352  0
1353  0
1354  0
1355  0
1356  0
1357  0
1358  0
1359  0
1360  0
1361  0
1362  0
1363  0
1364  0
1365  0
1366  0
1367  0
1368  0
1369  0
1370  0
1371  0
1372  0
1373  0
1374  0
1375  0
1376  0
1377  0
1378  0
1379  0
1380  0
1381  0
1382  1
1383  0
1384  0
1385  0
1386  0
1387  0
1388  1
1389  0
1390  0
1391  0
1392  0
1393  0
1394  0
1395  0
1396  0
1397  0
1398  0
1399  0
1400  0
1401  0
1402  0
1403  0
1404  0
1405  0
1406  0
1407  0
1408  0
1409  0
1410  0
1411  0
1412  0
1413  0
1414  0
1415  0
1416  0
1417  0
1418  0
1419  0
1420  0
1421  0
1422  0
1423  0
1424  0
1425  0
1426  0
1427  0
1428  0
1429  0
1430  0
1431  0
1432  0
1433  0
1434  0
1435  0
1436  0
1437  0
1438  0
1439  0
1440  0
1441  0
1442  0
1443  0
1444  0
1445  0
1446  0
1447  0
1448  0
1449  0
1450  0
1451  0
1452  0
1453  0
1454  0
1455  0
1456  0
1457  0
1458  0
1459  0
1460  0
1461  0
1462  0
1463  0
1464  0
1465  0
1466  0
1467  0
1468  0
1469  1
1470  0
1471  0
1472  0
1473  0
1474  0
1475  0
1476  0
1477  0
1478  0
1479  0
1480  0
1481  2
1482  0
1483  0
1484  0
1485  0
1486  1
1487  0
1488  0
1489  1
1490  0
1491  0
1492  1
1493  0
1494  0
1495  0
1496  1
1497  0
1498  1
1499  5
1500  1
1501  2
1502  3
1503  7
1504  1
1505  0
1506  0
1507  2
1508  4
1509  4
1510  4
1511  5
1512  2
1513  8
1514  11
1515  6
1516  6
1517  13
1518  9
1519  10
1520  11
1521  10
1522  7
1523  10
1524  12
1525  13
1526  10
1527  13
1528  17
1529  10
1530  11
1531  22
1532  14
1533  8
1534  24
1535  26
1536  28
1537  26
1538  30
1539  38
1540  29
1541  32
1542  36
1543  39
1544  48
1545  45
1546  45
1547  42
1548  40
1549  46
1550  60
1551  51
1552  55
1553  56
1554  52
1555  63
1556  79
1557  77
1558  76
1559  91
1560  97
1561  85
1562  97
1563  101
1564  128
1565  126
1566  124
1567  98
1568  125
1569  117
1570  125
1571  136
1572  127
1573  150
1574  140
1575  166
1576  179
1577  176
1578  173
1579  200
1580  172
1581  189
1582  200
1583  189
1584  211
1585  216
1586  242
1587  229
1588  243
1589  239
1590  253
1591  258
1592  238
1593  260
1594  265
1595  295
1596  284
1597  304
1598  336
1599  313
1600  300
1601  330
1602  375
1603  347
1604  336
1605  335
1606  354
1607  350
1608  362
1609  380
1610  347
1611  376
1612  370
1613  353
1614  366
1615  364
1616  374
1617  351
1618  343
1619  399
1620  378
1621  391
1622  378
1623  362
1624  359
1625  391
1626  394
1627  386
1628  343
1629  318
1630  382
1631  345
1632  352
1633  353
1634  316
1635  304
1636  379
1637  333
1638  340
1639  333
1640  268
1641  264
1642  318
1643  285
1644  282
1645  268
1646  266
1647  264
1648  268
1649  259
1650  251
1651  266
1652  192
1653  236
1654  206
1655  213
1656  184
1657  228
1658  189
1659  171
1660  170
1661  173
1662  166
1663  185
1664  143
1665  167
1666  140
1667  136
1668  135
1669  134
1670  131
1671  114
1672  123
1673  113
1674  102
1675  90
1676  87
1677  92
1678  102
1679  94
1680  79
1681  79
1682  92
1683  86
1684  80
1685  77
1686  77
1687  65
1688  65
1689  60
1690  54
1691  53
1692  62
1693  43
1694  40
1695  42
1696  49
1697  48
1698  47
1699  50
1700  40
1701  34
1702  31
1703  42
1704  32
1705  25
1706  29
1707  28
1708  34
1709  33
1710  31
1711  28
1712  25
1713  20
1714  21
1715  18
1716  26
1717  22
1718  25
1719  21
1720  36
1721  8
1722  17
1723  12
1724  14
1725  13
1726  12
1727  20
1728  23
1729  16
1730  16
1731  15
1732  10
1733  12
1734  5
1735  19
1736  5
1737  11
1738  11
1739  9
1740  10
1741  13
1742  12
1743  7
1744  13
1745  5
1746  12
1747  5
1748  13
1749  6
1750  3
1751  4
1752  10
1753  9
1754  9
1755  5
1756  8
1757  9
1758  5
1759  5
1760  3
1761  7
1762  2
1763  5
1764  4
1765  7
1766  2
1767  3
1768  5
1769  3
1770  4
1771  2
1772  4
1773  5
1774  3
1775  4
1776  10
1777  1
1778  2
1779  5
1780  6
1781  3
1782  1
1783  3
1784  2
1785  4
1786  1
1787  4
1788  1
1789  0
1790  1
1791  3
1792  5
1793  1
1794  5
1795  5
1796  3
1797  4
1798  0
1799  5
1800  2
1801  3
1802  0
1803  2
1804  5
1805  4
1806  3
1807  2
1808  0
1809  3
1810  3
1811  5
1812  4
1813  2
1814  2
1815  3
1816  5
1817  4
1818  4
1819  7
1820  7
1821  1
1822  4
1823  2
1824  6
1825  1
1826  3
1827  1
1828  2
1829  4
1830  8
1831  3
1832  14
1833  4
1834  3
1835  5
1836  5
1837  6
1838  7
1839  6
1840  9
1841  7
1842  1
1843  10
1844  11
1845  4
1846  9
1847  11
1848  14
1849  2
1850  8
1851  9
1852  11
1853  8
1854  12
1855  15
1856  5
1857  5
1858  5
1859  4
1860  12
1861  14
1862  12
1863  8
1864  14
1865  15
1866  13
1867  8
1868  15
1869  7
1870  21
1871  17
1872  10
1873  24
1874  14
1875  18
1876  28
1877  25
1878  23
1879  13
1880  25
1881  17
1882  16
1883  11
1884  20
1885  24
1886  23
1887  23
1888  24
1889  29
1890  19
1891  31
1892  29
1893  32
1894  18
1895  31
1896  28
1897  31
1898  27
1899  30
1900  28
1901  33
1902  24
1903  23
1904  30
1905  35
1906  31
1907  35
1908  22
1909  23
1910  33
1911  36
1912  32
1913  38
1914  30
1915  36
1916  39
1917  35
1918  36
1919  34
1920  31
1921  43
1922  43
1923  43
1924  47
1925  52
1926  52
1927  42
1928  58
1929  32
1930  40
1931  53
1932  36
1933  36
1934  43
1935  43
1936  44
1937  55
1938  51
1939  51
1940  55
1941  47
1942  49
1943  45
1944  52
1945  52
1946  55
1947  52
1948  56
1949  57
1950  45
1951  60
1952  46
1953  52
1954  46
1955  45
1956  56
1957  54
1958  47
1959  57
1960  57
1961  48
1962  47
1963  62
1964  67
1965  50
1966  58
1967  60
1968  61
1969  71
1970  52
1971  47
1972  54
1973  61
1974  56
1975  46
1976  47
1977  56
1978  56
1979  57
1980  57
1981  56
1982  59
1983  59
1984  55
1985  59
1986  57
1987  53
1988  60
1989  65
1990  53
1991  54
1992  60
1993  58
1994  51
1995  51
1996  59
1997  58
1998  70
1999  62
2000  63
2001  62
2002  53
2003  54
2004  71
2005  56
2006  53
2007  58
2008  62
2009  41
2010  56
2011  49
2012  65
2013  47
2014  70
2015  53
2016  60
2017  55
2018  54
2019  57
2020  52
2021  61
2022  47
2023  52
2024  65
2025  57
2026  54
2027  56
2028  54
2029  43
2030  62
2031  54
2032  74
2033  54
2034  44
2035  49
2036  49
2037  50
2038  56
2039  53
2040  55
2041  58
2042  46
2043  38
2044  44
2045  63
2046  63
2047  54
2048  44
2049  46
2050  53
2051  46
2052  36
2053  48
2054  41
2055  38
2056  46
2057  40
2058  53
2059  49
2060  51
2061  58
2062  56
2063  44
2064  43
2065  47
2066  55
2067  45
2068  53
2069  45
2070  51
2071  43
2072  45
2073  45
2074  37
2075  39
2076  43
2077  32
2078  31
2079  42
2080  34
2081  46
2082  55
2083  49
2084  36
2085  42
2086  38
2087  37
2088  36
2089  35
2090  37
2091  46
2092  51
2093  21
2094  29
2095  38
2096  36
2097  40
2098  38
2099  36
2100  52
2101  36
2102  37
2103  40
2104  42
2105  33
2106  25
2107  38
2108  31
2109  30
2110  37
2111  33
2112  29
2113  25
2114  38
2115  23
2116  20
2117  33
2118  27
2119  35
2120  28
2121  37
2122  27
2123  27
2124  22
2125  23
2126  28
2127  28
2128  39
2129  36
2130  30
2131  34
2132  30
2133  27
2134  29
2135  34
2136  30
2137  25
2138  23
2139  20
2140  27
2141  26
2142  16
2143  23
2144  26
2145  19
2146  20
2147  30
2148  27
2149  37
2150  27
2151  17
2152  34
2153  29
2154  28
2155  17
2156  24
2157  15
2158  27
2159  31
2160  21
2161  22
2162  26
2163  18
2164  30
2165  21
2166  20
2167  20
2168  22
2169  24
2170  15
2171  15
2172  25
2173  23
2174  17
2175  9
2176  28
2177  23
2178  20
2179  25
2180  26
2181  27
2182  25
2183  29
2184  25
2185  20
2186  16
2187  15
2188  15
2189  22
2190  25
2191  15
2192  19
2193  18
2194  18
2195  17
2196  16
2197  24
2198  16
2199  18
2200  16
2201  19
2202  18
2203  15
2204  19
2205  17
2206  15
2207  24
2208  19
2209  14
2210  18
2211  18
2212  9
2213  14
2214  9
2215  17
2216  13
2217  15
2218  15
2219  11
2220  11
2221  9
2222  10
2223  21
2224  12
2225  7
2226  13
2227  14
2228  14
2229  15
2230  12
2231  8
2232  18
2233  18
2234  11
2235  11
2236  13
2237  13
2238  15
2239  9
2240  9
2241  12
2242  25
2243  8
2244  19
2245  5
2246  18
2247  14
2248  16
2249  9
2250  16
2251  10
2252  15
2253  7
2254  12
2255  7
2256  14
2257  13
2258  9
2259  8
2260  3
2261  11
2262  12
2263  13
2264  11
2265  10
2266  10
2267  11
2268  9
2269  8
2270  7
2271  12
2272  11
2273  9
2274  7
2275  6
2276  11
2277  6
2278  8
2279  6
2280  20
2281  6
2282  11
2283  8
2284  8
2285  10
2286  9
2287  5
2288  6
2289  6
2290  16
2291  7
2292  10
2293  7
2294  5
2295  9
2296  9
2297  9
2298  13
2299  10
2300  10
2301  6
2302  7
2303  11
2304  4
2305  9
2306  11
2307  11
2308  9
2309  1
2310  9
2311  4
2312  3
2313  4
2314  2
2315  5
2316  8
2317  8
2318  4
2319  11
2320  4
2321  7
2322  7
2323  5
2324  7
2325  7
2326  9
2327  4
2328  5
2329  3
2330  3
2331  4
2332  3
2333  5
2334  5
2335  5
2336  7
2337  7
2338  9
2339  8
2340  5
2341  10
2342  5
2343  4
2344  7
2345  6
2346  9
2347  4
2348  9
2349  3
2350  5
2351  4
2352  6
2353  4
2354  5
2355  5
2356  2
2357  3
2358  6
2359  7
2360  8
2361  3
2362  3
2363  3
2364  7
2365  7
2366  3
2367  7
2368  7
2369  2
2370  12
2371  6
2372  7
2373  6
2374  7
2375  2
2376  5
2377  4
2378  4
2379  2
2380  4
2381  5
2382  5
2383  5
2384  4
2385  3
2386  2
2387  0
2388  3
2389  3
2390  6
2391  4
2392  2
2393  6
2394  5
2395  1
2396  3
2397  5
2398  6
2399  2
2400  2
2401  4
2402  2
2403  4
2404  7
2405  2
2406  4
2407  5
2408  3
2409  1
2410  4
2411  2
2412  6
2413  3
2414  4
2415  6
2416  3
2417  2
2418  3
2419  1
2420  0
2421  0
2422  3
2423  5
2424  6
2425  3
2426  1
2427  0
2428  5
2429  0
2430  2
2431  4
2432  3
2433  0
2434  2
2435  7
2436  4
2437  4
2438  2
2439  3
2440  3
2441  5
2442  2
2443  4
2444  3
2445  1
2446  4
2447  2
2448  1
2449  5
2450  4
2451  2
2452  5
2453  2
2454  4
2455  5
2456  3
2457  3
2458  0
2459  3
2460  1
2461  2
2462  5
2463  1
2464  2
2465  3
2466  2
2467  1
2468  2
2469  3
2470  2
2471  4
2472  1
2473  2
2474  4
2475  2
2476  3
2477  2
2478  5
2479  3
2480  4
2481  2
2482  0
2483  3
2484  0
2485  2
2486  1
2487  3
2488  2
2489  1
2490  2
2491  1
2492  0
2493  2
2494  1
2495  1
2496  3
2497  1
2498  1
2499  0
2500  5
2501  1
2502  4
2503  2
2504  2
2505  1
2506  1
2507  6
2508  0
2509  1
2510  2
2511  2
2512  3
2513  0
2514  1
2515  1
2516  1
2517  3
2518  1
2519  1
2520  1
2521  0
2522  1
2523  1
2524  0
2525  2
2526  3
2527  2
2528  1
2529  3
2530  2
2531  0
2532  2
2533  2
2534  3
2535  1
2536  3
2537  1
2538  1
2539  2
2540  1
2541  1
2542  1
2543  0
2544  0
2545  1
2546  0
2547  0
2548  1
2549  2
2550  2
2551  1
2552  1
2553  2
2554  3
2555  2
2556  1
2557  4
2558  1
2559  1
2560  1
2561  0
2562  2
2563  1
2564  3
2565  2
2566  1
2567  2
2568  1
2569  1
2570  1
2571  2
2572  0
2573  2
2574  3
2575  0
2576  2
2577  2
2578  0
2579  2
2580  1
2581  2
2582  1
2583  1
2584  1
2585  0
2586  0
2587  2
2588  0
2589  1
2590  0
2591  1
2592  0
2593  2
2594  0
2595  0
2596  0
2597  4
2598  0
2599  1
2600  2
2601  1
2602  1
2603  0
2604  0
2605  1
2606  2
2607  0
2608  1
2609  0
2610  0
2611  1
2612  1
2613  4
2614  0
2615  1
2616  1
2617  2
2618  1
2619  0
2620  1
2621  1
2622  0
2623  0
2624  3
2625  0
2626  0
2627  2
2628  2
2629  1
2630  0
2631  1
2632  1
2633  0
2634  2
2635  1
2636  1
2637  2
2638  0
2639  1
2640  0
2641  0
2642  1
2643  0
2644  0
2645  0
2646  0
2647  3
2648  1
2649  2
2650  1
2651  0
2652  1
2653  1
2654  1
2655  2
2656  0
2657  0
2658  0
2659  0
2660  1
2661  1
2662  1
2663  0
2664  1
2665  0
2666  0
2667  1
2668  0
2669  2
2670  2
2671  1
2672  1
2673  4
2674  1
2675  1
2676  0
2677  0
2678  0
2679  2
2680  1
2681  1
2682  0
2683  2
2684  0
2685  2
2686  0
2687  1
2688  1
2689  0
2690  1
2691  2
2692  1
2693  0
2694  0
2695  2
2696  1
2697  1
2698  0
2699  0
2700  1
2701  0
2702  2
2703  1
2704  0
2705  1
2706  1
2707  1
2708  1
2709  0
2710  0
2711  0
2712  1
2713  0
2714  0
2715  0
2716  0
2717  0
2718  1
2719  1
2720  1
2721  2
2722  0
2723  0
2724  0
2725  1
2726  0
2727  1
2728  2
2729  1
2730  2
2731  0
2732  0
2733  1
2734  0
2735  0
2736  0
2737  3
2738  0
2739  1
2740  1
2741  0
2742  0
2743  1
2744  1
2745  1
2746  1
2747  0
2748  1
2749  0
2750  0
2751  0
2752  0
2753  0
2754  0
2755  1
2756  1
2757  1
2758  0
2759  0
2760  1
2761  0
2762  1
2763  0
2764  0
2765  1
2766  0
2767  1
2768  2
2769  1
2770  2
2771  0
2772  2
2773  1
2774  0
2775  0
2776  0
2777  0
2778  0
2779  2
2780  1
2781  0
2782  1
2783  0
2784  1
2785  0
2786  0
2787  0
2788  0
2789  2
2790  1
2791  0
2792  0
2793  2
2794  0
2795  0
2796  0
2797  0
2798  0
2799  0
2800  0
2801  0
2802  0
2803  0
2804  1
2805  1
2806  1
2807  0
2808  0
2809  0
2810  0
2811  0
2812  0
2813  2
2814  2
2815  0
2816  0
2817  1
2818  0
2819  1
2820  1
2821  0
2822  1
2823  0
2824  0
2825  0
2826  0
2827  0
2828  0
2829  0
2830  0
2831  1
2832  1
2833  0
2834  1
2835  0
2836  0
2837  0
2838  0
2839  1
2840  0
2841  1
2842  0
2843  0
2844  0
2845  0
2846  1
2847  0
2848  1
2849  0
2850  2
2851  0
2852  1
2853  0
2854  0
2855  2
2856  0
2857  1
2858  1
2859  0
2860  0
2861  1
2862  1
2863  0
2864  0
2865  0
2866  0
2867  0
2868  0
2869  0
2870  1
2871  0
2872  0
2873  0
2874  0
2875  0
2876  0
2877  2
2878  0
2879  0
2880  1
2881  0
2882  0
2883  0
2884  0
2885  0
2886  0
2887  0
2888  2
2889  0
2890  0
2891  0
2892  1
2893  0
2894  0
2895  0
2896  0
2897  0
2898  0
2899  0
2900  0
2901  0
2902  1
2903  0
2904  1
2905  0
2906  0
2907  0
2908  1
2909  0
2910  1
2911  0
2912  0
2913  0
2914  0
2915  1
2916  1
2917  0
2918  0
2919  0
2920  1
2921  1
2922  0
2923  0
2924  2
2925  0
2926  0
2927  0
2928  0
2929  0
2930  0
2931  0
2932  0
2933  0
2934  0
2935  0
2936  0
2937  0
2938  0
2939  1
2940  0
2941  0
2942  0
2943  0
2944  0
2945  0
2946  0
2947  0
2948  0
2949  0
2950  0
2951  0
2952  0
2953  0
2954  0
2955  0
2956  0
2957  0
2958  1
2959  0
2960  0
2961  1
2962  0
2963  0
2964  0
2965  0
2966  0
2967  0
2968  0
2969  0
2970  0
2971  0
2972  1
2973  0
2974  0
2975  0
2976  0
2977  1
2978  0
2979  0
2980  0
2981  0
2982  0
2983  0
2984  0
2985  0
2986  1
2987  0
2988  0
2989  0
2990  2
2991  0
2992  0
2993  0
2994  1
2995  0
2996  0
2997  0
2998  1
2999  0
3000  0
3001  1
3002  0
3003  0
3004  0
3005  0
3006  0
3007  0
3008  0
3009  1
3010  0
3011  0
3012  0
3013  2
3014  0
3015  0
3016  0
3017  0
3018  0
3019  0
3020  0
3021  0
3022  0
3023  1
3024  1
3025  0
3026  0
3027  0
3028  0
3029  0
3030  0
3031  0
3032  0
3033  1
3034  0
3035  0
3036  0
3037  1
3038  0
3039  0
3040  1
3041  0
3042  0
3043  1
3044  0
3045  0
3046  1
3047  0
3048  0
3049  0
3050  1
3051  0
3052  0
3053  0
3054  1
3055  1
3056  0
3057  0
3058  0
3059  0
3060  0
3061  0
3062  1
3063  0
3064  0
3065  0
3066  0
3067  0
3068  0
3069  0
3070  0
3071  0
3072  0
3073  0
3074  0
3075  0
3076  0
3077  0
3078  0
3079  0
3080  0
3081  0
3082  0
3083  0
3084  0
3085  0
3086  0
3087  0
3088  1
3089  0
3090  0
3091  0
3092  0
3093  0
3094  0
3095  0
3096  0
3097  0
3098  0
3099  1
3100  0
3101  0
3102  0
3103  1
3104  0
3105  1
3106  0
3107  1
3108  0
3109  0
3110  0
3111  1
3112  0
3113  0
3114  0
3115  0
3116  0
3117  0
3118  1
3119  0
3120  0
3121  0
3122  0
3123  0
3124  1
3125  0
3126  0
3127  0
3128  0
3129  0
3130  0
3131  0
3132  0
3133  1
3134  0
3135  0
3136  0
3137  1
3138  1
3139  0
3140  0
3141  1
3142  0
3143  0
3144  0
3145  0
3146  0
3147  0
3148  0
3149  0
3150  0
3151  0
3152  0
3153  1
3154  0
3155  0
3156  0
3157  0
3158  1
3159  0
3160  0
3161  0
3162  0
3163  0
3164  0
3165  0
3166  0
3167  0
3168  0
3169  0
3170  0
3171  0
3172  0
3173  0
3174  0
3175  0
3176  0
3177  0
3178  0
3179  0
3180  0
3181  0
3182  0
3183  1
3184  1
3185  1
3186  0
3187  0
3188  0
3189  0
3190  0
3191  0
3192  1
3193  0
3194  0
3195  0
3196  0
3197  0
3198  0
3199  0
3200  0
3201  0
3202  0
3203  0
3204  0
3205  0
3206  0
3207  0
3208  1
3209  0
3210  0
3211  0
3212  0
3213  0
3214  0
3215  0
3216  0
3217  0
3218  0
3219  0
3220  1
3221  0
3222  0
3223  0
3224  0
3225  1
3226  1
3227  0
3228  0
3229  0
3230  0
3231  0
3232  0
3233  0
3234  0
3235  0
3236  0
3237  0
3238  0
3239  0
3240  0
3241  0
3242  0
3243  0
3244  0
3245  0
3246  0
3247  0
3248  0
3249  0
3250  0
3251  0
3252  0
3253  0
3254  0
3255  0
3256  0
3257  0
3258  0
3259  0
3260  0
3261  1
3262  0
3263  0
3264  0
3265  0
3266  1
3267  0
3268  0
3269  1
3270  0
3271  0
3272  0
3273  0
3274  0
3275  0
3276  0
3277  0
3278  0
3279  0
3280  0
3281  1
3282  0
3283  1
3284  0
3285  0
3286  0
3287  1
3288  1
3289  0
3290  0
3291  0
3292  0
3293  0
3294  1
3295  0
3296  0
3297  0
3298  0
3299  0
3300  1
3301  0
3302  0
3303  0
3304  0
3305  0
3306  0
3307  0
3308  0
3309  0
3310  0
3311  0
3312  0
3313  1
3314  0
3315  0
3316  0
3317  0
3318  0
3319  0
3320  0
3321  0
3322  0
3323  0
3324  0
3325  0
3326  0
3327  0
3328  0
3329  0
3330  0
3331  0
3332  0
3333  0
3334  0
3335  0
3336  0
3337  0
3338  0
3339  0
3340  0
3341  0
3342  0
3343  0
3344  0
3345  0
3346  0
3347  0
3348  0
3349  0
3350  0
3351  0
3352  0
3353  0
3354  0
3355  0
3356  0
3357  0
3358  0
3359  0
3360  0
3361  0
3362  0
3363  1
3364  0
3365  0
3366  0
3367  0
3368  0
3369  0
3370  1
3371  0
3372  1
3373  0
3374  0
3375  0
3376  0
3377  0
3378  0
3379  0
3380  0
3381  0
3382  0
3383  0
3384  0
3385  0
3386  0
3387  0
3388  1
3389  0
3390  0
3391  0
3392  0
3393  0
3394  0
3395  0
3396  0
3397  0
3398  0
3399  0
3400  0
3401  0
3402  0
3403  0
3404  0
3405  0
3406  0
3407  0
3408  0
3409  0
3410  0
3411  0
3412  0
3413  0
3414  0
3415  0
3416  0
3417  0
3418  0
3419  0
3420  0
3421  0
3422  0
3423  0
3424  0
3425  0
3426  0
3427  1
3428  0
3429  0
3430  0
3431  0
3432  0
3433  0
3434  0
3435  0
3436  0
3437  0
3438  0
3439  0
3440  0
3441  0
3442  0
3443  0
3444  0
3445  0
3446  0
3447  0
3448  0
3449  1
3450  0
3451  0
3452  1
3453  0
3454  1
3455  0
3456  0
3457  0
3458  0
3459  0
3460  1
3461  0
3462  0
3463  1
3464  1
3465  1
3466  0
3467  0
3468  0
3469  0
3470  0
3471  0
3472  0
3473  0
3474  0
3475  0
3476  0
3477  0
3478  0
3479  0
3480  0
3481  0
3482  0
3483  0
3484  0
3485  0
3486  0
3487  0
3488  0
3489  0
3490  0
3491  0
3492  0
3493  0
3494  0
3495  0
3496  0
3497  0
3498  0
3499  0
3500  0
3501  0
3502  0
3503  0
3504  0
3505  0
3506  0
3507  0
3508  0
3509  0
3510  0
3511  0
3512  0
3513  0
3514  0
3515  0
3516  0
3517  0
3518  0
3519  0
3520  0
3521  0
3522  0
3523  1
3524  0
3525  0
3526  0
3527  0
3528  0
3529  0
3530  0
3531  0
3532  0
3533  0
3534  0
3535  0
3536  0
3537  0
3538  0
3539  0
3540  0
3541  0
3542  0
3543  0
3544  0
3545  0
3546  0
3547  0
3548  0
3549  0
3550  1
3551  0
3552  0
3553  0
3554  0
3555  0
3556  0
3557  0
3558  1
3559  0
3560  0
3561  0
3562  0
3563  0
3564  0
3565  0
3566  0
3567  0
3568  1
3569  0
3570  0
3571  0
3572  1
3573  0
3574  0
3575  0
3576  0
3577  0
3578  0
3579  0
3580  0
3581  0
3582  0
3583  0
3584  0
3585  0
3586  0
3587  0
3588  0
3589  0
3590  0
3591  0
3592  0
3593  0
3594  0
3595  0
3596  0
3597  0
3598  0
3599  0
3600  0
3601  0
3602  0
3603  0
3604  0
3605  0
3606  0
3607  0
3608  0
3609  0
3610  0
3611  0
3612  0
3613  0
3614  0
3615  0
3616  0
3617  0
3618  0
3619  0
3620  0
3621  0
3622  0
3623  0
3624  0
3625  0
3626  0
3627  0
3628  0
3629  0
3630  0
3631  0
3632  0
3633  0
3634  0
3635  0
3636  0
3637  0
3638  0
3639  0
3640  0
3641  0
3642  0
3643  0
3644  0
3645  0
3646  0
3647  0
3648  0
3649  0
3650  0
3651  0
3652  0
3653  0
3654  0
3655  0
3656  0
3657  0
3658  0
3659  0
3660  0
3661  0
3662  0
3663  0
3664  0
3665  0
3666  0
3667  0
3668  0
3669  0
3670  0
3671  0
3672  0
3673  0
3674  0
3675  0
3676  0
3677  0
3678  0
3679  0
3680  0
3681  0
3682  0
3683  0
3684  0
3685  0
3686  0
3687  0
3688  0
3689  0
3690  0
3691  0
3692  0
3693  0
3694  0
3695  0
3696  0
3697  0
3698  0
3699  0
3700  0
3701  0
3702  0
3703  0
3704  0
3705  0
3706  0
3707  0
3708  0
3709  0
3710  0
3711  0
3712  0
3713  0
3714  0
3715  0
3716  0
3717  0
3718  0
3719  0
3720  0
3721  0
3722  0
3723  0
3724  0
3725  0
3726  0
3727  0
3728  0
3729  0
3730  0
3731  0
3732  0
3733  0
3734  0
3735  0
3736  0
3737  0
3738  0
3739  0
3740  0
3741  0
3742  0
3743  0
3744  0
3745  0
3746  0
3747  0
3748  0
3749  0
3750  0
3751  0
3752  0
3753  0
3754  0
3755  0
3756  0
3757  0
3758  0
3759  0
3760  0
3761  0
3762  0
3763  0
3764  0
3765  0
3766  0
3767  0
3768  0
3769  0
3770  0
3771  0
3772  0
3773  0
3774  0
3775  0
3776  0
3777  1
3778  0
3779  0
3780  0
3781  0
3782  0
3783  0
3784  0
3785  0
3786  0
3787  0
3788  0
3789  0
3790  0
3791  0
3792  0
3793  0
3794  0
3795  0
3796  0
3797  0
3798  0
3799  0
3800  0
3801  0
3802  0
3803  0
3804  0
3805  0
3806  0
3807  0
3808  0
3809  0
3810  0
3811  0
3812  0
3813  0
3814  0
3815  0
3816  0
3817  0
3818  0
3819  0
3820  0
3821  0
3822  0
3823  0
3824  0
3825  0
3826  0
3827  0
3828  0
3829  0
3830  0
3831  0
3832  0
3833  0
3834  0
3835  0
3836  0
3837  0
3838  0
3839  0
3840  0
3841  0
3842  0
3843  0
3844  0
3845  0
3846  0
3847  0
3848  0
3849  0
3850  0
3851  0
3852  0
3853  0
3854  0
3855  0
3856  0
3857  0
3858  0
3859  0
3860  0
3861  0
3862  0
3863  0
3864  0
3865  0
3866  0
3867  0
3868  0
3869  0
3870  0
3871  0
3872  0
3873  0
3874  0
3875  0
3876  0
3877  0
3878  0
3879  0
3880  0
3881  0
3882  0
3883  0
3884  0
3885  0
3886  0
3887  0
3888  0
3889  0
3890  0
3891  0
3892  0
3893  0
3894  0
3895  0
3896  0
3897  0
3898  0
3899  0
3900  0
3901  0
3902  0
3903  0
3904  0
3905  0
3906  0
3907  0
3908  0
3909  0
3910  0
3911  0
3912  0
3913  0
3914  0
3915  0
3916  0
3917  0
3918  0
3919  0
3920  0
3921  0
3922  0
3923  0
3924  0
3925  0
3926  0
3927  0
3928  0
3929  0
3930  0
3931  0
3932  0
3933  0
3934  0
3935  0
3936  0
3937  0
3938  0
3939  0
3940  0
3941  0
3942  0
3943  0
3944  0
3945  0
3946  0
3947  0
3948  0
3949  0
3950  0
3951  0
3952  0
3953  0
3954  0
3955  0
3956  0
3957  0
3958  0
3959  0
3960  0
3961  0
3962  0
3963  0
3964  0
3965  0
3966  0
3967  0
3968  0
3969  0
3970  0
3971  0
3972  0
3973  0
3974  0
3975  0
3976  0
3977  0
3978  0
3979  0
3980  0
3981  0
3982  0
3983  0
3984  0
3985  0
3986  0
3987  0
3988  0
3989  0
3990  0
3991  0
3992  0
3993  0
3994  0
3995  0
3996  0
3997  0
3998  0
3999  0
4000  0
4001  0
4002  0
4003  0
4004  0
4005  0
4006  0
4007  0
4008  0
4009  0
4010  0
4011  0
4012  0
4013  0
4014  0
4015  0
4016  0
4017  0
4018  0
4019  0
4020  0
4021  0
4022  0
4023  0
4024  0
4025  0
4026  0
4027  0
4028  0
4029  0
4030  0
4031  0
4032  0
4033  0
4034  0
4035  0
4036  0
4037  0
4038  0
4039  0
4040  0
4041  0
4042  0
4043  0
4044  0
4045  0
4046  0
4047  0
4048  0
4049  0
4050  0
4051  0
4052  0
4053  0
4054  0
4055  0
4056  0
4057  0
4058  0
4059  0
4060  0
4061  0
4062  0
4063  0
4064  0
4065  0
4066  0
4067  0
4068  0
4069  0
4070  0
4071  0
4072  0
4073  0
4074  0
4075  0
4076  0
4077  0
4078  0
4079  0
4080  0
4081  0
4082  0
4083  0
4084  0
4085  0
4086  0
4087  0
4088  0
4089  0
4090  0
4091  0
4092  0
4093  0
4094  0
4095  0
