 0000103 0000020 0000000 0004095 1040720 0173923
00000000000000000000000000000000000000000000000000000000000000000000000000000000
00000000000000000000000000000000000000000000000000000000000000000000000000000000
00000000000000000000000000000000000000000000000000000000000000000000000000000000
00000000000000000000000000000000000000000000000000000000000000000000000000000000
00000000000000000000000000000000000000000000000000000000000000000000000000000000
00000000000000000000000000000000000000000000000000000000000000000000000000000000
00000000000000000000000000000000000000000000000000000000000000000000000000000000
00000000000000000000000000000000000000000000000000000000000000000000000000000000
00000000000000000000000000000000000000000000000000000000000000000000000000000000
00000000000000000000000000000000000000000000000000000000000000000000000000000000
00000000000000000000000000000000000000000000000000000000000000000000000000000000
00000000000000000000000000000000000000000000000000000000000000000000000000000000
00000000000000000000000000000000000000000000000000000000000000000000000000000000
00000000000000000000000000000000000000000000000000000000000000000000000000000000
00000000000000000000000000000000000000000000000000000000000000000000000000000000
00000000000000010000000000000000000000000000000000000000000000000000000000000000
00000000000000000000000000000000000000000000000000000000000000000000000000000000
00000000000000000000000000000000000000000000000000000000000000000000000000000000
00000000000000000000000000000000000000000000000000000000000000000000000000000000
00000000000000000000000000000001000000000000000000000000000000010000000100000001
00000000000000010000000500000004000000050000001900000032000000560000009800000155
00000251000003030000041700000545000006480000080000000842000009570000099500001042
00001037000010230000102200000993000010140000096600000944000009280000092700000938
00000965000009640000086500000916000008720000085700000857000008310000082300000839
00000816000008500000084900000838000008200000076000000805000007800000076800000722
00000763000007870000076100000714000007020000070700000672000007110000066500000696
00000707000006890000064900000638000007020000066200000668000006310000060600000644
00000593000005950000060000000586000005600000061500000595000006130000056600000596
00000563000005970000056200000579000005550000055600000491000005230000055000000563
00000509000005400000057100000500000005350000048900000482000005020000053800000498
00000504000004770000049500000493000004830000049800000477000005100000050900000444
00000448000004610000050300000469000004830000044700000472000004480000043600000503
00000463000004510000040600000496000004480000049000000452000004560000044400000466
00000468000004580000045900000410000004040000041900000398000004480000043300000391
00000412000003970000041900000386000003750000040700000368000003890000036600000362
00000350000003710000035700000350000003430000035500000379000003630000033100000345
00000332000003330000032600000298000003520000032600000320000003100000030300000335
00000302000003080000030600000322000002830000029700000278000003070000029500000307
00000284000002950000028600000275000002910000028700000268000002990000026400000282
00000300000002740000028900000264000002930000026600000265000002760000028500000260
00000260000002670000028500000283000002810000028800000257000002530000024900000269
00000277000002670000024700000265000002550000024500000266000002710000023700000259
00000252000002470000027600000239000002700000024700000274000002470000023900000239
00000258000002680000028100000218000002490000024800000226000002400000023400000227
00000216000002520000025300000251000002410000024500000234000002270000024100000247
00000237000002490000022900000222000002410000025100000233000002380000024100000230
00000219000002200000023300000240000002170000020200000217000002200000023200000255
00000208000002240000021700000243000001930000020400000231000002110000021700000233
00000251000002260000022300000199000001980000023300000209000002040000022800000211
00000224000002290000022300000195000002190000021400000203000002320000022500000214
00000242000002040000021800000213000002140000018600000240000001870000020400000221
00000202000001980000019300000219000001920000019400000217000001920000018300000231
00000218000001880000020500000205000001930000018000000198000002020000019300000195
00000210000001890000017200000194000001760000019100000188000001750000020000000174
00000182000001740000017600000181000001870000018700000176000001930000016400000183
00000184000001820000016000000159000001910000015500000160000001590000016200000150
00000161000001770000017600000170000001570000015800000158000001500000016300000150
00000161000001500000015000000147000001480000016600000154000001650000014400000151
00000153000001390000014100000154000001330000014100000114000001550000012900000143
00000154000001510000013700000132000001720000012600000144000001320000015900000159
00000127000001540000012500000149000001320000015600000116000001330000016000000129
00000141000001180000012900000152000001270000013800000144000001330000013700000128
00000140000001070000012100000115000001230000011600000133000001050000011800000115
00000106000001260000012300000103000001020000010800000115000001040000009400000105
00000104000001220000010300000080000001180000009200000083000000840000007900000095
00000091000001040000009000000092000000790000008200000092000000740000006500000077
00000073000000940000007400000077000000610000007200000073000000760000006800000078
00000063000000680000004600000065000000490000005800000048000000480000005600000048
00000047000000580000005500000041000000550000004800000048000000480000003600000042
00000035000000430000003700000040000000390000003200000042000000240000003900000022
00000036000000300000003000000020000000230000002700000027000000160000002500000020
00000022000000150000002100000016000000200000002100000020000000220000001600000019
00000026000000150000001500000015000000130000001100000020000000090000001400000024
00000018000000200000001700000014000000110000001700000022000000120000001800000016
00000014000000170000001100000010000000190000001000000014000000080000001100000011
00000014000000130000001700000012000000070000001000000009000000050000000800000007
00000009000000210000001000000009000000090000001100000012000000100000001200000007
00000007000000080000000700000008000000080000000800000010000000080000000800000012
00000010000000130000001400000003000000150000000600000009000000050000001300000008
00000012000000070000000400000013000000130000000600000014000000080000000800000005
00000006000000090000001100000005000000060000000500000012000000070000000800000003
00000009000000080000000800000004000000070000001100000011000000070000000800000007
00000002000000070000000700000009000000040000000700000015000000140000000700000006
00000007000000150000001400000003000000030000000600000006000000080000000600000007
00000005000000060000000900000004000000050000000800000006000000060000000200000007
00000010000000060000000300000006000000050000000700000004000000050000000800000005
00000012000000100000000200000004000000070000000600000005000000120000000900000004
00000006000000050000000200000007000000090000000800000005000000040000000300000006
00000007000000070000000600000005000000040000000500000003000000030000000600000009
00000004000000030000000400000003000000050000000700000002000000040000000700000004
00000002000000030000000000000005000000050000000400000003000000040000000400000003
00000003000000020000000200000005000000050000000100000005000000060000000200000006
00000003000000020000000400000004000000020000000300000002000000010000000200000009
00000003000000080000000100000001000000050000000600000003000000020000000300000003
00000002000000020000000100000004000000030000000300000002000000040000000000000000
00000004000000020000000400000001000000040000000200000006000000020000000200000002
00000003000000040000000400000001000000020000000700000003000000040000000500000004
00000002000000000000000100000001000000020000000300000002000000010000000300000001
00000003000000020000000300000004000000010000000700000005000000040000000300000002
00000005000000010000000400000001000000040000000200000003000000000000000000000003
00000002000000020000000100000001000000010000000200000001000000050000000400000001
00000002000000050000000300000002000000010000000200000002000000030000000300000001
00000003000000000000000000000002000000010000000300000001000000010000000400000001
00000001000000010000000100000001000000070000000000000001000000000000000200000001
00000000000000040000000300000002000000010000000000000002000000010000000100000001
00000001000000030000000000000001000000010000000300000003000000000000000000000001
00000001000000010000000000000001000000000000000100000001000000020000000000000002
00000000000000030000000100000001000000010000000200000000000000000000000000000000
00000002000000010000000000000001000000000000000200000001000000000000000100000000
00000001000000010000000100000003000000010000000000000001000000000000000100000001
00000001000000010000000200000000000000020000000000000000000000000000000100000001
00000001000000030000000100000001000000000000000200000001000000000000000200000000
00000000000000000000000000000000000000000000000000000001000000010000000000000000
00000001000000000000000000000000000000000000000000000002000000020000000100000000
00000001000000000000000100000000000000010000000200000000000000000000000100000001
00000000000000010000000200000000000000010000000000000001000000010000000100000002
00000001000000020000000200000003000000000000000000000001000000010000000100000000
00000001000000000000000000000000000000000000000000000001000000000000000100000001
00000000000000000000000000000000000000010000000000000001000000000000000000000001
00000000000000010000000100000000000000020000000100000001000000020000000100000000
00000000000000000000000200000001000000020000000200000001000000010000000300000002
00000000000000010000000000000000000000000000000000000001000000000000000000000000
00000000000000010000000300000000000000000000000200000001000000010000000000000001
00000002000000000000000100000000000000020000000000000000000000000000000000000002
00000001000000000000000000000001000000020000000100000000000000020000000100000001
00000000000000020000000100000001000000010000000100000000000000040000000000000001
00000001000000000000000000000000000000000000000000000001000000000000000100000002
00000000000000010000000000000001000000000000000000000002000000020000000100000000
00000001000000000000000000000004000000010000000100000000000000000000000000000002
00000000000000000000000000000000000000010000000500000001000000000000000100000001
00000000000000000000000100000001000000000000000100000002000000010000000000000000
00000001000000020000000000000000000000010000000000000000000000010000000000000000
00000000000000000000000000000001000000000000000000000000000000000000000100000001
00000000000000000000000000000000000000010000000200000000000000000000000000000003
00000002000000010000000000000000000000000000000300000000000000000000000100000000
00000001000000000000000100000000000000000000000000000002000000000000000000000000
00000000000000000000000000000000000000020000000000000000000000000000000000000000
00000000000000020000000000000002000000030000000200000000000000000000000000000000
00000000000000000000000200000001000000000000000000000001000000010000000200000002
00000001000000020000000000000003000000000000000100000000000000000000000000000000
00000000000000030000000100000002000000010000000000000000000000000000000100000000
00000000000000010000000000000002000000010000000000000000000000000000000100000002
00000000000000020000000100000000000000010000000000000001000000000000000000000000
00000001000000000000000000000000000000010000000000000001000000000000000100000000
00000001000000010000000100000000000000010000000000000001000000010000000000000000
00000000000000000000000000000001000000000000000400000001000000020000000000000002
00000001000000000000000000000000000000010000000100000001000000000000000000000000
00000003000000000000000000000000000000000000000100000000000000020000000000000001
00000001000000000000000000000000000000010000000100000000000000000000000000000000
00000003000000010000000000000000000000010000000000000001000000010000000000000001
00000001000000020000000000000001000000020000000000000000000000000000000000000001
00000000000000000000000100000001000000000000000000000002000000000000000000000000
00000001000000000000000000000001000000020000000000000000000000010000000100000001
00000000000000010000000100000001000000000000000200000001000000020000000100000000
00000001000000000000000000000002000000010000000100000001000000020000000200000001
00000000000000000000000100000000000000000000000000000002000000000000000100000001
00000000000000010000000100000001000000010000000100000001000000010000000100000000
00000002000000010000000000000000000000000000000100000001000000000000000000000000
00000000000000000000000000000001000000010000000000000001000000050000000000000002
00000000000000000000000100000002000000010000000100000000000000000000000000000001
00000001000000010000000000000001000000000000000300000002000000000000000000000001
00000002000000000000000100000000000000010000000100000000000000000000000000000001
00000000000000020000000000000001000000000000000200000000000000010000000000000001
00000000000000010000000200000001000000010000000000000000000000000000000000000001
00000000000000000000000100000001000000010000000100000002000000010000000000000003
00000000000000000000000100000001000000010000000000000000000000010000000100000000
00000001000000010000000200000001000000000000000200000000000000000000000100000001
00000000000000010000000000000002000000000000000200000001000000000000000100000000
00000001000000010000000100000001000000000000000100000000000000000000000000000000
00000001000000010000000100000001000000020000000100000000000000000000000000000001
00000001000000010000000200000000000000010000000100000001000000000000000100000000
00000000000000010000000000000004000000010000000000000001000000000000000000000000
00000000000000010000000100000000000000020000000000000000000000010000000100000000
00000001000000000000000200000001000000030000000200000000000000010000000000000000
00000000000000010000000100000000000000000000000100000001000000010000000000000001
00000000000000000000000000000000000000010000000300000003000000000000000000000001
00000003000000000000000200000001000000010000000100000000000000000000000100000000
00000000000000000000000100000000000000000000000200000000000000000000000100000000
00000000000000000000000100000000000000000000000000000000000000020000000100000000
00000001000000010000000000000001000000000000000100000000000000010000000000000001
00000001000000000000000000000002000000010000000300000000000000010000000200000000
00000001000000000000000100000000000000000000000100000000000000000000000100000001
00000000000000000000000000000000000000010000000200000000000000020000000100000001
00000000000000010000000000000000000000010000000100000000000000020000000100000000
00000000000000000000000000000001000000010000000000000000000000000000000100000000
00000001000000010000000100000003000000020000000100000001000000010000000200000001
00000002000000000000000100000001000000000000000100000001000000030000000000000001
00000001000000020000000000000002000000010000000000000001000000000000000000000002
00000001000000010000000200000000000000000000000200000000000000020000000000000000
00000001000000000000000000000001000000010000000100000000000000000000000100000000
00000001000000010000000100000000000000000000000000000001000000010000000000000002
00000000000000010000000100000001000000010000000100000001000000010000000000000000
00000000000000010000000200000000000000010000000000000000000000000000000000000000
00000002000000000000000000000000000000000000000000000000000000000000000000000000
00000000000000010000000100000001000000000000000100000000000000000000000000000002
00000001000000000000000000000001000000000000000200000000000000000000000000000000
00000000000000020000000000000001000000010000000100000001000000020000000100000000
00000001000000010000000000000000000000010000000100000001000000010000000000000000
00000001000000010000000000000001000000010000000100000001000000000000000000000000
00000001000000010000000000000000000000000000000100000000000000000000000000000002
00000000000000000000000000000000000000010000000000000000000000020000000100000000
00000000000000000000000100000000000000000000000000000000000000010000000000000002
00000000000000000000000100000000000000020000000100000000000000010000000000000003
00000000000000020000000000000001000000010000000100000001000000010000000100000000
00000000000000010000000000000001000000010000000000000001000000020000000200000000
00000000000000000000000000000000000000010000000000000001000000000000000100000000
00000001000000000000000000000001000000010000000000000001000000000000000000000001
00000000000000010000000000000000000000010000000000000002000000000000000000000000
00000000000000000000000000000000000000010000000000000000000000010000000000000000
00000002000000020000000000000000000000010000000100000000000000000000000000000001
00000001000000010000000100000001000000000000000000000002000000000000000100000001
00000000000000020000000000000000000000020000000000000000000000010000000200000001
00000000000000000000000000000000000000010000000100000001000000020000000000000001
00000000000000010000000000000001000000010000000100000000000000010000000100000000
00000002000000000000000000000000000000000000000000000000000000000000000100000000
00000000000000000000000000000000000000000000000100000001000000000000000000000000
00000001000000000000000000000001000000010000000000000001000000010000000000000000
00000002000000000000000100000000000000010000000100000001000000010000000200000000
00000000000000020000000000000001000000010000000200000000000000000000000100000000
00000001000000010000000000000001000000010000000000000001000000000000000000000001
00000001000000000000000000000000000000000000000000000001000000000000000000000000
00000000000000010000000100000000000000010000000100000000000000020000000000000000
00000000000000000000000000000000000000000000000100000001000000000000000100000001
00000000000000000000000000000001000000000000000100000000000000000000000000000001
00000000000000010000000000000000000000000000000000000000000000000000000000000002
00000000000000010000000000000000000000000000000000000000000000000000000000000000
00000000000000000000000000000001000000000000000000000001000000000000000300000000
00000001000000000000000100000000000000010000000000000000000000010000000000000000
00000000000000000000000000000000000000020000000000000000000000000000000100000000
00000000000000000000000000000002000000000000000000000000000000010000000100000000
00000000000000000000000100000000000000010000000100000001000000000000000000000000
00000000000000010000000100000000000000000000000000000000000000020000000000000001
00000001000000030000000000000000000000030000000000000000000000010000000000000001
00000001000000000000000000000000000000000000000100000000000000000000000000000000
00000000000000000000000000000000000000000000000100000001000000000000000000000000
00000000000000010000000000000000000000000000000000000000000000000000000000000001
00000000000000000000000000000000000000010000000100000000000000010000000100000000
00000000000000010000000100000002000000000000000200000000000000000000000100000001
00000000000000000000000300000000000000000000000100000000000000000000000000000000
00000000000000000000000000000000000000020000000200000000000000000000000000000000
00000000000000000000000100000001000000000000000000000000000000000000000000000000
00000000000000010000000000000000000000000000000100000000000000000000000000000000
00000000000000000000000000000000000000020000000000000001000000010000000000000000
00000002000000000000000000000000000000000000000000000000000000000000000000000000
00000000000000000000000100000000000000000000000000000000000000000000000100000000
00000001000000000000000000000000000000000000000100000000000000000000000000000000
00000000000000000000000000000000000000000000000000000000000000000000000000000002
00000000000000020000000000000000000000010000000100000001000000000000000100000002
00000000000000000000000000000001000000000000000000000000000000000000000000000003
00000001000000030000000000000000000000010000000000000000000000000000000000000001
00000001000000000000000000000000000000000000000000000000000000000000000000000001
00000000000000020000000100000000000000000000000000000000000000000000000000000000
00000001000000000000000100000000000000000000000100000001000000000000000000000001
00000000000000010000000000000000000000000000000000000000000000000000000000000000
00000001000000010000000100000001000000000000000000000000000000000000000000000001
00000000000000000000000000000000000000010000000000000001000000000000000000000000
00000000000000000000000000000000000000010000000000000000000000020000000100000000
00000002000000010000000000000000000000000000000000000000000000000000000000000000
00000001000000000000000000000000000000000000000000000001000000000000000000000000
00000000000000000000000000000001000000010000000000000000000000000000000000000000
00000002000000000000000000000000000000000000000000000000000000000000000000000000
00000000000000000000000000000000000000000000000100000000000000000000000000000000
00000000000000010000000000000000000000000000000200000001000000000000000000000000
00000002000000000000000100000001000000020000000000000000000000000000000000000000
00000001000000000000000100000000000000000000000100000001000000000000000100000000
00000000000000000000000000000001000000000000000100000001000000000000000000000001
00000001000000000000000100000000000000000000000000000000000000010000000000000000
00000001000000000000000000000001000000000000000100000000000000010000000000000000
00000001000000010000000000000000000000000000000000000000000000000000000000000000
00000000000000020000000000000002000000010000000100000000000000000000000000000000
00000001000000000000000000000000000000000000000000000000000000020000000000000000
00000000000000000000000100000000000000010000000000000002000000000000000000000001
00000000000000000000000000000000000000010000000100000000000000000000000000000000
00000000000000000000000000000000000000010000000100000000000000010000000000000000
00000000000000010000000000000001000000000000000100000002000000000000000000000000
00000000000000000000000000000000000000000000000100000000000000000000000000000001
00000000000000000000000100000000000000010000000000000001000000010000000000000000
00000000000000000000000100000000000000010000000100000000000000000000000000000001
00000000000000000000000000000000000000000000000000000002000000000000000100000000
00000000000000010000000100000000000000010000000000000000000000000000000000000001
00000001000000000000000200000000000000000000000000000000000000010000000000000000
00000000000000000000000000000001000000000000000000000001000000000000000000000000
00000000000000010000000000000000000000010000000000000000000000010000000100000000
00000000000000000000000000000000000000020000000000000000000000000000000000000001
00000000000000000000000000000000000000000000000000000000000000000000000000000000
00000000000000020000000000000000000000000000000100000000000000010000000000000000
00000000000000000000000100000000000000010000000000000000000000010000000000000000
00000000000000000000000100000001000000000000000200000001000000010000000000000000
00000000000000000000000100000000000000000000000100000000000000000000000100000002
00000001000000000000000100000001000000010000000000000000000000000000000100000000
00000001000000010000000000000000000000000000000000000002000000000000000100000001
00000000000000000000000000000000000000000000000000000001000000000000000000000000
00000000000000000000000000000000000000000000000000000001000000000000000000000000
00000000000000010000000000000000000000000000000000000000000000000000000100000001
00000000000000000000000000000000000000010000000000000000000000000000000000000000
00000000000000010000000100000000000000000000000000000000000000000000000000000000
00000000000000010000000100000001000000000000000000000000000000010000000000000000
00000000000000010000000000000000000000000000000000000000000000000000000100000000
00000000000000010000000000000001000000000000000000000000000000000000000000000001
00000000000000000000000000000000000000000000000000000000000000000000000100000000
00000000000000000000000000000001000000000000000000000000000000000000000000000000
00000000000000000000000100000001000000000000000000000001000000000000000100000000
00000001000000010000000000000000000000000000000000000001000000000000000000000000
00000000000000000000000000000001000000000000000100000001000000010000000100000000
00000000000000000000000000000000000000000000000000000001000000000000000000000002
00000000000000000000000000000001000000000000000000000000000000000000000000000000
00000001000000000000000000000000000000000000000100000000000000000000000000000000
00000000000000000000000000000000000000000000000000000000000000020000000000000001
00000000000000000000000000000000000000000000000000000000000000000000000100000000
00000001000000000000000000000000000000000000000000000001000000010000000000000002
00000004000000000000000000000000000000000000000000000000000000000000000000000000
00000002000000000000000000000000000000000000000000000000000000000000000000000000
00000000000000000000000000000000000000000000000000000000000000000000000000000000
00000000000000000000000000000000000000000000000000000000000000000000000000000002
00000000000000000000000000000000000000010000000000000000000000000000000000000000
00000000000000000000000100000000000000010000000000000000000000000000000000000000
00000000000000000000000000000001000000000000000000000001000000000000000100000000
00000000000000000000000100000000000000000000000000000001000000000000000100000000
00000000000000000000000100000000000000000000000000000000000000000000000000000000
00000000000000000000000000000000000000000000000000000000000000000000000000000000
00000000000000000000000000000000000000000000000100000000000000000000000100000000
00000002000000000000000000000000000000010000000100000000000000010000000200000000
00000000000000000000000000000000000000000000000000000000000000000000000000000000
00000001000000000000000000000000000000000000000100000001000000010000000000000000
00000000000000000000000000000000000000000000000000000000000000000000000000000001
00000000000000000000000000000000000000000000000000000000000000000000000000000000
00000000000000000000000000000000000000010000000000000000000000000000000000000000
00000000000000000000000000000000000000000000000000000000000000000000000000000000
00000000000000010000000000000000000000000000000000000001000000000000000000000000
00000001000000020000000000000000000000010000000000000000000000000000000100000001
00000000000000020000000100000001000000000000000000000000000000000000000000000001
00000000000000000000000000000000000000000000000100000000000000000000000100000000
00000000000000000000000100000000000000000000000000000001000000000000000000000001
00000000000000000000000000000000000000010000000000000000000000000000000000000000
00000000000000000000000000000001000000000000000000000000000000000000000000000000
00000000000000000000000000000000000000000000000000000000000000000000000000000000
00000000000000000000000000000000000000000000000000000000000000000000000100000001
00000000000000000000000000000000000000010000000100000001000000000000000000000000
00000000000000010000000000000000000000000000000000000000000000010000000000000000
00000000000000010000000000000000000000000000000000000000000000000000000000000000
00000000000000000000000100000000000000000000000000000000000000000000000000000000
00000001000000010000000000000000000000010000000000000000000000000000000100000000
00000000000000000000000000000000000000000000000000000000000000020000000000000000
00000000000000010000000000000000000000000000000000000000000000000000000000000000
00000000000000000000000000000000000000000000000000000000000000000000000000000000
00000000000000000000000000000000000000000000000000000000000000000000000000000000
00000000000000000000000000000001000000000000000000000001000000000000000000000000
00000000000000000000000000000000000000000000000000000000000000010000000000000000
00000000000000000000000100000000000000000000000100000000000000000000000000000000
00000000000000010000000000000001000000000000000100000000000000010000000000000000
00000000000000000000000300000000000000000000000000000000000000000000000000000000
00000000000000000000000000000000000000000000000100000000000000000000000000000000
00000000000000000000000000000000000000000000000100000000000000000000000000000000
00000000000000000000000000000001000000000000000000000000000000000000000000000001
00000000000000000000000000000001000000000000000000000000000000000000000000000000
00000000000000000000000000000000000000010000000200000001000000000000000000000000
00000001000000000000000000000000000000000000000000000001000000000000000000000001
00000001000000000000000000000000000000010000000000000000000000010000000000000001
00000000000000000000000000000000000000000000000000000000000000000000000000000000
00000000000000000000000000000001000000010000000100000000000000000000000000000001
00000001000000000000000000000002000000000000000000000000000000000000000000000000
00000000000000010000000000000000000000000000000000000000000000000000000100000000
00000000000000000000000000000000000000010000000000000000000000010000000000000000
00000000000000000000000000000000000000000000000000000000000000000000000000000000
00000000000000000000000000000001000000000000000000000000000000000000000000000000
00000000000000000000000000000000000000000000000200000001000000000000000100000000
00000000000000000000000000000000000000000000000000000000000000000000000000000000
00000000000000000000000000000000000000000000000000000000000000000000000000000000
00000000000000000000000000000000000000000000000000000001000000000000000000000000
00000000000000000000000000000000000000000000000000000001000000000000000000000000
00000000000000000000000000000000000000010000000000000000000000000000000000000000
00000000000000000000000000000000000000000000000000000000000000000000000000000000
00000000000000000000000000000000000000000000000000000000000000000000000000000000
00000000000000000000000000000000000000000000000000000000000000000000000000000001
00000000000000000000000000000000000000000000000000000001000000000000000000000000
00000000000000000000000000000000000000000000000100000000000000000000000000000000
00000000000000000000000000000000000000000000000000000000000000000000000000000000
00000000000000000000000000000000000000000000000000000000000000010000000000000001
00000000000000000000000000000000000000000000000000000001000000000000000100000000
00000000000000010000000000000000000000000000000000000000000000000000000000000001
00000000000000000000000000000001000000000000000200000002000000010000000000000007
00000002000000030000000700000001000000050000000400000006000000090000000200000003
00000001000000040000000500000000000000020000000200000000000000000000000200000000
00000001000000010000000100000001000000010000000100000000000000010000000000000000
00000000000000000000000000000000000000000000000000000000000000000000000000000000
00000000000000000000000000000000000000000000000000000000000000000000000000000000
00000000000000000000000000000000000000000000000000000000000000000000000000000000
00000000000000000000000000000000000000000000000000000000000000000000000000000000
00000000000000000000000000000000000000000000000000000000000000000000000000000000
00000000000000000000000000000000000000000000000000000000000000000000000000000000
00000000000000000000000000000000000000000000000000000000000000000000000000000000
00000000000000000000000000000000000000000000000000000000000000000000000000000000
00000000000000000000000000000000000000000000000000000000000000000000000000000000
00000000000000000000000000000000000000000000000000000000000000000000000000000000
00000000000000000000000000000000000000000000000000000000000000000000000000000000
00000000000000000000000000000000000000000000000000000000000000000000000000000000
00000000000000000000000000000000000000000000000000000000000000000000000000000000
00000000000000000000000000000000000000000000000000000000000000000000000000000000
00000000000000000000000000000000000000000000000000000000000000000000000000000000
00000000000000000000000000000000000000000000000000000000000000000000000000000000
00000000000000000000000000000000000000000000000000000000000000000000000000000000
00000000000000000000000000000000000000000000000000000000000000000000000000000000
00000000000000000000000000000000000000000000000000000000000000000000000000000000
00000000000000000000000000000000000000000000000000000000000000000000000000000000
00000000000000000000000000000000000000000000000000000000000000000000000000000000
00000000000000000000000000000000000000000000000000000000000000000000000000000000
00000000000000000000000000000000000000000000000000000000000000000000000000000000
00000000000000000000000000000000000000000000000000000000000000000000000000000000
00000000000000000000000000000000000000000000000000000000000000000000000000000000
000000000000000000000000000000000000000000000000