 0000103 0000010 0000000 0004095 1040720 0173923
00000000000000000000000000000000000000000000000000000000000000000000000000000000
00000000000000000000000000000000000000000000000000000000000000000000000000000000
00000000000000000000000000000000000000000000000000000000000000000000000000000000
00000000000000000000000000000000000000000000000000000000000000000000000000000000
00000000000000000000000000000000000000000000000000000000000000000000000000000000
00000000000000000000000000000000000000000000000000000000000000000000000000000000
00000000000000000000000000000000000000000000000000000000000000000000000000000000
00000000000000000000000000000000000000000000000000000000000000000000000000000000
00000000000000000000000000000000000000000000000000000000000000000000000000000000
00000000000000000000000000000000000000000000000000000000000000000000000000000000
00000000000000000000000000000000000000000000000000000000000000000000000000000000
00000000000000000000000000000000000000000000000000000000000000000000000000000000
00000000000000000000000000000000000000000000000000000000000000000000000000000000
00000000000000000000000000000000000000000000000000000000000000000000000000000000
00000000000000000000000000000000000000000000000000000000000000000000000000000000
00000000000000000000000000000000000000000000000000000000000000000000000000000000
00000000000000000000000000000000000000000000000000000002000000010000000200000004
00000008000000100000000700000008000000110000001100000011000000070000001300000011
00000011000000100000001400000011000000120000001100000007000000140000001100000010
00000007000000160000001200000008000000060000000800000008000000100000000600000004
00000006000000100000001400000004000000200000001800000037000000480000008100000118
00000154000002200000032200000376000004890000057200000638000007110000077200000879
00000893000009090000086900000923000008920000086300000830000008860000082200000826
00000875000007600000074100000768000007930000073500000791000007280000070600000747
00000740000007530000073300000724000006700000068500000666000006690000069100000673
00000703000006800000065800000672000006320000065700000621000006100000063100000603
00000630000006090000057300000588000006000000056400000595000005710000057900000493
00000583000005150000053800000541000004980000051600000552000004910000050100000528
00000525000004740000052600000500000004890000047500000496000004320000045800000447
00000480000004570000040700000425000004390000042000000395000004260000043200000434
00000411000003950000041200000417000003810000041300000387000004420000039000000397
00000394000003640000037200000418000003440000043100000397000003830000037000000364
00000397000003800000038600000343000003450000038400000380000003290000036000000335
00000388000003430000036500000345000003290000035500000348000003630000037800000345
00000351000003360000032400000355000003430000034400000362000003240000033000000326
00000313000003280000034700000325000003230000035500000325000003490000030600000327
00000300000003210000029500000324000002970000032400000302000002940000033600000302
00000310000003010000031700000300000002730000026700000297000003000000029200000281
00000288000002900000027000000303000002660000025200000275000003190000027300000293
00000267000002660000032600000258000002970000028000000283000002550000030300000266
00000295000002800000025400000238000002990000030000000311000002870000027100000305
00000285000002620000026000000275000002850000025400000242000003020000028400000267
00000272000002610000028700000270000002660000028300000253000002590000027400000259
00000269000002600000025200000247000002420000024700000241000002570000027000000266
00000232000002400000024700000261000002710000022400000271000002430000026400000240
00000220000002670000022500000231000002670000024200000240000002170000023700000230
00000231000002430000024500000237000002330000024500000244000002250000025200000243
00000212000002420000022100000233000002260000021900000234000002020000023600000231
00000216000002210000020800000246000002190000020400000220000002160000020300000246
00000250000002550000020900000215000002220000023800000206000002360000023300000239
00000223000002100000018900000239000002150000023000000221000002170000023000000229
00000211000002310000020900000241000002190000019800000181000001980000022400000213
00000220000001970000020700000198000001920000020400000216000002230000020000000194
00000198000001740000019700000185000002380000018900000197000001950000020000000181
00000194000001970000018200000185000001910000018500000189000001860000017000000192
00000164000001730000016800000168000001850000018700000173000001610000017200000141
00000176000001610000016300000153000001680000016700000163000001470000015500000159
00000124000001480000015600000162000001720000015800000143000001540000014600000136
00000140000001740000015700000137000001420000013300000146000001530000012500000152
00000135000001400000014900000168000001490000012700000122000001360000016400000150
00000133000001450000015300000139000001490000012300000134000001320000014900000136
00000130000001400000013400000129000001270000013400000138000001260000013700000131
00000117000001130000013100000129000001120000012500000107000001190000011800000121
00000112000001100000011200000093000001080000009300000100000000910000010600000096
00000102000001090000009900000092000000810000009600000083000000850000007800000067
00000068000000780000008000000075000000790000006900000081000000810000007200000063
00000080000000630000007800000082000000560000006300000047000000660000006300000048
00000047000000620000004000000036000000400000005600000044000000490000003800000046
00000045000000410000003500000034000000290000003400000036000000340000001900000034
00000023000000270000003300000026000000190000002000000021000000260000002500000024
00000019000000190000002500000022000000250000001500000020000000180000001500000010
00000023000000160000001800000016000000160000001400000017000000160000001700000016
00000013000000170000001500000017000000150000001300000016000000120000000900000008
00000015000000100000001400000017000000170000001200000014000000100000001000000015
00000018000000060000001100000008000000140000001100000009000000120000001400000008
00000009000000150000000900000013000000030000001400000004000000090000001000000012
00000011000000090000001700000008000000090000001700000015000000110000001000000012
00000002000000090000000500000008000000090000000800000006000000110000001100000010
00000003000000110000001200000009000000090000000800000005000000080000001700000008
00000010000000090000000700000008000000020000000300000008000000070000000700000010
00000013000000060000000700000010000000090000001200000005000000080000000300000016
00000009000000050000000900000008000000060000000800000012000000110000000900000011
00000000000000090000000900000005000000030000001000000005000000050000000700000007
00000006000000120000001400000004000000090000000400000003000000090000000700000007
00000004000000070000000500000005000000050000001200000007000000060000000600000011
00000006000000070000000600000009000000050000000900000007000000060000000500000006
00000003000000050000000800000006000000060000000500000003000000050000000300000004
00000007000000030000000500000002000000070000000400000004000000020000000400000011
00000007000000050000000600000004000000060000000500000009000000050000000500000003
00000000000000090000000300000001000000040000000500000002000000030000000900000002
00000002000000030000000400000003000000040000000800000003000000020000000200000003
00000003000000060000000200000001000000050000000200000004000000010000000400000001
00000001000000040000000100000001000000000000000400000004000000020000000200000000
00000006000000050000000200000003000000070000000600000003000000010000000200000001
00000001000000020000000300000003000000030000000400000001000000040000000000000005
00000000000000020000000200000001000000060000000200000002000000020000000600000002
00000003000000010000000200000002000000020000000200000004000000010000000400000002
00000004000000000000000500000002000000030000000200000003000000040000000200000004
00000003000000030000000100000003000000020000000100000001000000020000000300000003
00000004000000030000000100000002000000030000000100000003000000040000000000000002
00000002000000010000000200000004000000010000000100000004000000000000000200000001
00000000000000010000000200000002000000030000000300000004000000020000000300000003
00000001000000030000000200000003000000020000000400000000000000010000000100000000
00000002000000020000000200000003000000020000000300000004000000000000000200000001
00000001000000030000000300000000000000020000000100000001000000030000000000000000
00000001000000010000000000000000000000010000000100000000000000010000000100000001
00000003000000000000000200000002000000000000000000000001000000000000000300000000
00000000000000000000000000000000000000010000000100000000000000020000000200000005
00000000000000000000000100000000000000010000000100000002000000010000000100000001
00000000000000020000000100000004000000000000000200000004000000010000000100000000
00000001000000000000000000000000000000020000000200000000000000040000000200000001
00000000000000000000000100000001000000000000000100000001000000000000000100000001
00000000000000000000000000000000000000000000000100000003000000010000000200000001
00000002000000020000000200000002000000020000000100000000000000030000000000000000
00000000000000000000000200000001000000000000000200000000000000020000000100000001
00000001000000020000000200000002000000010000000000000000000000010000000100000000
00000000000000000000000200000001000000000000000100000001000000000000000100000001
00000000000000010000000000000001000000010000000100000000000000000000000000000001
00000000000000010000000000000000000000020000000100000001000000010000000000000001
00000000000000020000000000000002000000010000000000000001000000010000000000000000
00000000000000000000000100000000000000000000000000000000000000000000000100000000
00000000000000000000000000000001000000010000000000000000000000020000000200000001
00000000000000010000000100000002000000010000000000000000000000020000000000000000
00000000000000000000000100000001000000000000000000000000000000010000000100000001
00000000000000000000000000000000000000000000000000000000000000000000000000000000
00000001000000000000000100000002000000010000000000000000000000020000000100000000
00000000000000020000000100000001000000000000000200000000000000000000000000000001
00000000000000010000000000000000000000000000000000000000000000010000000000000000
00000000000000010000000000000002000000010000000000000001000000010000000000000001
00000002000000000000000100000000000000000000000000000001000000000000000000000000
00000002000000010000000100000001000000010000000000000001000000020000000100000001
00000000000000000000000000000000000000010000000100000001000000010000000100000001
00000002000000010000000100000001000000000000000100000000000000010000000100000000
00000001000000020000000000000002000000010000000000000000000000010000000000000002
00000001000000010000000000000000000000000000000100000000000000010000000200000001
00000001000000010000000100000001000000000000000200000002000000020000000100000000
00000001000000000000000000000000000000010000000000000000000000010000000000000001
00000000000000000000000100000001000000010000000100000001000000000000000100000003
00000000000000000000000100000001000000000000000300000001000000000000000100000002
00000001000000000000000200000000000000000000000000000001000000020000000000000000
00000001000000000000000000000000000000020000000000000003000000030000000100000003
00000000000000010000000000000002000000000000000000000000000000000000000000000001
00000001000000000000000000000001000000000000000100000002000000010000000200000000
00000000000000000000000000000001000000000000000100000001000000000000000100000002
00000000000000010000000200000001000000000000000200000002000000010000000000000000
00000001000000020000000000000001000000010000000100000000000000010000000000000001
00000002000000030000000100000000000000010000000100000000000000010000000000000000
00000000000000010000000100000000000000030000000000000001000000000000000000000002
00000000000000000000000100000001000000010000000100000003000000010000000000000000
00000002000000000000000000000001000000030000000100000000000000010000000100000000
00000000000000000000000100000001000000000000000100000000000000000000000100000001
00000002000000000000000300000000000000000000000000000001000000010000000100000004
00000001000000000000000200000000000000000000000200000001000000020000000300000000
00000000000000000000000200000001000000010000000100000000000000000000000100000000
00000002000000020000000100000000000000000000000100000001000000010000000300000001
00000001000000000000000100000000000000000000000100000002000000000000000000000000
00000000000000000000000000000001000000010000000000000002000000000000000200000000
00000001000000020000000000000000000000000000000100000002000000020000000100000001
00000000000000020000000000000001000000000000000100000004000000010000000000000000
00000003000000010000000100000000000000010000000000000000000000000000000000000000
00000000000000000000000100000002000000000000000000000002000000020000000100000000
00000001000000000000000000000000000000000000000200000002000000010000000200000000
00000001000000020000000200000001000000010000000000000001000000000000000000000000
00000002000000010000000100000000000000020000000100000002000000000000000000000000
00000002000000010000000000000000000000000000000100000000000000000000000000000002
00000000000000030000000200000000000000010000000000000000000000010000000400000000
00000001000000020000000000000000000000010000000100000002000000020000000000000001
00000000000000000000000100000000000000010000000300000000000000030000000200000000
00000000000000010000000100000001000000010000000100000000000000030000000000000000
00000002000000010000000000000001000000010000000100000003000000020000000000000000
00000002000000000000000200000001000000010000000100000000000000000000000000000001
00000000000000010000000200000001000000000000000100000000000000000000000000000000
00000000000000010000000200000001000000000000000000000000000000000000000000000000
00000001000000020000000400000000000000010000000000000001000000010000000100000000
00000001000000020000000100000001000000000000000000000001000000000000000100000001
00000001000000000000000000000001000000000000000000000000000000010000000100000001
00000001000000000000000000000000000000000000000000000002000000010000000000000001
00000001000000000000000100000000000000000000000100000001000000010000000000000000
00000000000000010000000000000000000000010000000100000000000000000000000100000001
00000000000000010000000000000001000000010000000000000000000000000000000000000000
00000000000000020000000100000000000000020000000400000000000000000000000000000001
00000000000000000000000000000002000000000000000100000003000000000000000100000000
00000000000000020000000200000001000000010000000000000002000000010000000100000002
00000003000000010000000000000002000000000000000000000000000000010000000000000001
00000003000000010000000000000001000000000000000200000000000000010000000200000001
00000001000000000000000100000000000000010000000000000001000000000000000000000001
00000001000000000000000000000000000000000000000100000001000000020000000000000002
00000000000000020000000100000001000000000000000100000001000000000000000000000001
00000001000000030000000100000001000000000000000300000000000000000000000000000001
00000000000000000000000100000001000000000000000100000000000000010000000000000000
00000000000000020000000100000003000000000000000200000001000000020000000100000000
00000000000000000000000000000000000000020000000100000000000000000000000100000000
00000000000000010000000100000001000000020000000000000003000000010000000200000000
00000001000000010000000100000001000000000000000100000001000000010000000000000001
00000000000000000000000000000000000000010000000100000000000000020000000100000000
00000000000000010000000100000001000000000000000100000001000000000000000000000000
00000001000000000000000000000000000000020000000000000000000000000000000000000000
00000001000000000000000000000001000000000000000000000001000000000000000200000000
00000000000000020000000100000002000000000000000000000000000000000000000000000000
00000000000000010000000100000001000000010000000100000002000000010000000000000002
00000000000000000000000100000001000000020000000100000000000000000000000200000001
00000000000000010000000000000002000000010000000200000000000000000000000100000001
00000001000000010000000100000001000000010000000100000000000000000000000100000001
00000000000000010000000000000001000000020000000000000000000000000000000000000001
00000000000000010000000000000001000000000000000000000001000000000000000000000000
00000000000000010000000000000000000000000000000000000003000000000000000100000002
00000002000000010000000000000001000000000000000100000000000000010000000000000001
00000000000000000000000000000001000000000000000000000000000000000000000100000000
00000000000000000000000000000000000000010000000000000001000000000000000000000000
00000000000000010000000000000000000000000000000100000002000000010000000000000002
00000000000000000000000000000001000000010000000100000000000000020000000000000000
00000000000000010000000000000001000000000000000000000001000000000000000200000001
00000000000000020000000000000001000000000000000000000002000000000000000000000000
00000001000000000000000000000001000000000000000000000000000000000000000000000000
00000000000000000000000000000000000000010000000000000001000000010000000000000000
00000000000000000000000200000000000000000000000100000000000000010000000100000001
00000000000000010000000000000002000000020000000000000001000000000000000000000000
00000000000000000000000000000001000000000000000000000000000000010000000000000001
00000001000000010000000000000002000000000000000000000002000000010000000100000000
00000000000000000000000100000000000000000000000000000000000000000000000000000000
00000000000000010000000100000000000000010000000000000001000000000000000000000000
00000001000000000000000000000000000000000000000000000001000000000000000000000000
00000002000000000000000000000001000000000000000000000000000000010000000100000000
00000000000000000000000100000002000000010000000100000000000000000000000100000000
00000000000000010000000000000001000000010000000000000000000000010000000100000000
00000000000000000000000000000000000000030000000000000000000000000000000000000000
00000000000000000000000000000000000000010000000000000000000000000000000000000001
00000000000000020000000000000001000000010000000100000001000000010000000000000000
00000000000000010000000000000000000000000000000100000001000000000000000000000000
00000001000000000000000000000000000000000000000000000001000000000000000100000001
00000000000000010000000100000000000000000000000100000001000000000000000100000000
00000000000000000000000100000000000000000000000100000001000000010000000000000001
00000000000000000000000100000002000000000000000100000000000000000000000000000000
00000000000000010000000000000000000000000000000000000001000000020000000100000000
00000001000000000000000000000000000000010000000100000000000000000000000100000001
00000000000000000000000100000001000000010000000000000000000000000000000000000000
00000000000000000000000000000000000000000000000000000001000000000000000000000001
00000000000000000000000100000000000000010000000000000000000000010000000000000000
00000000000000000000000000000000000000020000000000000000000000000000000100000001
00000000000000010000000000000000000000000000000200000002000000000000000000000000
00000000000000010000000000000000000000000000000000000000000000000000000000000002
00000000000000000000000000000001000000000000000000000000000000030000000000000001
00000000000000000000000000000000000000000000000100000001000000020000000000000001
00000000000000010000000000000000000000000000000000000001000000000000000000000001
00000001000000000000000000000000000000000000000000000001000000000000000000000000
00000000000000000000000000000001000000000000000000000000000000010000000000000000
00000000000000000000000100000001000000000000000000000001000000020000000000000000
00000001000000010000000000000001000000000000000000000001000000000000000100000001
00000001000000000000000000000000000000000000000000000000000000020000000100000000
00000000000000000000000000000000000000000000000000000000000000000000000000000001
00000000000000000000000200000000000000000000000000000001000000020000000000000002
00000000000000000000000000000001000000000000000000000001000000000000000300000000
00000000000000010000000000000000000000000000000100000000000000000000000000000000
00000000000000010000000000000000000000000000000100000000000000000000000000000000
00000000000000000000000000000000000000010000000000000001000000000000000200000000
00000000000000000000000000000000000000010000000000000001000000000000000000000000
00000000000000000000000100000001000000010000000000000000000000000000000000000000
00000000000000000000000000000000000000010000000000000000000000000000000000000000
00000001000000000000000000000001000000000000000100000000000000000000000000000001
00000000000000000000000000000000000000000000000000000000000000000000000000000000
00000000000000000000000100000000000000000000000000000000000000000000000000000000
00000000000000010000000000000000000000000000000000000000000000010000000000000000
00000000000000000000000000000000000000000000000100000000000000000000000000000000
00000000000000000000000000000000000000020000000100000000000000010000000000000000
00000001000000010000000000000002000000010000000100000000000000010000000100000000
00000000000000020000000100000000000000010000000000000000000000000000000000000000
00000000000000020000000000000000000000000000000000000001000000000000000100000001
00000000000000000000000200000001000000000000000000000000000000000000000000000000
00000000000000000000000000000000000000000000000000000000000000000000000000000001
00000000000000000000000000000000000000000000000100000000000000000000000000000000
00000000000000000000000000000001000000000000000100000001000000010000000000000000
00000000000000000000000000000000000000000000000100000000000000000000000000000000
00000001000000000000000000000000000000000000000000000000000000000000000000000000
00000000000000010000000000000001000000000000000100000001000000010000000000000000
00000000000000010000000000000000000000000000000100000000000000010000000000000000
00000000000000000000000000000000000000020000000000000001000000000000000000000000
00000000000000010000000100000000000000000000000100000000000000000000000000000000
00000001000000020000000000000000000000000000000000000000000000000000000000000001
00000000000000010000000100000000000000000000000100000001000000000000000000000000
00000000000000000000000000000000000000000000000100000001000000010000000200000000
00000000000000000000000000000000000000000000000000000000000000000000000000000000
00000001000000000000000000000000000000010000000000000000000000010000000000000000
00000000000000010000000000000000000000000000000100000000000000000000000000000000
00000000000000000000000000000000000000000000000000000000000000000000000100000001
00000001000000000000000000000000000000000000000000000001000000000000000000000000
00000000000000000000000100000000000000000000000100000000000000010000000000000000
00000000000000000000000000000000000000000000000100000002000000000000000100000000
00000000000000000000000000000000000000000000000000000000000000010000000000000001
00000000000000010000000000000001000000000000000000000001000000000000000100000001
00000000000000000000000000000000000000000000000000000000000000000000000100000000
00000000000000020000000000000001000000000000000000000000000000000000000200000001
00000001000000010000000100000000000000000000000100000000000000000000000100000000
00000000000000010000000000000000000000000000000000000000000000000000000100000001
00000000000000000000000100000000000000000000000000000001000000000000000000000000
00000000000000010000000000000000000000000000000000000000000000000000000000000000
00000002000000000000000100000000000000010000000000000000000000000000000000000000
00000000000000000000000100000000000000000000000000000000000000010000000000000000
00000000000000000000000000000000000000000000000000000003000000000000000000000001
00000000000000010000000000000000000000010000000000000000000000000000000000000000
00000000000000000000000000000000000000010000000000000001000000010000000100000000
00000001000000000000000000000000000000000000000000000000000000000000000200000000
00000000000000000000000000000001000000000000000000000000000000010000000000000000
00000001000000000000000000000000000000000000000000000000000000010000000000000000
00000002000000000000000100000000000000010000000100000000000000000000000000000000
00000001000000000000000000000000000000010000000000000000000000000000000000000000
00000001000000010000000000000000000000010000000000000001000000010000000000000000
00000001000000000000000000000000000000000000000000000001000000000000000100000000
00000001000000010000000000000000000000000000000000000000000000010000000000000000
00000000000000010000000000000000000000010000000000000000000000010000000000000000
00000000000000000000000000000001000000000000000000000000000000000000000000000000
00000000000000000000000000000000000000010000000000000000000000000000000000000000
00000000000000010000000000000000000000010000000000000001000000000000000000000000
00000000000000000000000000000000000000000000000100000000000000000000000000000001
00000000000000000000000100000001000000000000000000000000000000000000000100000000
00000000000000000000000000000000000000000000000000000000000000000000000000000000
00000001000000000000000000000000000000000000000000000001000000000000000000000000
00000000000000000000000000000000000000000000000000000000000000000000000000000000
00000000000000000000000000000000000000000000000000000000000000000000000000000000
00000000000000000000000000000000000000000000000000000000000000000000000000000001
00000000000000000000000100000000000000000000000000000000000000000000000000000000
00000000000000000000000100000000000000000000000000000001000000000000000000000000
00000001000000000000000000000000000000000000000100000000000000000000000000000001
00000000000000000000000000000000000000000000000000000000000000000000000000000000
00000000000000010000000000000000000000000000000000000000000000000000000000000000
00000000000000000000000000000000000000000000000000000000000000000000000100000000
00000001000000010000000000000000000000010000000000000000000000000000000000000001
00000000000000000000000000000000000000000000000000000000000000000000000000000000
00000000000000000000000000000000000000000000000000000000000000000000000000000000
00000000000000000000000000000000000000000000000000000000000000000000000000000000
00000001000000000000000000000000000000000000000100000000000000000000000000000000
00000000000000000000000100000001000000000000000000000000000000000000000000000000
00000000000000000000000000000000000000000000000000000000000000000000000000000000
00000000000000000000000000000000000000000000000000000000000000000000000000000000
00000000000000000000000000000000000000000000000000000000000000000000000000000000
00000000000000000000000000000000000000000000000000000000000000010000000100000000
00000000000000000000000000000000000000010000000100000000000000000000000000000000
00000000000000000000000000000000000000020000000000000000000000000000000200000000
00000000000000000000000000000001000000000000000000000000000000000000000000000001
00000000000000010000000000000000000000000000000000000000000000000000000000000000
00000000000000000000000100000000000000000000000000000000000000000000000000000000
00000000000000010000000000000000000000000000000000000000000000000000000000000000
00000000000000000000000100000000000000000000000000000000000000000000000000000000
00000000000000000000000000000000000000000000000000000001000000000000000000000001
00000000000000000000000000000000000000000000000000000000000000000000000000000000
00000000000000000000000000000000000000000000000000000000000000000000000000000000
00000000000000000000000000000000000000000000000000000000000000000000000000000000
00000000000000000000000000000000000000000000000000000000000000010000000100000000
00000000000000000000000000000000000000000000000000000000000000000000000000000000
00000000000000000000000000000000000000000000000000000000000000000000000000000000
00000000000000000000000000000000000000000000000000000000000000000000000000000000
00000000000000010000000000000000000000000000000000000000000000000000000000000000
00000000000000000000000000000000000000000000000000000000000000000000000000000000
00000000000000010000000000000001000000000000000000000000000000000000000000000000
00000000000000000000000000000000000000010000000000000000000000000000000000000000
00000000000000000000000000000000000000010000000000000000000000000000000000000000
00000000000000000000000000000000000000000000000000000000000000000000000000000000
00000000000000000000000000000000000000000000000000000000000000000000000000000000
00000000000000000000000000000000000000000000000000000000000000000000000000000000
00000000000000000000000000000001000000000000000000000000000000000000000100000000
00000000000000000000000000000000000000000000000000000000000000000000000000000000
00000000000000010000000000000001000000000000000100000000000000010000000000000000
00000000000000000000000000000000000000010000000100000000000000000000000000000000
00000000000000000000000000000000000000000000000000000000000000000000000000000000
00000001000000000000000000000000000000010000000100000000000000000000000000000001
00000000000000000000000000000000000000000000000000000000000000000000000000000000
00000000000000000000000000000000000000000000000100000001000000000000000100000000
00000000000000000000000000000000000000000000000000000000000000000000000000000001
00000000000000000000000100000000000000000000000000000000000000000000000000000000
00000000000000000000000000000000000000000000000100000000000000000000000000000000
00000000000000000000000100000000000000000000000000000000000000000000000100000000
00000001000000000000000000000000000000000000000000000000000000000000000000000001
00000001000000000000000000000000000000000000000000000000000000000000000000000000
00000000000000010000000000000000000000000000000100000000000000000000000100000000
00000000000000000000000000000000000000000000000000000000000000000000000100000000
00000000000000000000000000000000000000000000000100000001000000000000000100000000
00000000000000010000000000000000000000000000000100000001000000000000000100000002
00000001000000000000000000000001000000000000000100000000000000010000000300000001
00000002000000040000000100000003000000050000000400000002000000030000000300000004
00000003000000010000000100000001000000040000000300000001000000010000000100000000
00000000000000020000000100000000000000010000000100000000000000000000000000000000
00000000000000000000000000000000000000000000000000000000000000000000000000000000
00000000000000000000000000000000000000000000000000000000000000000000000000000000
00000000000000000000000000000000000000000000000000000000000000000000000000000001
00000001000000000000000000000000000000000000000000000000000000000000000000000000
00000000000000000000000000000000000000000000000000000000000000000000000000000000
00000000000000000000000000000000000000000000000000000000000000000000000000000000
00000000000000000000000000000000000000000000000000000000000000000000000000000000
00000000000000000000000000000000000000000000000000000000000000000000000000000000
00000000000000000000000000000000000000000000000000000000000000000000000000000000
00000000000000000000000000000000000000000000000000000000000000000000000000000000
00000000000000000000000000000000000000000000000000000000000000000000000000000000
00000000000000000000000000000000000000000000000000000000000000000000000000000000
00000000000000000000000000000000000000000000000000000000000000000000000000000000
00000000000000000000000000000000000000000000000000000000000000000000000000000000
00000000000000000000000000000000000000000000000000000000000000000000000000000000
00000000000000000000000000000000000000000000000000000000000000000000000000000000
00000000000000000000000000000000000000000000000000000000000000000000000000000000
00000000000000000000000000000000000000000000000000000000000000000000000000000000
00000000000000000000000000000000000000000000000000000000000000000000000000000000
00000000000000000000000000000000000000000000000000000000000000000000000000000000
00000000000000000000000000000000000000000000000000000000000000000000000000000000
00000000000000000000000000000000000000000000000000000000000000000000000000000000
00000000000000000000000000000000000000000000000000000000000000000000000000000000
00000000000000000000000000000000000000000000000000000000000000000000000000000000
00000000000000000000000000000000000000000000000000000000000000000000000000000000
00000000000000000000000000000000000000000000000000000000000000000000000000000000
00000000000000000000000000000000000000000000000000000000000000000000000000000000
00000000000000000000000000000000000000000000000000000000000000000000000000000000
00000000000000000000000000000000000000000000000000000000000000000000000000000000
000000000000000000000000000000000000000000000000